[
  [
    {
      "l_area": 1.0,
      "mode_com": "range",
      "p_com": 1.0,
      "p_com_keep": 0.8,
      "coords_bs": [
        0.0,
        0.0
      ],
      "n": 10,
      "r_com": 0.3,
      "n_sl": 5,
      "gm": [
        [
          0.0,
          0.2714152319303022,
          0.2669432574296036,
          0.647614136443981,
          0.03178145970248931,
          0.3816331888959792,
          0.346551856569984,
          0.4823802461653625,
          0.6407150943222545,
          0.7195452598286267
        ],
        [
          0.2714152319303022,
          0.0,
          0.21687054797104388,
          0.3996170904304269,
          0.2607272951826174,
          0.21197768473209677,
          0.18461012969419902,
          0.316988341206023,
          0.38756146385328455,
          0.5219343206373278
        ],
        [
          0.2669432574296036,
          0.21687054797104388,
          0.0,
          0.4338952043770698,
          0.2372542535672798,
          0.1411990264428974,
          0.39670350554924905,
          0.5333799557483557,
          0.4352887176111298,
          0.735186992018238
        ],
        [
          0.647614136443981,
          0.3996170904304269,
          0.4338952043770698,
          0.0,
          0.6270737926586599,
          0.2929112858514442,
          0.5034627452036354,
          0.5556623061871184,
          0.026695426142394372,
          0.6212866057051725
        ],
        [
          0.03178145970248931,
          0.2607272951826174,
          0.2372542535672798,
          0.6270737926586599,
          0.0,
          0.3558900350059948,
          0.35295999691234353,
          0.4917342333372922,
          0.6211830268284139,
          0.7270329072871996
        ],
        [
          0.3816331888959792,
          0.21197768473209677,
          0.1411990264428974,
          0.2929112858514442,
          0.3558900350059948,
          0.0,
          0.3901828393614874,
          0.5074472771444737,
          0.2952758588399153,
          0.6759774876454983
        ],
        [
          0.346551856569984,
          0.18461012969419902,
          0.39670350554924905,
          0.5034627452036354,
          0.35295999691234353,
          0.3901828393614874,
          0.0,
          0.14295950811964142,
          0.483902320840159,
          0.3741206304597818
        ],
        [
          0.4823802461653625,
          0.316988341206023,
          0.5333799557483557,
          0.5556623061871184,
          0.4917342333372922,
          0.5074472771444737,
          0.14295950811964142,
          0.0,
          0.5321002402553762,
          0.23905914822059735
        ],
        [
          0.6407150943222545,
          0.38756146385328455,
          0.4352887176111298,
          0.026695426142394372,
          0.6211830268284139,
          0.2952758588399153,
          0.483902320840159,
          0.5321002402553762,
          0.0,
          0.5946899590812303
        ],
        [
          0.7195452598286267,
          0.5219343206373278,
          0.735186992018238,
          0.6212866057051725,
          0.7270329072871996,
          0.6759774876454983,
          0.3741206304597818,
          0.23905914822059735,
          0.5946899590812303,
          0.0
        ]
      ],
      "gc": [
        [
          true,
          true,
          true,
          false,
          true,
          false,
          false,
          false,
          false,
          false
        ],
        [
          true,
          true,
          true,
          false,
          false,
          false,
          false,
          false,
          false,
          false
        ],
        [
          true,
          true,
          true,
          false,
          false,
          false,
          false,
          false,
          false,
          false
        ],
        [
          false,
          false,
          false,
          true,
          false,
          true,
          false,
          false,
          true,
          false
        ],
        [
          true,
          false,
          false,
          false,
          true,
          false,
          false,
          false,
          false,
          false
        ],
        [
          false,
          false,
          false,
          true,
          false,
          true,
          false,
          false,
          true,
          false
        ],
        [
          false,
          false,
          false,
          false,
          false,
          false,
          true,
          true,
          false,
          false
        ],
        [
          false,
          false,
          false,
          false,
          false,
          false,
          true,
          true,
          false,
          true
        ],
        [
          false,
          false,
          false,
          true,
          false,
          true,
          false,
          false,
          true,
          false
        ],
        [
          false,
          false,
          false,
          false,
          false,
          false,
          false,
          true,
          false,
          true
        ]
      ],
      "vs": [
        true,
        true,
        true,
        true,
        true,
        false,
        false,
        false,
        false,
        false
      ],
      "b": 9,
      "xys": [
        [
          0.1569918378916666,
          0.7022100424924458
        ],
        [
          0.2614782663912485,
          0.45171290801146713
        ],
        [
          0.4080652648079488,
          0.6115412111133994
        ],
        [
          0.5830806040810625,
          0.21450887061638646
        ],
        [
          0.1887731000040771,
          0.7020979739276624
        ],
        [
          0.4708176698401422,
          0.4850528688399014
        ],
        [
          0.10115438881933891,
          0.3601861126670636
        ],
        [
          0.027891105906588498,
          0.23742654139599684
        ],
        [
          0.5588905679931336,
          0.2032178152631996
        ],
        [
          0.0,
          0.0
        ]
      ],
      "__rnd_id__": 0,
      "__scn_id__": 0
    },
    {
      "l_area": 1.0,
      "mode_com": "range",
      "p_com": 1.0,
      "p_com_keep": 0.8,
      "coords_bs": [
        0.0,
        0.0
      ],
      "n": 10,
      "r_com": 0.3,
      "n_sl": 5,
      "gm": [
        [
          0.0,
          0.9688463569101,
          0.4402088303141132,
          0.8355339328004516,
          0.3913296855538026,
          0.32368690046215687,
          0.5199507327505836,
          0.44427718494920443,
          0.6434140620644929,
          1.1582493355634988
        ],
        [
          0.9688463569101,
          0.0,
          0.7550073805574563,
          0.23104686194966884,
          0.6942478383512525,
          0.6464541941409948,
          0.44915713574397437,
          0.6408749780837151,
          0.3951213258501038,
          0.18940782525501565
        ],
        [
          0.4402088303141132,
          0.7550073805574563,
          0.0,
          0.5497130537688351,
          0.5640783379556206,
          0.3090687060689629,
          0.39362798169257207,
          0.5764314481126833,
          0.6074250526746185,
          0.9284323983539893
        ],
        [
          0.8355339328004516,
          0.23104686194966884,
          0.5497130537688351,
          0.0,
          0.6465129543110819,
          0.5167802470144699,
          0.33910030115129547,
          0.6059255779827348,
          0.407331017198055,
          0.3823642861232338
        ],
        [
          0.3913296855538026,
          0.6942478383512525,
          0.5640783379556206,
          0.6465129543110819,
          0.0,
          0.25632855929750314,
          0.318610455952356,
          0.05998587093872639,
          0.307185063618553,
          0.8754038540615198
        ],
        [
          0.32368690046215687,
          0.6464541941409948,
          0.3090687060689629,
          0.5167802470144699,
          0.25632855929750314,
          0.0,
          0.19739522620611555,
          0.26791620451068726,
          0.35861901942862656,
          0.8357178377544815
        ],
        [
          0.5199507327505836,
          0.44915713574397437,
          0.39362798169257207,
          0.33910030115129547,
          0.318610455952356,
          0.19739522620611555,
          0.0,
          0.28971442539792513,
          0.21540690227602388,
          0.6384932197885871
        ],
        [
          0.44427718494920443,
          0.6408749780837151,
          0.5764314481126833,
          0.6059255779827348,
          0.05998587093872639,
          0.26791620451068726,
          0.28971442539792513,
          0.0,
          0.2501208230719279,
          0.8200686669175021
        ],
        [
          0.6434140620644929,
          0.3951213258501038,
          0.6074250526746185,
          0.407331017198055,
          0.307185063618553,
          0.35861901942862656,
          0.21540690227602388,
          0.2501208230719279,
          0.0,
          0.5706342588906465
        ],
        [
          1.1582493355634988,
          0.18940782525501565,
          0.9284323983539893,
          0.3823642861232338,
          0.8754038540615198,
          0.8357178377544815,
          0.6384932197885871,
          0.8200686669175021,
          0.5706342588906465,
          0.0
        ]
      ],
      "gc": [
        [
          true,
          false,
          false,
          false,
          false,
          false,
          false,
          false,
          false,
          false
        ],
        [
          false,
          true,
          false,
          true,
          false,
          false,
          false,
          false,
          false,
          true
        ],
        [
          false,
          false,
          true,
          false,
          false,
          false,
          false,
          false,
          false,
          false
        ],
        [
          false,
          true,
          false,
          true,
          false,
          false,
          false,
          false,
          false,
          false
        ],
        [
          false,
          false,
          false,
          false,
          true,
          true,
          false,
          true,
          false,
          false
        ],
        [
          false,
          false,
          false,
          false,
          true,
          true,
          true,
          true,
          false,
          false
        ],
        [
          false,
          false,
          false,
          false,
          false,
          true,
          true,
          false,
          true,
          false
        ],
        [
          false,
          false,
          false,
          false,
          true,
          true,
          false,
          true,
          true,
          false
        ],
        [
          false,
          false,
          false,
          false,
          false,
          false,
          true,
          true,
          true,
          false
        ],
        [
          false,
          true,
          false,
          false,
          false,
          false,
          false,
          false,
          false,
          true
        ]
      ],
      "vs": [
        true,
        true,
        true,
        true,
        true,
        false,
        false,
        false,
        false,
        false
      ],
      "b": 9,
      "xys": [
        [
          0.9845156775435526,
          0.6101396594258124
        ],
        [
          0.16164662233922833,
          0.09872028035896896
        ],
        [
          0.5632935501263431,
          0.7380291963732882
        ],
        [
          0.1984864465150291,
          0.326811226631471
        ],
        [
          0.839988844433589,
          0.2464764673004025
        ],
        [
          0.6978632855432987,
          0.4597946705125433
        ],
        [
          0.5370837168619261,
          0.34527477868760603
        ],
        [
          0.7929087871800384,
          0.20930426099945854
        ],
        [
          0.5554753545501175,
          0.1306544599586963
        ],
        [
          0.0,
          0.0
        ]
      ],
      "__rnd_id__": 1,
      "__scn_id__": 0
    },
    {
      "l_area": 1.0,
      "mode_com": "range",
      "p_com": 1.0,
      "p_com_keep": 0.8,
      "coords_bs": [
        0.0,
        0.0
      ],
      "n": 10,
      "r_com": 0.3,
      "n_sl": 5,
      "gm": [
        [
          0.0,
          0.5656800079952347,
          0.40073249703302094,
          0.7946035924871021,
          0.7401173778397199,
          0.25105059868712704,
          0.40370265479044587,
          0.3364460068166509,
          0.6574236803444085,
          0.9522217189911943
        ],
        [
          0.5656800079952347,
          0.0,
          0.19982289510389278,
          0.3548496302020764,
          0.2704705654248215,
          0.7232269518326873,
          0.7348240047574736,
          0.7002008321887445,
          0.3516600347733854,
          0.5722510693075262
        ],
        [
          0.40073249703302094,
          0.19982289510389278,
          0.0,
          0.40532598688098354,
          0.34240719943319214,
          0.601007431034591,
          0.6620574740276476,
          0.5003799342324599,
          0.30619753309728437,
          0.73960055057847
        ],
        [
          0.7946035924871021,
          0.3548496302020764,
          0.40532598688098354,
          0.0,
          0.08575964247545247,
          1.006239328922173,
          1.0582981910685412,
          0.7802954776970634,
          0.17791887146267374,
          0.8416000601984905
        ],
        [
          0.7401173778397199,
          0.2704705654248215,
          0.34240719943319214,
          0.08575964247545247,
          0.0,
          0.9416087584557745,
          0.9841195649341767,
          0.7593280756231284,
          0.18841473249085275,
          0.7633860105093795
        ],
        [
          0.25105059868712704,
          0.7232269518326873,
          0.601007431034591,
          1.006239328922173,
          0.9416087584557745,
          0.0,
          0.1963645704329604,
          0.5559117205465242,
          0.8867445556481943,
          0.968225213365227
        ],
        [
          0.40370265479044587,
          0.7348240047574736,
          0.6620574740276476,
          1.0582981910685412,
          0.9841195649341767,
          0.1963645704329604,
          0.0,
          0.733186988833387,
          0.965792052308679,
          0.8542385277821597
        ],
        [
          0.3364460068166509,
          0.7002008321887445,
          0.5003799342324599,
          0.7802954776970634,
          0.7593280756231284,
          0.5559117205465242,
          0.733186988833387,
          0.0,
          0.6063134967792281,
          1.2037401736066247
        ],
        [
          0.6574236803444085,
          0.3516600347733854,
          0.30619753309728437,
          0.17791887146267374,
          0.18841473249085275,
          0.8867445556481943,
          0.965792052308679,
          0.6063134967792281,
          0.0,
          0.9079749291757139
        ],
        [
          0.9522217189911943,
          0.5722510693075262,
          0.73960055057847,
          0.8416000601984905,
          0.7633860105093795,
          0.968225213365227,
          0.8542385277821597,
          1.2037401736066247,
          0.9079749291757139,
          0.0
        ]
      ],
      "gc": [
        [
          true,
          false,
          false,
          false,
          false,
          true,
          false,
          false,
          false,
          false
        ],
        [
          false,
          true,
          true,
          false,
          true,
          false,
          false,
          false,
          false,
          false
        ],
        [
          false,
          true,
          true,
          false,
          false,
          false,
          false,
          false,
          false,
          false
        ],
        [
          false,
          false,
          false,
          true,
          true,
          false,
          false,
          false,
          true,
          false
        ],
        [
          false,
          true,
          false,
          true,
          true,
          false,
          false,
          false,
          true,
          false
        ],
        [
          true,
          false,
          false,
          false,
          false,
          true,
          true,
          false,
          false,
          false
        ],
        [
          false,
          false,
          false,
          false,
          false,
          true,
          true,
          false,
          false,
          false
        ],
        [
          false,
          false,
          false,
          false,
          false,
          false,
          false,
          true,
          false,
          false
        ],
        [
          false,
          false,
          false,
          true,
          true,
          false,
          false,
          false,
          true,
          false
        ],
        [
          false,
          false,
          false,
          false,
          false,
          false,
          false,
          false,
          false,
          true
        ]
      ],
      "vs": [
        true,
        true,
        true,
        true,
        true,
        false,
        false,
        false,
        false,
        false
      ],
      "b": 9,
      "xys": [
        [
          0.764892401260929,
          0.5671559015048994
        ],
        [
          0.20006333278216137,
          0.5361398597378313
        ],
        [
          0.37082181123367863,
          0.6399219942534793
        ],
        [
          0.019108045487544745,
          0.8413831136430947
        ],
        [
          0.050799482961645825,
          0.7616939106834555
        ],
        [
          0.9004594082564704,
          0.3558551922883051
        ],
        [
          0.8371573132853024,
          0.1699738072773732
        ],
        [
          0.7970405928775207,
          0.9020624694886473
        ],
        [
          0.1908976944953219,
          0.8876804279964797
        ],
        [
          0.0,
          0.0
        ]
      ],
      "__rnd_id__": 2,
      "__scn_id__": 0
    },
    {
      "l_area": 1.0,
      "mode_com": "range",
      "p_com": 1.0,
      "p_com_keep": 0.8,
      "coords_bs": [
        0.0,
        0.0
      ],
      "n": 10,
      "r_com": 0.3,
      "n_sl": 5,
      "gm": [
        [
          0.0,
          1.0173058995766158,
          0.30032899981726924,
          0.031112473568884823,
          0.8453483803204028,
          0.8867579306725267,
          0.33348760362832,
          0.38535968577348534,
          0.30570579191546604,
          0.9017944325141428
        ],
        [
          1.0173058995766158,
          0.0,
          0.7455934799725744,
          1.044393332096182,
          0.23752750229200398,
          0.2973243574974484,
          0.7319155512083586,
          0.8115239111662426,
          0.7993743583101633,
          0.8475903153484475
        ],
        [
          0.30032899981726924,
          0.7455934799725744,
          0.0,
          0.3311267642373798,
          0.5538075790606142,
          0.6737598169070459,
          0.25565039028387454,
          0.1783864298001321,
          0.30050437545726466,
          0.8648691851128473
        ],
        [
          0.031112473568884823,
          1.044393332096182,
          0.3311267642373798,
          0.0,
          0.8746922573519226,
          0.9086215377017692,
          0.3519238733226887,
          0.4150477402761979,
          0.318663656308879,
          0.9067060421578765
        ],
        [
          0.8453483803204028,
          0.23752750229200398,
          0.5538075790606142,
          0.8746922573519226,
          0.0,
          0.3961921461283662,
          0.6081380712439495,
          0.5904288495135147,
          0.6811160696918251,
          0.9028714308011402
        ],
        [
          0.8867579306725267,
          0.2973243574974484,
          0.6737598169070459,
          0.9086215377017692,
          0.3961921461283662,
          0.0,
          0.5608914986234352,
          0.7980149144071319,
          0.6139316148910097,
          0.5503125714738321
        ],
        [
          0.33348760362832,
          0.7319155512083586,
          0.25565039028387454,
          0.3519238733226887,
          0.6081380712439495,
          0.5608914986234352,
          0.0,
          0.43393887811469,
          0.07346074074623261,
          0.6199495170067126
        ],
        [
          0.38535968577348534,
          0.8115239111662426,
          0.1783864298001321,
          0.4150477402761979,
          0.5904288495135147,
          0.7980149144071319,
          0.43393887811469,
          0.0,
          0.4753009491078813,
          1.040254032567196
        ],
        [
          0.30570579191546604,
          0.7993743583101633,
          0.30050437545726466,
          0.318663656308879,
          0.6811160696918251,
          0.6139316148910097,
          0.07346074074623261,
          0.4753009491078813,
          0.0,
          0.6094443246889295
        ],
        [
          0.9017944325141428,
          0.8475903153484475,
          0.8648691851128473,
          0.9067060421578765,
          0.9028714308011402,
          0.5503125714738321,
          0.6199495170067126,
          1.040254032567196,
          0.6094443246889295,
          0.0
        ]
      ],
      "gc": [
        [
          true,
          false,
          false,
          true,
          false,
          false,
          false,
          false,
          false,
          false
        ],
        [
          false,
          true,
          false,
          false,
          false,
          false,
          false,
          false,
          false,
          false
        ],
        [
          false,
          false,
          true,
          false,
          false,
          false,
          true,
          false,
          false,
          false
        ],
        [
          true,
          false,
          false,
          true,
          false,
          false,
          false,
          false,
          false,
          false
        ],
        [
          false,
          false,
          false,
          false,
          true,
          false,
          false,
          false,
          false,
          false
        ],
        [
          false,
          false,
          false,
          false,
          false,
          true,
          false,
          false,
          false,
          false
        ],
        [
          false,
          false,
          true,
          false,
          false,
          false,
          true,
          false,
          false,
          false
        ],
        [
          false,
          false,
          false,
          false,
          false,
          false,
          false,
          true,
          false,
          false
        ],
        [
          false,
          false,
          false,
          false,
          false,
          false,
          false,
          false,
          true,
          false
        ],
        [
          false,
          false,
          false,
          false,
          false,
          false,
          false,
          false,
          false,
          true
        ]
      ],
      "vs": [
        true,
        true,
        true,
        true,
        true,
        false,
        false,
        false,
        false,
        false
      ],
      "b": 9,
      "xys": [
        [
          0.8591339127891419,
          0.2740841447605533
        ],
        [
          0.01875310113923845,
          0.847382831942058
        ],
        [
          0.6895905674902916,
          0.5219804178186938
        ],
        [
          0.8726761478050836,
          0.2460735417262101
        ],
        [
          0.25555382299391805,
          0.865949804613461
        ],
        [
          0.016416445953274628,
          0.5500676564063777
        ],
        [
          0.529234726439395,
          0.3228746009946819
        ],
        [
          0.8073755358903861,
          0.6559521295933299
        ],
        [
          0.55410501157465,
          0.25375188874844323
        ],
        [
          0.0,
          0.0
        ]
      ],
      "__rnd_id__": 3,
      "__scn_id__": 0
    },
    {
      "l_area": 1.0,
      "mode_com": "range",
      "p_com": 1.0,
      "p_com_keep": 0.8,
      "coords_bs": [
        0.0,
        0.0
      ],
      "n": 10,
      "r_com": 0.3,
      "n_sl": 5,
      "gm": [
        [
          0.0,
          0.9992776809204668,
          0.701519746342721,
          1.0660771048489492,
          0.43306425183992303,
          0.5235744188787016,
          0.46564514380888733,
          0.945127951399054,
          0.2992183261996648,
          0.22267932431935086
        ],
        [
          0.9992776809204668,
          0.0,
          0.9132279758116062,
          0.16576174193967816,
          0.5848389402661068,
          0.49227246856034834,
          0.6225731712690308,
          0.12115255197178738,
          0.7447108653179394,
          1.119698038047093
        ],
        [
          0.701519746342721,
          0.9132279758116062,
          0.0,
          0.8613379271387739,
          0.5323348248112196,
          0.7352914181761321,
          0.4159406996586216,
          0.9479435525049451,
          0.4885270249120379,
          0.9241945825802904
        ],
        [
          1.0660771048489492,
          0.16576174193967816,
          0.8613379271387739,
          0.0,
          0.6351105277577088,
          0.5931564852558183,
          0.6428578245700974,
          0.2858019587770439,
          0.7879041772697835,
          1.2102841495957999
        ],
        [
          0.43306425183992303,
          0.5848389402661068,
          0.5323348248112196,
          0.6351105277577088,
          0.0,
          0.2090425769343809,
          0.11726150028011498,
          0.5546280394279351,
          0.160312908595281,
          0.6015441445924159
        ],
        [
          0.5235744188787016,
          0.49227246856034834,
          0.7352914181761321,
          0.5931564852558183,
          0.2090425769343809,
          0.0,
          0.32053597959828756,
          0.4239300373991196,
          0.33631926813806706,
          0.6274633418067264
        ],
        [
          0.46564514380888733,
          0.6225731712690308,
          0.4159406996586216,
          0.6428578245700974,
          0.11726150028011498,
          0.32053597959828756,
          0.0,
          0.6138532717877945,
          0.16644076735282262,
          0.6600498585656546
        ],
        [
          0.945127951399054,
          0.12115255197178738,
          0.9479435525049451,
          0.2858019587770439,
          0.5546280394279351,
          0.4239300373991196,
          0.6138532717877945,
          0.0,
          0.7140063455835003,
          1.046191977158674
        ],
        [
          0.2992183261996648,
          0.7447108653179394,
          0.4885270249120379,
          0.7879041772697835,
          0.160312908595281,
          0.33631926813806706,
          0.16644076735282262,
          0.7140063455835003,
          0.0,
          0.49742565787527804
        ],
        [
          0.22267932431935086,
          1.119698038047093,
          0.9241945825802904,
          1.2102841495957999,
          0.6015441445924159,
          0.6274633418067264,
          0.6600498585656546,
          1.046191977158674,
          0.49742565787527804,
          0.0
        ]
      ],
      "gc": [
        [
          true,
          false,
          false,
          false,
          false,
          false,
          false,
          false,
          false,
          true
        ],
        [
          false,
          true,
          false,
          false,
          false,
          false,
          false,
          true,
          false,
          false
        ],
        [
          false,
          false,
          true,
          false,
          false,
          false,
          false,
          false,
          false,
          false
        ],
        [
          false,
          false,
          false,
          true,
          false,
          false,
          false,
          true,
          false,
          false
        ],
        [
          false,
          false,
          false,
          false,
          true,
          true,
          true,
          false,
          true,
          false
        ],
        [
          false,
          false,
          false,
          false,
          true,
          true,
          false,
          false,
          false,
          false
        ],
        [
          false,
          false,
          false,
          false,
          true,
          false,
          true,
          false,
          true,
          false
        ],
        [
          false,
          true,
          false,
          true,
          false,
          false,
          false,
          true,
          false,
          false
        ],
        [
          false,
          false,
          false,
          false,
          true,
          false,
          true,
          false,
          true,
          false
        ],
        [
          true,
          false,
          false,
          false,
          false,
          false,
          false,
          false,
          false,
          true
        ]
      ],
      "vs": [
        true,
        true,
        true,
        true,
        true,
        false,
        false,
        false,
        false,
        false
      ],
      "b": 9,
      "xys": [
        [
          0.037351452977398614,
          0.21952437322493334
        ],
        [
          0.9884923757927009,
          0.5259339496611821
        ],
        [
          0.16005853698679762,
          0.9102290322816577
        ],
        [
          0.9931954005257168,
          0.6916289605976527
        ],
        [
          0.40997110342396825,
          0.4402034214437177
        ],
        [
          0.5560670482186956,
          0.2906882921560682
        ],
        [
          0.36634845704514785,
          0.5490488355448722
        ],
        [
          0.9636258897529578,
          0.40736077090092493
        ],
        [
          0.24998010846727314,
          0.43004910240964755
        ],
        [
          0.0,
          0.0
        ]
      ],
      "__rnd_id__": 4,
      "__scn_id__": 0
    },
    {
      "l_area": 1.0,
      "mode_com": "range",
      "p_com": 1.0,
      "p_com_keep": 0.8,
      "coords_bs": [
        0.0,
        0.0
      ],
      "n": 10,
      "r_com": 0.3,
      "n_sl": 5,
      "gm": [
        [
          0.0,
          0.08107613133184267,
          0.32731714056313765,
          0.2622978886363512,
          1.0418394785106153,
          0.5515265853432215,
          0.5570999529453089,
          0.6457562255201212,
          0.24404148061026443,
          0.28742661074928605
        ],
        [
          0.08107613133184267,
          0.0,
          0.39411033363737263,
          0.2845503533404077,
          1.100424820174842,
          0.6310253148073502,
          0.5711128762219003,
          0.6762952657140294,
          0.3115733520470492,
          0.20643668947481567
        ],
        [
          0.32731714056313765,
          0.39411033363737263,
          0.0,
          0.22928233625392422,
          0.7179536503270468,
          0.29580345715410933,
          0.4038278709481791,
          0.41085228436703086,
          0.08328042474238773,
          0.5845729556959746
        ],
        [
          0.2622978886363512,
          0.2845503533404077,
          0.22928233625392422,
          0.0,
          0.8478385731417734,
          0.5249288358077033,
          0.29501788132975176,
          0.39188767167927985,
          0.18999109414482773,
          0.4208033878081626
        ],
        [
          1.0418394785106153,
          1.100424820174842,
          0.7179536503270468,
          0.8478385731417734,
          0.0,
          0.6536403569066577,
          0.701531010147257,
          0.5405575573092536,
          0.7999730035885383,
          1.2672690455365563
        ],
        [
          0.5515265853432215,
          0.6310253148073502,
          0.29580345715410933,
          0.5249288358077033,
          0.6536403569066577,
          0.0,
          0.6517447845454712,
          0.5956775601200791,
          0.3502590319126188,
          0.8361459945058343
        ],
        [
          0.5570999529453089,
          0.5711128762219003,
          0.4038278709481791,
          0.29501788132975176,
          0.701531010147257,
          0.6517447845454712,
          0.0,
          0.16186188906155635,
          0.4238075023025932,
          0.6619213989515425
        ],
        [
          0.6457562255201212,
          0.6762952657140294,
          0.41085228436703086,
          0.39188767167927985,
          0.5405575573092536,
          0.5956775601200791,
          0.16186188906155635,
          0.0,
          0.459442262980553,
          0.7956630475292422
        ],
        [
          0.24404148061026443,
          0.3115733520470492,
          0.08328042474238773,
          0.18999109414482773,
          0.7999730035885383,
          0.3502590319126188,
          0.4238075023025932,
          0.459442262980553,
          0.0,
          0.5051917400057523
        ],
        [
          0.28742661074928605,
          0.20643668947481567,
          0.5845729556959746,
          0.4208033878081626,
          1.2672690455365563,
          0.8361459945058343,
          0.6619213989515425,
          0.7956630475292422,
          0.5051917400057523,
          0.0
        ]
      ],
      "gc": [
        [
          true,
          true,
          false,
          true,
          false,
          false,
          false,
          false,
          true,
          true
        ],
        [
          true,
          true,
          false,
          true,
          false,
          false,
          false,
          false,
          false,
          false
        ],
        [
          false,
          false,
          true,
          false,
          false,
          true,
          false,
          false,
          true,
          false
        ],
        [
          true,
          true,
          false,
          true,
          false,
          false,
          true,
          false,
          true,
          false
        ],
        [
          false,
          false,
          false,
          false,
          true,
          false,
          false,
          false,
          false,
          false
        ],
        [
          false,
          false,
          true,
          false,
          false,
          true,
          false,
          false,
          false,
          false
        ],
        [
          false,
          false,
          false,
          true,
          false,
          false,
          true,
          true,
          false,
          false
        ],
        [
          false,
          false,
          false,
          false,
          false,
          false,
          true,
          true,
          false,
          false
        ],
        [
          true,
          false,
          true,
          true,
          false,
          false,
          false,
          false,
          true,
          false
        ],
        [
          true,
          false,
          false,
          false,
          false,
          false,
          false,
          false,
          false,
          true
        ]
      ],
      "vs": [
        true,
        true,
        true,
        true,
        true,
        false,
        false,
        false,
        false,
        false
      ],
      "b": 9,
      "xys": [
        [
          0.27561962022607733,
          0.08153454184120068
        ],
        [
          0.19703473891981704,
          0.06159073323253261
        ],
        [
          0.47438662543201016,
          0.3415887441681261
        ],
        [
          0.24510475593128445,
          0.3420513847519001
        ],
        [
          0.8045311761466214,
          0.9791324835706701
        ],
        [
          0.7698006684707799,
          0.3264154637116494
        ],
        [
          0.19450747249391276,
          0.632698017646647
        ],
        [
          0.3273207507750924,
          0.7252177682017664
        ],
        [
          0.42320466578373084,
          0.2758921982023418
        ],
        [
          0.0,
          0.0
        ]
      ],
      "__rnd_id__": 5,
      "__scn_id__": 0
    },
    {
      "l_area": 1.0,
      "mode_com": "range",
      "p_com": 1.0,
      "p_com_keep": 0.8,
      "coords_bs": [
        0.0,
        0.0
      ],
      "n": 10,
      "r_com": 0.3,
      "n_sl": 5,
      "gm": [
        [
          0.0,
          0.5896743288903631,
          0.760718671231871,
          0.08971554029832017,
          0.21878682774726524,
          0.7317707379518139,
          0.3009354344876678,
          0.3095897698979742,
          0.6737194452474359,
          0.4572227318402919
        ],
        [
          0.5896743288903631,
          0.0,
          0.18936408784569578,
          0.5972187466641236,
          0.38009069195567585,
          0.2351986990930486,
          0.3259981377666496,
          0.7164256975069357,
          0.2611123896187771,
          0.701461756738326
        ],
        [
          0.760718671231871,
          0.18936408784569578,
          0.0,
          0.7558918354452668,
          0.5605869190841766,
          0.30346077111842523,
          0.5135143591489374,
          0.9054229442766505,
          0.37565491830246917,
          0.7881850721607052
        ],
        [
          0.08971554029832017,
          0.5972187466641236,
          0.7558918354452668,
          0.0,
          0.2554768344078612,
          0.7626883646283406,
          0.34369541122083846,
          0.39790735561021606,
          0.7137181778264537,
          0.36843161921540457
        ],
        [
          0.21878682774726524,
          0.38009069195567585,
          0.5605869190841766,
          0.2554768344078612,
          0.0,
          0.5134440203264277,
          0.08858242618564151,
          0.3719029218572321,
          0.45919718635014706,
          0.5284067666785515
        ],
        [
          0.7317707379518139,
          0.2351986990930486,
          0.30346077111842523,
          0.7626883646283406,
          0.5134440203264277,
          0.0,
          0.43226736020379236,
          0.7672768967575395,
          0.09574306905298015,
          0.9247158311100251
        ],
        [
          0.3009354344876678,
          0.3259981377666496,
          0.5135143591489374,
          0.34369541122083846,
          0.08858242618564151,
          0.43226736020379236,
          0.0,
          0.39375339317953045,
          0.37308997887786993,
          0.6043778087307689
        ],
        [
          0.3095897698979742,
          0.7164256975069357,
          0.9054229442766505,
          0.39790735561021606,
          0.3719029218572321,
          0.7672768967575395,
          0.39375339317953045,
          0.0,
          0.6824721019789524,
          0.7663370585785596
        ],
