{
  "sol": {
    "z": 4.064762378495666,
    "tours": [
      [
        0,
        9,
        5,
        4,
        7,
        6,
        3,
        2,
        8,
        11,
        1
      ],
      [
        10
      ]
    ]
  },
  "params": {
    "gm": [
      [
        0.0,
        0.6005116071329737,
        0.3181034117578557,
        0.3224880291435433,
        0.3514070902904472,
        0.62994513729556,
        0.28742281585539675,
        0.7069270012074769,
        0.3598040286192214,
        0.3194058818830842,
        0.6463139673686231,
        0.617471409885389,
        0.2947559738144182,
        0.5441312737092175,
        0.25220067199819174,
        0.3501303438577329,
        0.5326509630813901,
        0.2879170355292021,
        0.03350521925237048,
        0.47993886343483155,
        0.05868278139517666,
        0.394148227993951,
        0.4295380309318231,
        0.5752400049030189,
        0.468378898631016,
        0.5202428645637566,
        0.49076815456371614,
        0.5654231315055296,
        0.4522927045344276,
        0.6563486547446067
      ],
      [
        0.6005116071329737,
        0.0,
        0.5797191321612536,
        0.9229996362765169,
        0.6427451345952738,
        0.9554547176955728,
        0.8879344229883704,
        0.6917804441411495,
        0.3033887772579139,
        0.6742453359027014,
        0.11053066078252964,
        0.11292362967700732,
        0.5552790979683104,
        0.8774583765891698,
        0.7308828770480206,
        0.9506419509907066,
        1.1177542242412741,
        0.8119679639638936,
        0.5987981839642083,
        0.7985098181892276,
        0.6591943885281504,
        0.6556544104914198,
        0.7028619279372946,
        1.0453899683466017,
        0.13407655122640816,
        0.35906336481937945,
        0.9223284615095348,
        0.7206870712404505,
        0.39128023106348575,
        1.0894324441788905
      ],
      [
        0.3181034117578557,
        0.5797191321612536,
        0.0,
        0.6010528617509824,
        0.5877196058527971,
        0.8383298338007051,
        0.5915891164877863,
        0.6700525542070048,
        0.2816608873237693,
        0.6197173230565693,
        0.5130442946474807,
        0.4667955024842463,
        0.024440034192943196,
        0.7890344475156869,
        0.24069481965179235,
        0.6531944220141388,
        0.8412850599494411,
        0.3301871791355963,
        0.2987345829648615,
        0.7600917314967386,
        0.32782437129294634,
        0.07604481623609528,
        0.6752137537628051,
        0.6663276321137972,
        0.45270353222263143,
        0.2502804854588048,
        0.5306624800201865,
        0.7162003030472166,
        0.3278957651170305,
        0.6977491273227231
      ],
      [
        0.3224880291435433,
        0.9229996362765169,
        0.6010528617509824,
        0.0,
        0.48916362612375935,
        0.6289360523257959,
        0.09077198108093237,
        0.8518906039901756,
        0.6822920577627647,
        0.4858517473715058,
        0.9681523919318796,
        0.9393098344486455,
        0.6172440029579616,
        0.6947021865681621,
        0.5734217931486292,
        0.36145015291542487,
        0.4544063389160578,
        0.48572104629685364,
        0.3559932483959138,
        0.6512705018665357,
        0.36021052577027374,
        0.6770976779870777,
        0.5878050041821239,
        0.2527519757594756,
        0.7902173231942725,
        0.8427308937072999,
        0.28286992726233956,
        0.731169973055141,
        0.748987466859526,
        0.34146840277803125
      ],
      [
        0.3514070902904472,
        0.6427451345952738,
        0.5877196058527971,
        0.48916362612375935,
        0.0,
        0.32131743718906053,
        0.40698531304554847,
        0.372703622747996,
        0.35222673323838627,
        0.03200120840736297,
        0.6917848049813303,
        0.5845081634437261,
        0.5632795716598539,
        0.25516752729779213,
        0.6035476910964492,
        0.6777150817447476,
        0.49546337494989634,
        0.5889539615565089,
        0.38476086334918397,
        0.19227514523901726,
        0.41008987168562383,
        0.6636548841829633,
        0.12498378804334495,
        0.7199528666353964,
        0.517971116154053,
        0.7891200229257155,
        0.7655198665530132,
        0.2487730511545088,
        0.2598238407357666,
        0.8094503467193147
      ],
      [
        0.62994513729556,
        0.9554547176955728,
        0.8383298338007051,
        0.6289360523257959,
        0.32131743718906053,
        0.0,
        0.5487712759099654,
        0.5677600326955052,
        0.6735441704274467,
        0.3105392554124758,
        1.0131022421703908,
        0.8856930347660996,
        0.8504082769090862,
        0.08581386358634246,
        0.882085738101562,
        0.3638938012554338,
        0.17452971340973805,
        0.9102713987455695,
        0.6632989103542968,
        0.1663689498300691,
        0.5986363100338614,
        0.9143746500368004,
        0.25882454418183193,
        0.8733287493086452,
        0.8392885533431136,
        1.0762487281749478,
        0.9072160743336368,
        0.35375921033711916,
        0.5811412779248271,
        0.9627147855704432
      ],
      [
        0.28742281585539675,
        0.8879344229883704,
        0.5915891164877863,
        0.09077198108093237,
        0.40698531304554847,
        0.5487712759099654,
        0.0,
        0.7749422167868826,
        0.6231436566015458,
        0.40113332530372847,
        0.9337367832240199,
        0.8974508170770152,
        0.5672398118417455,
        0.6145374101523317,
        0.5156316749819602,
        0.2707297686991991,
        0.37424156250022744,
        0.552321681642556,
        0.2968448472346949,
        0.5665520797987583,
        0.3126730688639427,
        0.6663783847890733,
        0.5004697914899551,
        0.3430603480906129,
        0.7558017144864128,
        0.7930802631076072,
        0.3585345535074647,
        0.6450413336903632,
        0.666809153781315,
        0.4313460372585687
      ],
      [
        0.7069270012074769,
        0.6917804441411495,
        0.6700525542070048,
        0.8518906039901756,
        0.372703622747996,
        0.5677600326955052,
        0.7749422167868826,
        0.0,
        0.3883916668832355,
        0.3875211193243927,
        0.7283969939118009,
        0.6673246643937373,
        0.6456125200140617,
        0.48216872532148664,
        0.8158857666733421,
        0.9118286608192867,
        0.7224645729735909,
        0.8969708535892151,
        0.7146904762500864,
        0.40474517253239434,
        0.7656097826026536,
        0.745987832537171,
        0.3281114363381681,
        1.0926564893833923,
        0.5594343117820976,
        0.8714529712799233,
        1.0689099956677661,
        0.21713587109652635,
        0.4808803427984417,
        1.1821539694673107
      ],
      [
        0.3598040286192214,
        0.3033887772579139,
        0.2816608873237693,
        0.6822920577627647,
        0.35222673323838627,
        0.6735441704274467,
        0.6231436566015458,
        0.3883916668832355,
        0.0,
        0.384227850707919,
        0.34000532702856534,
        0.27893299751050177,
        0.2572208531308261,
        0.6011412650520154,
        0.42749409979010666,
        0.7063895013225268,
        0.8414371127041196,
        0.5085791867059797,
        0.3262988093668509,
        0.5274549584525906,
        0.4148812355524924,
        0.3575961656539355,
        0.435397305059008,
        0.8290472297329586,
        0.1710426448988621,
        0.4830613043966877,
        0.6805183287845306,
        0.4611537736779819,
        0.09248867591520621,
        0.8481046910927277
      ],
      [
        0.3194058818830842,
        0.6742453359027014,
        0.6197173230565693,
        0.4858517473715058,
        0.03200120840736297,
        0.3105392554124758,
        0.40113332530372847,
        0.3875211193243927,
        0.384227850707919,
        0.0,
        0.7237695316779111,
        0.6147748889553045,
        0.5952772888636261,
        0.22472539182613332,
        0.5715464826890863,
        0.6543853273239334,
        0.4650212394782376,
        0.6058848235586903,
        0.352759654941821,
        0.16541875449502985,
        0.37808866327826085,
        0.6956526013867355,
        0.11013214904873889,
        0.7218644347012136,
        0.5498322383258466,
        0.8211177401294877,
        0.7596678788111932,
        0.24601724962244542,
        0.2918215579395388,
        0.8033647997936245
      ],
      [
        0.6463139673686231,
        0.11053066078252964,
        0.5130442946474807,
        0.9681523919318796,
        0.6917848049813303,
        1.0131022421703908,
        0.9337367832240199,
        0.7283969939118009,
        0.34000532702856534,
        0.7237695316779111,
        0.0,
        0.22191381883514444,
        0.48860426045453753,
        0.9370639714802833,
        0.6485566117396298,
        0.996444311226356,
        1.1773598191323875,
        0.7272238691972446,
        0.6463014182844566,
        0.8607068980740582,
        0.7049967487637998,
        0.588979572977647,
        0.7662066001786776,
        1.0730511444644144,
        0.17793506873760712,
        0.2627638091886759,
        0.9273066125728447,
        0.7645455887516495,
        0.43244967534314543,
        1.0868681604763772
      ],
      [
        0.617471409885389,
        0.11292362967700732,
        0.4667955024842463,
        0.9393098344486455,
        0.5845081634437261,
        0.8856930347660996,
        0.8974508170770152,
        0.6673246643937373,
        0.27893299751050177,
        0.6147748889553045,
        0.22191381883514444,
        0.0,
        0.44235546829130307,
        0.804525183278614,
        0.6634416255815833,
        0.9676017537431219,
        1.0448210309307182,
        0.7450180716033953,
        0.6006059698423203,
        0.7238719179489105,
        0.6761541912805656,
        0.5427307808144125,
        0.6283965620669173,
        1.0604059283745666,
        0.14909251125437295,
        0.45322865746226787,
        0.9341328036148889,
        0.7357030312684153,
        0.35267293314132914,
        1.1007064355910876
      ],
      [
        0.2947559738144182,
        0.5552790979683104,
        0.024440034192943196,
        0.6172440029579616,
        0.5632795716598539,
        0.8504082769090862,
        0.5672398118417455,
        0.6456125200140617,
        0.2572208531308261,
        0.5952772888636261,
        0.48860426045453753,
        0.44235546829130307,
        0.0,
        0.7645944133227437,
        0.22108615729028022,
        0.6319985352542371,
        0.8197095872555332,
        0.3107896858298192,
        0.2748238255734643,
        0.7384784294993015,
        0.30621106929550923,
        0.1003753125231094,
        0.6507737195698619,
        0.6444682393979397,
        0.4282634980296882,
        0.22584045126586164,
        0.5100822385413729,
        0.6917602688542734,
        0.3034557309240873,
        0.6774162469540913
      ],
      [
        0.5441312737092175,
        0.8774583765891698,
        0.7890344475156869,
        0.6947021865681621,
        0.25516752729779213,
        0.08581386358634246,
        0.6145374101523317,
        0.48216872532148664,
        0.6011412650520154,
        0.22472539182613332,
        0.9370639714802833,
        0.804525183278614,
        0.7645944133227437,
        0.0,
        0.7962718745152195,
        0.4296599354978,
        0.24029584765210424,
        0.8306102153848236,
        0.5774850467679543,
        0.08148926492995842,
        0.5137566251337508,
        0.8649697258458531,
        0.17615962447498246,
        0.9390948835510113,
        0.7601979494927507,
        0.9904348645886053,
        0.972982208576003,
        0.26918825329660995,
        0.5100308147216872,
        1.0280901916197578
      ],
      [
        0.25220067199819174,
        0.7308828770480206,
        0.24069481965179235,
        0.5734217931486292,
        0.6035476910964492,
        0.882085738101562,
        0.5156316749819602,
        0.8158857666733421,
        0.42749409979010666,
        0.5715464826890863,
        0.6485566117396298,
        0.6634416255815833,
        0.22108615729028022,
        0.7962718745152195,
        0.0,
        0.5896743288903631,
        0.760718671231871,
        0.08971554029832017,
        0.21878682774726524,
        0.7317707379518139,
        0.3009354344876678,
        0.3095897698979742,
        0.6816786317378251,
        0.4300267535617827,
        0.5985367446889688,
        0.38579280255095383,
        0.2905518658862897,
        0.8175637323115316,
        0.4323998474061898,
        0.4572227318402919
      ],
      [
        0.3501303438577329,
        0.9506419509907066,
        0.6531944220141388,
        0.36145015291542487,
        0.6777150817447476,
        0.3638938012554338,
        0.2707297686991991,
        0.9118286608192867,
        0.7063895013225268,
        0.6543853273239334,
        0.996444311226356,
        0.9676017537431219,
        0.6319985352542371,
        0.4296599354978,
        0.5896743288903631,
        0.0,
        0.18936408784569578,
        0.635567526363537,
        0.38009069195567585,
        0.5111492004277585,
        0.3259981377666496,
        0.71975153094618,
        0.6058195599727825,
        0.6136174309857915,
        0.8185092424887489,
        0.8578389865200987,
        0.6292643222066638,
        0.69884818879441,
        0.7988781772377329,
        0.7014617567383259
      ],
      [
        0.5326509630813901,
        1.1177542242412741,
        0.8412850599494411,
        0.4544063389160578,
        0.49546337494989634,
        0.17452971340973805,
        0.37424156250022744,
        0.7224645729735909,
        0.8414371127041196,
        0.4650212394782376,
        1.1773598191323875,
        1.0448210309307182,
        0.8197095872555332,
        0.24029584765210424,
        0.760718671231871,
        0.18936408784569578,
        0.0,
        0.7558918354452668,
        0.5605869190841766,
        0.32178511258206266,
        0.5135143591489374,
        0.9072677523284678,
        0.41645547212708667,
        0.6987990358989071,
        1.0004937971448549,
        1.045550038521395,
        0.7326863609238988,
        0.5094841009487142,
        0.7503266623737914,
        0.7881850721607052
      ],
      [
        0.2879170355292021,
        0.8119679639638936,
        0.3301871791355963,
        0.48572104629685364,
        0.5889539615565089,
        0.9102713987455695,
        0.552321681642556,
        0.8969708535892151,
        0.5085791867059797,
        0.6058848235586903,
        0.7272238691972446,
        0.7450180716033953,
        0.3107896858298192,
        0.8306102153848236,
        0.08971554029832017,
        0.635567526363537,
        0.7558918354452668,
        0.0,
        0.2554768344078611,
        0.7678558989640336,
        0.3436954112208384,
        0.397907355610216,
        0.7137181778264537,
        0.34606976868297273,
        0.6796218316048418,
        0.4644600600085687,
        0.20285111903451405,
        0.8377270127110177,
        0.5043195681099124,
        0.3684316192154046
      ],
      [
        0.03350521925237048,
        0.5987981839642083,
        0.2987345829648615,
        0.3559932483959138,
        0.38476086334918397,
        0.6632989103542968,
        0.2968448472346949,
        0.7146904762500864,
        0.3262988093668509,
        0.352759654941821,
        0.6463014182844566,
        0.6006059698423203,
        0.2748238255734643,
        0.5774850467679543,
        0.21878682774726524,
        0.38009069195567585,
        0.5605869190841766,
        0.2554768344078611,
        0.0,
        0.5134440203264277,
        0.08858242618564151,
        0.3719029218572321,
        0.46289180399055985,
        0.6015466030908339,
        0.4683663495468495,
        0.4988944355694593,
        0.4583279534423752,
        0.5987769045642664,
        0.4187874852820571,
        0.6239084536232657
      ],
      [
        0.47993886343483155,
        0.7985098181892276,
        0.7600917314967386,
        0.6512705018665357,
        0.19227514523901726,
        0.1663689498300691,
        0.5665520797987583,
        0.40474517253239434,
        0.5274549584525906,
        0.16541875449502985,
        0.8607068980740582,
        0.7238719179489105,
        0.7384784294993015,
        0.08148926492995842,
        0.7317707379518139,
        0.5111492004277585,
        0.32178511258206266,
        0.7678558989640336,
        0.5134440203264277,
        0.0,
        0.4322673602037923,
        0.8260207533833228,
        0.09574306905298013,
        0.8872831891962435,
        0.683275576366684,
        0.9210884150788883,
        0.9250866333062231,
        0.1970195653370068,
        0.4376826514749052,
        0.9687835542886544
      ],
      [
        0.05868278139517666,
        0.6591943885281504,
        0.32782437129294634,
        0.36021052577027374,
        0.41008987168562383,
        0.5986363100338614,
        0.3126730688639427,
        0.7656097826026536,
        0.4148812355524924,
        0.37808866327826085,
        0.7049967487637998,
        0.6761541912805656,
        0.30621106929550923,
        0.5137566251337508,
        0.3009354344876678,
        0.3259981377666496,
        0.5135143591489374,
        0.3436954112208384,
        0.08858242618564151,
        0.4322673602037923,
        0.0,
        0.39375339317953045,
        0.48822081232699976,
        0.6129625015297493,
        0.5270616800261927,
        0.5320515205613708,
        0.5465465302553525,
        0.6241059129007063,
        0.5073699114676986,
        0.7016789285483049
      ],
      [
        0.394148227993951,
        0.6556544104914198,
        0.07604481623609528,
        0.6770976779870777,
        0.6636548841829633,
        0.9143746500368004,
        0.6663783847890733,
        0.745987832537171,
        0.3575961656539355,
        0.6956526013867355,
        0.588979572977647,
        0.5427307808144125,
        0.1003753125231094,
        0.8649697258458531,
        0.3095897698979742,
        0.71975153094618,
        0.9072677523284678,
        0.397907355610216,
        0.3719029218572321,
        0.8260207533833228,
        0.39375339317953045,
        0.0,
        0.7511490320929712,
        0.7383033119413311,
        0.5286388105527976,
        0.32621576378897105,
        0.6000992699815727,
        0.7921355813773827,
        0.40383104344719667,
        0.7663370585785596
      ],
      [
        0.4295380309318231,
        0.7028619279372946,
        0.6752137537628051,
        0.5878050041821239,
        0.12498378804334495,
        0.25882454418183193,
        0.5004697914899551,
        0.3281114363381681,
        0.435397305059008,
        0.11013214904873889,
        0.7662066001786776,
        0.6283965620669173,
        0.6507737195698619,
        0.17615962447498246,
        0.6816786317378251,
        0.6058195599727825,
        0.41645547212708667,
        0.7137181778264537,
        0.46289180399055985,
        0.09574306905298013,
        0.48822081232699976,
        0.7511490320929712,
        0.0,
        0.8283783252007304,
        0.5885396227033225,
        0.8253453460259081,
        0.8590043449974198,
        0.14661885264069663,
        0.34731798864577457,
        0.9110043876234398
      ],
      [
        0.5752400049030189,
        1.0453899683466017,
        0.6663276321137972,
        0.2527519757594756,
        0.7199528666353964,
        0.8733287493086452,
        0.3430603480906129,
        1.0926564893833923,
        0.8290472297329586,
        0.7218644347012136,
        1.0730511444644144,
        1.0604059283745666,
        0.6444682393979397,
        0.9390948835510113,
        0.4300267535617827,
        0.6136174309857915,
        0.6987990358989071,
        0.34606976868297273,
        0.6015466030908339,
        0.8872831891962435,
        0.6129625015297493,
        0.7383033119413311,
        0.8283783252007304,
        0.0,
        0.9113134171201936,
        0.8102873352757385,
        0.14852890094842805,
        0.9675475764036295,
        0.8503893367928852,
        0.0894974800839183
      ],
      [
        0.468378898631016,
        0.13407655122640816,
        0.45270353222263143,
        0.7902173231942725,
        0.517971116154053,
        0.8392885533431136,
        0.7558017144864128,
        0.5594343117820976,
        0.1710426448988621,
        0.5498322383258466,
        0.17793506873760712,
        0.14909251125437295,
        0.4282634980296882,
        0.7601979494927507,
        0.5985367446889688,
        0.8185092424887489,
        1.0004937971448549,
        0.6796218316048418,
        0.4683663495468495,
        0.683275576366684,
        0.5270616800261927,
        0.5286388105527976,
        0.5885396227033225,
        0.9113134171201936,
        0.0,
        0.33318307717055357,
        0.7882519102831267,
        0.5866105200140423,
        0.261399107920861,
        0.9553558929524822
      ],
      [
        0.5202428645637566,
        0.35906336481937945,
        0.2502804854588048,
        0.8427308937072999,
        0.7891200229257155,
        1.0762487281749478,
        0.7930802631076072,
        0.8714529712799233,
        0.4830613043966877,
        0.8211177401294877,
        0.2627638091886759,
        0.45322865746226787,
        0.22584045126586164,
        0.9904348645886053,
        0.38579280255095383,
        0.8578389865200987,
        1.045550038521395,
        0.4644600600085687,
        0.4988944355694593,
        0.9210884150788883,
        0.5320515205613708,
        0.32621576378897105,
        0.8253453460259081,
        0.8102873352757385,
        0.33318307717055357,
        0.0,
        0.6645428033841688,
        0.917600720120135,
        0.5292961821899489,
        0.8241043512877013
      ],
      [
        0.49076815456371614,
        0.9223284615095348,
        0.5306624800201865,
        0.28286992726233956,
        0.7655198665530132,
        0.9072160743336368,
        0.3585345535074647,
        1.0689099956677661,
        0.6805183287845306,
        0.7596678788111932,
        0.9273066125728447,
        0.9341328036148889,
        0.5100822385413729,
        0.972982208576003,
        0.2905518658862897,
        0.6292643222066638,
        0.7326863609238988,
        0.20285111903451405,
        0.4583279534423752,
        0.9250866333062231,
        0.5465465302553525,
        0.6000992699815727,
        0.8590043449974198,
        0.14852890094842805,
        0.7882519102831267,
        0.6645428033841688,
        0.0,
        0.9211647733388796,
        0.7071706871444264,
        0.16758636230819715
      ],
      [
        0.5654231315055296,
        0.7206870712404505,
        0.7162003030472166,
        0.731169973055141,
        0.2487730511545088,
        0.35375921033711916,
        0.6450413336903632,
        0.21713587109652635,
        0.4611537736779819,
        0.24601724962244542,
        0.7645455887516495,
        0.7357030312684153,
        0.6917602688542734,
        0.26918825329660995,
        0.8175637323115316,
        0.69884818879441,
        0.5094841009487142,
        0.8377270127110177,
        0.5987769045642664,
        0.1970195653370068,
        0.6241059129007063,
        0.7921355813773827,
        0.14661885264069663,
        0.9675475764036295,
        0.5866105200140423,
        0.917600720120135,
        0.9211647733388796,
        0.0,
        0.3883045379301861,
        1.04938204941607
      ],
      [
        0.4522927045344276,
        0.39128023106348575,
        0.3278957651170305,
        0.748987466859526,
        0.2598238407357666,
        0.5811412779248271,
        0.666809153781315,
        0.4808803427984417,
        0.09248867591520621,
        0.2918215579395388,
        0.43244967534314543,
        0.35267293314132914,
        0.3034557309240873,
        0.5100308147216872,
        0.4323998474061898,
        0.7988781772377329,
        0.7503266623737914,
        0.5043195681099124,
        0.4187874852820571,
        0.4376826514749052,
        0.5073699114676986,
        0.40383104344719667,
        0.34731798864577457,
        0.8503893367928852,
        0.261399107920861,
        0.5292961821899489,
        0.7071706871444264,
        0.3883045379301861,
        0.0,
        0.8142952941018292
      ],
      [
        0.6563486547446067,
        1.0894324441788905,
        0.6977491273227231,
        0.34146840277803125,
        0.8094503467193147,
        0.9627147855704432,
        0.4313460372585687,
        1.1821539694673107,
        0.8481046910927277,
        0.8033647997936245,
        1.0868681604763772,
        1.1007064355910876,
        0.6774162469540913,
        1.0280901916197578,
        0.4572227318402919,
        0.7014617567383259,
        0.7881850721607052,
        0.3684316192154046,
        0.6239084536232657,
        0.9687835542886544,
        0.7016789285483049,
        0.7663370585785596,
        0.9110043876234398,
        0.0894974800839183,
        0.9553558929524822,
        0.8241043512877013,
        0.16758636230819715,
        1.04938204941607,
        0.8142952941018292,
        0.0
      ]
    ],
    "gc": [
      [
        true,
        false,
        false,
        false,
        false,
        false,
        false,
        false,
        false,
        false,
        true,
        true,
        false,
        false,
        false,
        false,
        false,
        false,
        false,
        false,
        false,
        false,
        false,
        false,
        true,
        false,
        false,
        false,
        false,
        false
      ],
      [
        false,
        true,
        false,
        false,
        false,
        false,
        false,
        false,
        false,
        false,
        false,
        false,
        false,
        false,
        false,
        false,
        false,
        false,
        true,
        false,
        true,
        false,
        false,
        false,
        false,
        false,
        false,
        false,
        false,
        false
      ],
      [
        false,
        false,
        true,
        false,
        false,
        false,
        false,
        false,
        false,
        false,
        false,
        false,
        true,
        false,
        false,
        false,
        false,
        false,
        false,
        false,
        false,
        true,
        false,
        false,
        false,
        false,
        false,
        false,
        false,
        false
      ],
      [
        false,
        false,
        false,
        true,
        false,
        false,
        true,
        false,
        false,
        false,
        false,
        false,
        false,
        false,
        false,
        false,
        false,
        false,
        false,
        false,
        false,
        false,
        false,
        false,
        false,
        false,
        false,
        false,
        false,
        false
      ],
      [
        false,
        false,
        false,
        false,
        true,
        false,
        false,
        false,
        false,
        true,
        false,
        false,
        false,
        false,
        false,
        false,
        false,
        false,
        false,
        false,
        false,
        false,
        true,
        false,
        false,
        false,
        false,
        false,
        false,
        false
      ],
      [
        false,
        false,
        false,
        false,
        false,
        true,
        false,
        false,
        false,
        false,
        false,
        false,
        false,
        true,
        false,
        false,
        false,
        false,
        false,
        false,
        false,
        false,
        false,
        false,
        false,
        false,
        false,
        false,
        false,
        false
      ],
      [
        false,
        false,
        false,
        true,
        false,
        false,
        true,
        false,
        false,
        false,
        false,
        false,
        false,
        false,
        false,
        false,
        false,
        false,
        false,
        false,
        false,
        false,
        false,
        false,
        false,
        false,
        false,
        false,
        false,
        false
      ],
      [
        false,
        false,
        false,
        false,
        false,
        false,
        false,
        true,
        false,
        false,
        false,
        false,
        false,
        false,
        false,
        false,
        false,
        false,
        false,
        false,
        false,
        false,
        false,
        false,
        false,
        false,
        false,
        false,
        false,
        false
      ],
      [
        false,
        false,
        false,
        false,
        false,
        false,
        false,
        false,
        true,
        false,
        false,
        false,
        false,
        false,
        false,
        false,
        false,
        false,
        false,
        false,
        false,
        false,
        false,
        false,
        false,
        false,
        false,
        false,
        true,
        false
      ],
      [
        false,
        false,
        false,
        false,
        true,
        false,
        false,
        false,
        false,
        true,
        false,
        false,
        false,
        false,
        false,
        false,
        false,
        false,
        false,
        false,
        false,
        false,
        true,
        false,
        false,
        false,
        false,
        false,
        false,
        false
      ],
      [
        true,
        false,
        false,
        false,
        false,
        false,
        false,
        false,
        false,
        false,
        true,
        false,
        false,
        false,
        false,
        false,
        false,
        false,
        false,
        false,
        false,
        false,
        false,
        false,
        false,
        false,
        false,
        false,
        false,
        false
      ],
      [
        true,
        false,
        false,
        false,
        false,
        false,
        false,
        false,
        false,
        false,
        false,
        true,
        false,
        false,
        false,
        false,
        false,
        false,
        false,
        false,
        false,
        false,
        false,
        false,
        true,
        false,
        false,
        false,
        false,
        false
      ],
      [
        false,
        false,
        true,
        false,
        false,
        false,
        false,
        false,
        false,
        false,
        false,
        false,
        true,
        false,
        false,
        false,
        false,
        false,
        false,
        false,
        false,
        true,
        false,
        false,
        false,
        false,
        false,
        false,
        false,
        false
      ],
      [
        false,
        false,
        false,
        false,
        false,
        true,
        false,
        false,
        false,
        false,
        false,
        false,
        false,
        true,
        false,
        false,
        false,
        false,
        false,
        true,
        false,
        false,
        false,
        false,
        false,
        false,
        false,
        false,
        false,
        false
      ],
      [
        false,
        false,
        false,
        false,
        false,
        false,
        false,
        false,
        false,
        false,
        false,
        false,
        false,
        false,
        true,
        false,
        false,
        true,
        false,
        false,
        false,
        false,
        false,
        false,
        false,
        false,
        false,
        false,
        false,
        false
      ],
      [
        false,
        false,
        false,
        false,
        false,
        false,
        false,
        false,
        false,
        false,
        false,
        false,
        false,
        false,
        false,
        true,
        false,
        false,
        false,
        false,
        false,
        false,
        false,
        false,
        false,
        false,
        false,
        false,
        false,
        false
      ],
      [
        false,
        false,
        false,
        false,
        false,
        false,
        false,
        false,
        false,
        false,
        false,
        false,
        false,
        false,
        false,
        false,
        true,
        false,
        false,
        false,
        false,
        false,
        false,
        false,
        false,
        false,
        false,
        false,
        false,
        false
      ],
      [
        false,
        false,
        false,
        false,
        false,
        false,
        false,
        false,
        false,
        false,
        false,
        false,
        false,
        false,
        true,
        false,
        false,
        true,
        false,
        false,
        false,
        false,
        false,
        false,
        false,
        false,
        false,
        false,
        false,
        false
      ],
      [
        false,
        true,
        false,
        false,
        false,
        false,
        false,
        false,
        false,
        false,
        false,
        false,
        false,
        false,
        false,
        false,
        false,
        false,
        true,
        false,
        true,
        false,
        false,
        false,
        false,
        false,
        false,
        false,
        false,
        false
      ],
      [
        false,
        false,
        false,
        false,
        false,
        false,
        false,
        false,
        false,
        false,
        false,
        false,
        false,
        true,
        false,
        false,
        false,
        false,
        false,
        true,
        false,
        false,
        true,
        false,
        false,
        false,
        false,
        false,
        false,
        false
      ],
      [
        false,
        true,
        false,
        false,
        false,
        false,
        false,
        false,
        false,
        false,
        false,
        false,
        false,
        false,
        false,
        false,
        false,
        false,
        true,
        false,
        true,
        false,
        false,
        false,
        false,
        false,
        false,
        false,
        false,
        false
      ],
      [
        false,
        false,
        true,
        false,
        false,
        false,
        false,
        false,
        false,
        false,
        false,
        false,
        true,
        false,
        false,
        false,
        false,
        false,
        false,
        false,
        false,
        true,
        false,
        false,
        false,
        false,
        false,
        false,
        false,
        false
      ],
      [
        false,
        false,
        false,
        false,
        true,
        false,
        false,
        false,
        false,
        true,
        false,
        false,
        false,
        false,
        false,
        false,
        false,
        false,
        false,
        true,
        false,
        false,
        true,
        false,
        false,
        false,
        false,
        true,
        false,
        false
      ],
      [
        false,
        false,
        false,
        false,
        false,
        false,
        false,
        false,
        false,
        false,
        false,
        false,
        false,
        false,
        false,
        false,
        false,
        false,
        false,
        false,
        false,
        false,
        false,
        true,
        false,
        false,
        true,
        false,
        false,
        true
      ],
      [
        true,
        false,
        false,
        false,
        false,
        false,
        false,
        false,
        false,
        false,
        false,
        true,
        false,
        false,
        false,
        false,
        false,
        false,
        false,
        false,
        false,
        false,
        false,
        false,
        true,
        false,
        false,
        false,
        false,
        false
      ],
      [
        false,
        false,
        false,
        false,
        false,
        false,
        false,
        false,
        false,
        false,
        false,
        false,
        false,
        false,
        false,
        false,
        false,
        false,
        false,
        false,
        false,
        false,
        false,
        false,
        false,
        true,
        false,
        false,
        false,
        false
      ],
      [
        false,
        false,
        false,
        false,
        false,
        false,
        false,
        false,
        false,
        false,
        false,
        false,
        false,
        false,
        false,
        false,
        false,
        false,
        false,
        false,
        false,
        false,
        false,
        true,
        false,
        false,
        true,
        false,
        false,
        false
      ],
      [
        false,
        false,
        false,
        false,
        false,
        false,
        false,
        false,
        false,
        false,
        false,
        false,
        false,
        false,
        false,
        false,
        false,
        false,
        false,
        false,
        false,
        false,
        true,
        false,
        false,
        false,
        false,
        true,
        false,
        false
      ],
      [
        false,
        false,
        false,
        false,
        false,
        false,
        false,
        false,
        true,
        false,
        false,
        false,
        false,
        false,
        false,
        false,
        false,
        false,
        false,
        false,
        false,
        false,
        false,
        false,
        false,
        false,
        false,
        false,
        true,
        false
      ],
      [
        false,
        false,
        false,
        false,
        false,
        false,
        false,
        false,
        false,
        false,
        false,
        false,
        false,
        false,
        false,
        false,
        false,
        false,
        false,
        false,
        false,
        false,
        false,
        true,
        false,
        false,
        false,
        false,
        false,
        true
      ]
    ],
    "vs": [
      true,
      true,
      true,
      true,
      true,
      true,
      true,
      true,
      true,
      true,
      true,
      true,
      false,
      false,
      false,
      false,
      false,
      false,
      false,
      false,
      false,
      false,
      false,
      false,
      false,
      false,
      false,
      false,
      false,
      false
    ],
    "b": 29,
    "r": 2,
    "n": 30,
    "__rnd_id__": 1,
    "__scn_id__": 2
