{
  "sol": {
    "z": 1.7122997169789549,
    "tours": [
      [
        0,
        10,
        1,
        8,
        3,
        9
      ],
      [
        2,
        6,
        11,
        5
      ],
      [
        4,
        7
      ]
    ]
  },
  "params": {
    "gm": [
      [
        0.0,
        0.4072183018679455,
        0.8947891041885687,
        0.7298610381462453,
        0.7408526663954742,
        0.4822924932763786,
        0.9034386516636089,
        1.001569756607429,
        0.5471529011202194,
        0.12679348821655725,
        0.2129218307187529,
        0.7557303896991466,
        0.7417552284392692,
        0.494769398140453,
        0.48492663159123056,
        0.9358785214691481,
        0.5091818410801632,
        0.6724850090799077,
        0.19169842543032822,
        0.9738754075838579,
        0.6339219893720661,
        0.07044287992986056,
        0.6776794712501514,
        0.9070531158720898,
        0.8702145984648677,
        0.47907266652471875,
        0.5621773371674087,
        0.8480956770683368,
        0.6627071237123959,
        1.0545447292502137
      ],
      [
        0.4072183018679455,
        0.0,
        1.1975758309255953,
        0.32819286792429436,
        0.5783820263841688,
        0.7918199399380563,
        1.1813749056697167,
        0.823237438792796,
        0.14548473089826858,
        0.5272862066203338,
        0.1944574198608372,
        0.8386162140884006,
        1.028830521506522,
        0.1411674411693778,
        0.10358967576947216,
        0.7677079223023934,
        0.15969036839569675,
        0.9301361473790186,
        0.21680812976799682,
        0.9904214980028244,
        0.8624047588599892,
        0.4709767226127187,
        0.9696930499486034,
        1.0257251951983022,
        1.1666451093456762,
        0.14925431701045358,
        0.550536735695325,
        1.150882403805363,
        0.9654938504494224,
        0.8650369053154104
      ],
      [
        0.8947891041885687,
        1.1975758309255953,
        0.0,
        0.8766499663604931,
        0.6946038887460021,
        0.49923758392544887,
        0.14881758348005594,
        0.7834461897000619,
        1.0520911000273265,
        0.9606592725272831,
        1.0363563650282654,
        0.39080345697647334,
        0.18360081579727644,
        1.178941644929156,
        1.1888903087376272,
        0.7279098243391784,
        1.1975294350972618,
        0.4022595191407824,
        1.060562678947178,
        0.5067680440048448,
        0.33528954145891776,
        0.8645843584582269,
        0.3358811391763149,
        0.368224843257236,
        0.04230968711195204,
        1.1706252105349622,
        0.6788342357363143,
        0.046693427120232014,
        0.23208198047617284,
        0.8354308595917763
      ],
      [
        0.7298610381462453,
        0.32819286792429436,
        0.8766499663604931,
        0.0,
        0.440297524702012,
        0.6328871259979332,
        0.8751524804223579,
        0.692279710861144,
        0.1827081370260258,
        0.8499341102585131,
        0.5169392074274923,
        0.5398674343138996,
        0.7478233235699212,
        0.37088181774671386,
        0.327870927831282,
        0.6329936257914538,
        0.38210980704731035,
        0.8230796418014623,
        0.5403926779996073,
        0.7620775172331553,
        0.6333284636617482,
        0.7950373460594312,
        0.828274103971706,
        0.709729560506802,
        0.8940898316372354,
        0.3965708002052779,
        0.2802703076888754,
        0.8839783646686046,
        0.7165228313126347,
        0.7376478662288324
      ],
      [
        0.7408526663954742,
        0.5783820263841688,
        0.6946038887460021,
        0.440297524702012,
        0.0,
        0.6521653572516597,
        0.8148884604818427,
        0.2607170902119549,
        0.5239031691937781,
        0.8534781496863607,
        0.772839446245006,
        0.47744450925349613,
        0.6804884514973549,
        0.6965585546689058,
        0.6499530819469924,
        0.1950258550736739,
        0.711877584871744,
        0.8423578730551888,
        0.7951901561521656,
        0.4177394307741049,
        0.5332169042306358,
        0.7584714067548625,
        0.8475523352254325,
        0.5592828188618638,
        0.7369135758579541,
        0.7156882803060542,
        0.18015874825776293,
        0.7412973158662342,
        0.6298580604560501,
        0.31369206285473955
      ],
      [
        0.4822924932763786,
        0.7918199399380563,
        0.49923758392544887,
        0.6328871259979332,
        0.6521653572516597,
        0.0,
        0.507887131400489,
        0.8490501961784284,
        0.815595263023959,
        0.6090859814929358,
        0.5973625200772191,
        0.3856675146138029,
        0.34629518145742244,
        0.8881169999921414,
        0.8724282787576991,
        0.8251425209842332,
        0.897224603222979,
        0.19019251580352914,
        0.5916965998702617,
        0.6024289452838022,
        0.26402822265687254,
        0.5527353732062391,
        0.19538697797377277,
        0.516454472580992,
        0.4746630782017478,
        0.8643840556578708,
        0.6170863786297454,
        0.45254415680521687,
        0.267155603449276,
        0.9078701524116758
      ],
      [
        0.9034386516636089,
        1.1813749056697167,
        0.14881758348005594,
        0.8751524804223579,
        0.8148884604818427,
        0.507887131400489,
        0.0,
        0.6681831557300587,
        1.0358901747714482,
        0.9454250703696551,
        0.9906743857555548,
        0.34512147770376267,
        0.1629420330269341,
        1.158282862158814,
        1.1522929371669641,
        0.6198626054081688,
        1.1768706523269197,
        0.5460891981418922,
        1.0148806996744675,
        0.3976442600336556,
        0.33585436269294744,
        0.873233905933267,
        0.47492117740901374,
        0.25631472692321283,
        0.11554233495060685,
        1.1872198492555912,
        0.642236864165651,
        0.13263909499357185,
        0.24073152795121297,
        0.7161933334273962
      ],
      [
        1.001569756607429,
        0.823237438792796,
        0.7834461897000619,
        0.692279710861144,
        0.2607170902119549,
        0.8490501961784284,
        0.6681831557300587,
        0.0,
        0.7463845744985921,
        1.1141952398983155,
        1.0176948586536332,
        0.4633826815646255,
        0.6169263307182025,
        0.9295880387665786,
        0.8834518143354967,
        0.0729981476091994,
        0.9432103673786312,
        1.0223304530772555,
        1.0400455685607928,
        0.2769439772169238,
        0.5851910818917059,
        1.0191884969668172,
        0.9992687824303135,
        0.4160353760188914,
        0.7411926024361107,
        0.9515606838020632,
        0.4408758384697178,
        0.7415227916924232,
        0.6242112947617159,
        0.05968693586910806
      ],
      [
        0.5471529011202194,
        0.14548473089826858,
        1.0520911000273265,
        0.1827081370260258,
        0.5239031691937781,
        0.815595263023959,
        1.0358901747714482,
        0.7463845744985921,
        0.0,
        0.6672259732324872,
        0.3342310704014665,
        0.693131483190132,
        0.8833457906082535,
        0.18817368072068805,
        0.14516279080525618,
        0.6994789721173443,
        0.19940167002128453,
        1.005787778827488,
        0.3576845409735815,
        0.9153415661093875,
        0.7169200279617207,
        0.6123292090334054,
        1.0109822409977318,
        0.8810604537358048,
        1.0211603784474077,
        0.21386266317925207,
        0.4050520047970565,
        1.0053976729070946,
        0.8200091195511537,
        0.7812874820354507
      ],
      [
        0.12679348821655725,
        0.5272862066203338,
        0.9606592725272831,
        0.8499341102585131,
        0.8534781496863607,
        0.6090859814929358,
        0.9454250703696551,
        1.1141952398983155,
        0.6672259732324872,
        0.0,
        0.33335620186455167,
        0.7813624238383423,
        0.8069349167300103,
        0.6024048798135978,
        0.5978604031043084,
        1.0485040047600347,
        0.6152612241503086,
        0.7992784972964649,
        0.3105105192330729,
        0.9995074417230536,
        0.6595540235112618,
        0.0960749140690562,
        0.8044729594667086,
        0.9326851500112855,
        0.936084766803582,
        0.5837086353455455,
        0.6772062369887061,
        0.9139658454070511,
        0.7285772920511102,
        1.1671702125411003
      ],
      [
        0.2129218307187529,
        0.1944574198608372,
        1.0363563650282654,
        0.5169392074274923,
        0.772839446245006,
        0.5973625200772191,
        0.9906743857555548,
        1.0176948586536332,
        0.3342310704014665,
        0.33335620186455167,
        0.0,
        0.6455529080517921,
        0.8535087973078137,
        0.29075447991492226,
        0.27506575868048,
        0.9621653421632306,
        0.30689646662532105,
        0.7356787275181814,
        0.024206313918912727,
        0.8459746261254854,
        0.7673613083788726,
        0.2780981386319389,
        0.7752356300877662,
        0.831267775337465,
        0.9997753053751279,
        0.27973162695704296,
        0.739283075198523,
        0.9896638384064971,
        0.8222083050505272,
        1.0594943251762476
      ],
      [
        0.7557303896991466,
        0.8386162140884006,
        0.39080345697647334,
        0.5398674343138996,
        0.47744450925349613,
        0.3856675146138029,
        0.34512147770376267,
        0.4633826815646255,
        0.693131483190132,
        0.7813624238383423,
        0.6455529080517921,
        0.0,
        0.20795588925602154,
        0.8530553487690259,
        0.8073418339970464,
        0.4449236586196867,
        0.8700131152987031,
        0.5589965230551119,
        0.6697592219707048,
        0.22221008291925565,
        0.12180840032708046,
        0.6852875097692861,
        0.5358861008656881,
        0.18792897054567284,
        0.3542223973233358,
        0.8681295917305653,
        0.29728576099573323,
        0.344110930354705,
        0.17665539699873514,
        0.5224129976108011
      ],
      [
        0.7417552284392692,
        1.028830521506522,
        0.18360081579727644,
        0.7478233235699212,
        0.6804884514973549,
        0.34629518145742244,
        0.1629420330269341,
        0.6169263307182025,
        0.8833457906082535,
        0.8069349167300103,
        0.8535087973078137,
        0.20795588925602154,
        0.0,
        0.9953408291318797,
        1.0103857762409052,
        0.5566110654608039,
        1.0139286192999855,
        0.5364876972609516,
        0.8777151112267263,
        0.3414320662077681,
        0.1736301454962166,
        0.7108600026609541,
        0.5064725037372948,
        0.21551037584110336,
        0.14626683634850363,
        1.024277816228657,
        0.500329703239592,
        0.13702078055454642,
        0.07913957800814639,
        0.6718493862325047
      ],
      [
        0.494769398140453,
        0.1411674411693778,
        1.178941644929156,
        0.37088181774671386,
        0.6965585546689058,
        0.8881169999921414,
        1.158282862158814,
        0.9295880387665786,
        0.18817368072068805,
        0.6024048798135978,
        0.29075447991492226,
        0.8530553487690259,
        0.9953408291318797,
        0.0,
        0.04660663729834699,
        0.8793717840652642,
        0.018587790168105748,
        1.0192641393481194,
        0.3071835079516679,
        1.0752654316882815,
        0.9050937086824088,
        0.563624388361999,
        1.0659901100026885,
        0.9939308631233942,
        1.1416076654803833,
        0.02893698709677728,
        0.5557695877732927,
        1.1323616096864262,
        1.00546889997158,
        0.9666081254957547
      ],
      [
        0.48492663159123056,
        0.10358967576947216,
        1.1888903087376272,
        0.327870927831282,
        0.6499530819469924,
        0.8724282787576991,
        1.1522929371669641,
        0.8834518143354967,
        0.14516279080525618,
        0.5978604031043084,
        0.27506575868048,
        0.8073418339970464,
        1.0103857762409052,
        0.04660663729834699,
        0.0,
        0.832922509291831,
        0.0627008642478217,
        0.9933623681044409,
        0.29399936079146755,
        1.029551916916302,
        0.8620828187669769,
        0.5522322892089192,
        1.0503013887682462,
        0.9473242258250472,
        1.1550227873373105,
        0.06910207475700687,
        0.5100560730013132,
        1.1421968816173953,
        0.9597553851996004,
        0.9208638757578063
      ],
      [
        0.9358785214691481,
        0.7677079223023934,
        0.7279098243391784,
        0.6329936257914538,
        0.1950258550736739,
        0.8251425209842332,
        0.6198626054081688,
        0.0729981476091994,
        0.6994789721173443,
        1.0485040047600347,
        0.9621653421632306,
        0.4449236586196867,
        0.5566110654608039,
        0.8793717840652642,
        0.832922509291831,
        0.0,
        0.8937105550379026,
        1.0010731175933563,
        0.9845160520703902,
        0.22271357570043104,
        0.5626669939122229,
        0.9534972618285363,
        0.9767446944508305,
        0.36425696378818995,
        0.6858857492983489,
        0.9002292461816316,
        0.37518460333143683,
        0.6847645344137956,
        0.5589311273862374,
        0.13234761323754587
      ],
      [
        0.5091818410801632,
        0.15969036839569675,
        1.1975294350972618,
        0.38210980704731035,
        0.711877584871744,
        0.897224603222979,
        1.1768706523269197,
        0.9432103673786312,
        0.19940167002128453,
        0.6152612241503086,
        0.30689646662532105,
        0.8700131152987031,
        1.0139286192999855,
        0.018587790168105748,
        0.0627008642478217,
        0.8937105550379026,
        0.0,
        1.0367698493205086,
        0.3227558575074803,
        1.0922231982179587,
        0.9163216979830052,
        0.5783415995078441,
        1.0815450970853857,
        1.010025090072869,
        1.160195455648489,
        0.032840547565108236,
        0.5727273543029698,
        1.150949399854532,
        1.0194107895724382,
        0.9795904613898048
      ],
      [
        0.6724850090799077,
        0.9301361473790186,
        0.4022595191407824,
        0.8230796418014623,
        0.8423578730551888,
        0.19019251580352914,
        0.5460891981418922,
        1.0223304530772555,
        1.005787778827488,
        0.7992784972964649,
        0.7356787275181814,
        0.5589965230551119,
        0.5364876972609516,
        1.0192641393481194,
        0.9933623681044409,
        1.0010731175933563,
        1.0367698493205086,
        0.0,
        0.7254055841512277,
        0.7783595418929251,
        0.43840612368113335,
        0.7429278890097682,
        0.07116802073287846,
        0.6874794226251468,
        0.43137368812166965,
        1.0125274754431872,
        0.7914642796540062,
        0.4489529462610144,
        0.45734811925280516,
        1.0812190196541378
      ],
      [
        0.19169842543032822,
        0.21680812976799682,
        1.060562678947178,
        0.5403926779996073,
        0.7951901561521656,
        0.5916965998702617,
        1.0148806996744675,
        1.0400455685607928,
        0.3576845409735815,
        0.3105105192330729,
        0.024206313918912727,
        0.6697592219707048,
        0.8777151112267263,
        0.3071835079516679,
        0.29399936079146755,
        0.9845160520703902,
        0.3227558575074803,
        0.7254055841512277,
        0.0,
        0.8217683122065726,
        0.7915676222977852,
        0.2582418354383014,
        0.7667029972214222,
        0.8554740892563777,
        1.0239816192940405,
        0.2944934910687279,
        0.7538757625977369,
        1.01387015232541,
        0.8464146189694399,
        1.0818450350834072
      ],
      [
        0.9738754075838579,
        0.9904214980028244,
        0.5067680440048448,
        0.7620775172331553,
        0.4177394307741049,
        0.6024289452838022,
        0.3976442600336556,
        0.2769439772169238,
        0.9153415661093875,
        0.9995074417230536,
        0.8459746261254854,
        0.22221008291925565,
        0.3414320662077681,
        1.0752654316882815,
        1.029551916916302,
        0.22271357570043104,
        1.0922231982179587,
        0.7783595418929251,
        0.8217683122065726,
        0.0,
        0.33995341821179176,
        0.9034325276539974,
        0.7540311187503994,
        0.14159410046522547,
        0.4645692973421817,
        1.0903396746498208,
        0.5194958439149888,
        0.46459389686907826,
        0.3573557475834252,
        0.3306407403710037
      ],
      [
        0.6339219893720661,
        0.8624047588599892,
        0.33528954145891776,
        0.6333284636617482,
        0.5332169042306358,
        0.26402822265687254,
        0.33585436269294744,
        0.5851910818917059,
        0.7169200279617207,
        0.6595540235112618,
        0.7673613083788726,
        0.12180840032708046,
        0.1736301454962166,
        0.9050937086824088,
        0.8620828187669769,
        0.5626669939122229,
        0.9163216979830052,
        0.43840612368113335,
        0.7915676222977852,
        0.33995341821179176,
        0.0,
        0.5634791094422056,
        0.4140777005386076,
        0.2731311265000237,
        0.3107150357352167,
        0.923901986707705,
        0.3530581559728729,
        0.28859611433868576,
        0.10320756098274493,
        0.6438419297548033
      ],
      [
        0.07044287992986056,
        0.4709767226127187,
        0.8645843584582269,
        0.7950373460594312,
        0.7584714067548625,
        0.5527353732062391,
        0.873233905933267,
        1.0191884969668172,
        0.6123292090334054,
        0.0960749140690562,
        0.2780981386319389,
        0.6852875097692861,
        0.7108600026609541,
        0.563624388361999,
        0.5522322892089192,
        0.9534972618285363,
        0.5783415995078441,
        0.7429278890097682,
        0.2582418354383014,
        0.9034325276539974,
        0.5634791094422056,
        0.0,
        0.7481223511800119,
        0.8366102359422293,
        0.8400098527345258,
        0.548551613458786,
        0.5831342726452284,
        0.8178909313379948,
        0.632502377982054,
        1.072163469609602
      ],
      [
        0.6776794712501514,
        0.9696930499486034,
        0.3358811391763149,
        0.828274103971706,
        0.8475523352254325,
        0.19538697797377277,
        0.47492117740901374,
        0.9992687824303135,
        1.0109822409977318,
        0.8044729594667086,
        0.7752356300877662,
        0.5358861008656881,
        0.5064725037372948,
        1.0659901100026885,
        1.0503013887682462,
        0.9767446944508305,
        1.0815450970853857,
        0.07116802073287846,
        0.7667029972214222,
        0.7540311187503994,
        0.4140777005386076,
        0.7481223511800119,
        0.0,
        0.6163114018922684,
        0.3602056673887912,
        1.0487045495202774,
        0.7671358565114805,
        0.3823245887853221,
        0.4625425814230488,
        1.0579196302934109
      ],
      [
        0.9070531158720898,
        1.0257251951983022,
        0.368224843257236,
        0.709729560506802,
        0.5592828188618638,
        0.516454472580992,
        0.25631472692321283,
        0.4160353760188914,
        0.8810604537358048,
        0.9326851500112855,
        0.831267775337465,
        0.18792897054567284,
        0.21551037584110336,
        0.9939308631233942,
        0.9473242258250472,
        0.36425696378818995,
        1.010025090072869,
        0.6874794226251468,
        0.8554740892563777,
        0.14159410046522547,
        0.2731311265000237,
        0.8366102359422293,
        0.6163114018922684,
        0.0,
        0.3259152217357975,
        1.016426300582054,
        0.48521473154140604,
        0.32778995321352417,
        0.2524715731821962,
        0.4672548779341697
      ],
      [
        0.8702145984648677,
        1.1666451093456762,
        0.04230968711195204,
        0.8940898316372354,
        0.7369135758579541,
        0.4746630782017478,
        0.11554233495060685,
        0.7411926024361107,
        1.0211603784474077,
        0.936084766803582,
        0.9997753053751279,
        0.3542223973233358,
        0.14626683634850363,
        1.1416076654803833,
        1.1550227873373105,
        0.6858857492983489,
        1.160195455648489,
        0.43137368812166965,
        1.0239816192940405,
        0.4645692973421817,
        0.3107150357352167,
        0.8400098527345258,
        0.3602056673887912,
        0.3259152217357975,
        0.0,
        1.1283155234230102,
        0.6449667143359973,
        0.022118921396530947,
        0.20750747475247178,
        0.7931254404376014
      ],
      [
        0.47907266652471875,
        0.14925431701045358,
        1.1706252105349622,
        0.3965708002052779,
        0.7156882803060542,
        0.8643840556578708,
        1.1872198492555912,
        0.9515606838020632,
        0.21386266317925207,
        0.5837086353455455,
        0.27973162695704296,
        0.8681295917305653,
        1.024277816228657,
        0.02893698709677728,
        0.06910207475700687,
        0.9002292461816316,
        0.032840547565108236,
        1.0125274754431872,
        0.2944934910687279,
        1.0903396746498208,
        0.923901986707705,
        0.548551613458786,
        1.0487045495202774,
        1.016426300582054,
        1.1283155234230102,
        0.0,
        0.570843830734832,
        1.1504344448195412,
        1.020543142933119,
        0.9894669639823577
      ],
      [
        0.5621773371674087,
        0.550536735695325,
        0.6788342357363143,
        0.2802703076888754,
        0.18015874825776293,
        0.6170863786297454,
        0.642236864165651,
        0.4408758384697178,
        0.4050520047970565,
        0.6772062369887061,
        0.739283075198523,
        0.29728576099573323,
        0.500329703239592,
        0.5557695877732927,
        0.5100560730013132,
        0.37518460333143683,
        0.5727273543029698,
        0.7914642796540062,
        0.7538757625977369,
        0.5194958439149888,
        0.3530581559728729,
        0.5831342726452284,
        0.7671358565114805,
        0.48521473154140604,
        0.6449667143359973,
        0.570843830734832,
        0.0,
        0.6321408086160822,
        0.4496993121982872,
        0.49370335385269015
      ],
      [
        0.8480956770683368,
        1.150882403805363,
        0.046693427120232014,
        0.8839783646686046,
        0.7412973158662342,
        0.45254415680521687,
        0.13263909499357185,
        0.7415227916924232,
        1.0053976729070946,
        0.9139658454070511,
        0.9896638384064971,
        0.344110930354705,
        0.13702078055454642,
        1.1323616096864262,
        1.1421968816173953,
        0.6847645344137956,
        1.150949399854532,
        0.4489529462610144,
        1.01387015232541,
        0.46459389686907826,
        0.28859611433868576,
        0.8178909313379948,
        0.3823245887853221,
        0.32778995321352417,
        0.022118921396530947,
        1.1504344448195412,
        0.6321408086160822,
        0.0,
        0.18538855335594082,
        0.7942818117786207
      ],
      [
        0.6627071237123959,
        0.9654938504494224,
        0.23208198047617284,
        0.7165228313126347,
        0.6298580604560501,
        0.267155603449276,
        0.24073152795121297,
        0.6242112947617159,
        0.8200091195511537,
        0.7285772920511102,
        0.8222083050505272,
        0.17665539699873514,
        0.07913957800814639,
        1.00546889997158,
        0.9597553851996004,
        0.5589311273862374,
        1.0194107895724382,
        0.45734811925280516,
        0.8464146189694399,
        0.3573557475834252,
        0.10320756098274493,
        0.632502377982054,
        0.4625425814230488,
        0.2524715731821962,
        0.20750747475247178,
        1.020543142933119,
        0.4496993121982872,
        0.18538855335594082,
        0.0,
        0.68156140560077
      ],
      [
        1.0545447292502137,
        0.8650369053154104,
        0.8354308595917763,
        0.7376478662288324,
        0.31369206285473955,
        0.9078701524116758,
        0.7161933334273962,
        0.05968693586910806,
        0.7812874820354507,
        1.1671702125411003,
        1.0594943251762476,
        0.5224129976108011,
        0.6718493862325047,
        0.9666081254957547,
        0.9208638757578063,
        0.13234761323754587,
        0.9795904613898048,
        1.0812190196541378,
        1.0818450350834072,
        0.3306407403710037,
        0.6438419297548033,
        1.072163469609602,
        1.0579196302934109,
        0.4672548779341697,
        0.7931254404376014,
        0.9894669639823577,
        0.49370335385269015,
        0.7942818117786207,
        0.68156140560077,
        0.0
      ]
    ],
    "gc": [
      [
        true,
        false,
        false,
        false,
        false,
        false,
        false,
        false,
        true,
        false,
        false,
        false,
        false,
        true,
        true,
        false,
        true,
        false,
        false,
        false,
        false,
        false,
        false,
        false,
        false,
        true,
        false,
        false,
        false,
        false
      ],
      [
        false,
        true,
        false,
        false,
        false,
        false,
        false,
        false,
        false,
        true,
        false,
        false,
        false,
        false,
        false,
        false,
        false,
        false,
        false,
        false,
        false,
        true,
        false,
        false,
        false,
        false,
        false,
        false,
        false,
        false
      ],
      [
        false,
        false,
        true,
        false,
        false,
        false,
        false,
        false,
        false,
        false,
        false,
        false,
        false,
        false,
        false,
        false,
        false,
        false,
        false,
        false,
        false,
        false,
        false,
        false,
        false,
        false,
        false,
        false,
        false,
        false
      ],
      [
        false,
        false,
        false,
        true,
        false,
        false,
        true,
        false,
        false,
        false,
        false,
        false,
        false,
        false,
        false,
        false,
        false,
        false,
        false,
        false,
        false,
        false,
        false,
        false,
        true,
        false,
        false,
        true,
        false,
        false
      ],
      [
        false,
        false,
        false,
        false,
        true,
        false,
        false,
        false,
        false,
        false,
        false,
        false,
        false,
        false,
        false,
        false,
        false,
        false,
        false,
        false,
        false,
        false,
        false,
        false,
        false,
        false,
        false,
        false,
        false,
        false
      ],
      [
        false,
        false,
        false,
        false,
        false,
        true,
        false,
        false,
        false,
        false,
        false,
        false,
        false,
        false,
        false,
        false,
        false,
        false,
        false,
        false,
        false,
        false,
        false,
        false,
        false,
        false,
        false,
        false,
        false,
        false
      ],
      [
        false,
        false,
        false,
        true,
        false,
        false,
        true,
        false,
        false,
        false,
        false,
        false,
        false,
        false,
        false,
        false,
        false,
        false,
        false,
        false,
        false,
        false,
        false,
        false,
        true,
        false,
        false,
        true,
        false,
        false
      ],
      [
        false,
        false,
        false,
        false,
        false,
        false,
        false,
        true,
        false,
        false,
        false,
        false,
        false,
        false,
        false,
        true,
        false,
        false,
        false,
        false,
        false,
        false,
        false,
        false,
        false,
        false,
        false,
        false,
        false,
        true
      ],
      [
        true,
        false,
        false,
        false,
        false,
        false,
        false,
        false,
        true,
        false,
        false,
        false,
        false,
        false,
        true,
        false,
        false,
        false,
        false,
        false,
        false,
        false,
        false,
        false,
        false,
        false,
        false,
        false,
        false,
        false
      ],
      [
        false,
        true,
        false,
        false,
        false,
        false,
        false,
        false,
        false,
        true,
        false,
        false,
        false,
        false,
        false,
        false,
        false,
        false,
        false,
        false,
        false,
        true,
        false,
        false,
        false,
        false,
        false,
        false,
        false,
        false
      ],
      [
        false,
        false,
        false,
        false,
        false,
        false,
        false,
        false,
        false,
        false,
        true,
        false,
        false,
        false,
        false,
        false,
        false,
        false,
        true,
        false,
        false,
        false,
        false,
        false,
        false,
        false,
        false,
        false,
        false,
        false
      ],
      [
        false,
        false,
        false,
        false,
        false,
        false,
        false,
        false,
        false,
        false,
        false,
        true,
        false,
        false,
        false,
        false,
        false,
        false,
        false,
        false,
        true,
        false,
        false,
        false,
        false,
        false,
        false,
        false,
        false,
        false
      ],
      [
        false,
        false,
        false,
        false,
        false,
        false,
        false,
        false,
        false,
        false,
        false,
        false,
        true,
        false,
        false,
        false,
        false,
        false,
        false,
        false,
        false,
        false,
        false,
        false,
        true,
        false,
        false,
        true,
        true,
        false
      ],
      [
        true,
        false,
        false,
        false,
        false,
        false,
        false,
        false,
        false,
        false,
        false,
        false,
        false,
        true,
        true,
        false,
        true,
        false,
        false,
        false,
        false,
        false,
        false,
        false,
        false,
        true,
        false,
        false,
        false,
        false
      ],
      [
        true,
        false,
        false,
        false,
        false,
        false,
        false,
        false,
        true,
        false,
        false,
        false,
        false,
        true,
        true,
        false,
        true,
        false,
        false,
        false,
        false,
        false,
        false,
        false,
        false,
        true,
        false,
        false,
        false,
        false
      ],
      [
        false,
        false,
        false,
        false,
        false,
        false,
        false,
        true,
        false,
        false,
        false,
        false,
        false,
        false,
        false,
        true,
        false,
        false,
        false,
        false,
        false,
        false,
        false,
        false,
        false,
        false,
        false,
        false,
        false,
        true
      ],
      [
        true,
        false,
        false,
        false,
        false,
        false,
        false,
        false,
        false,
        false,
        false,
        false,
        false,
        true,
        true,
        false,
        true,
        false,
        false,
        false,
        false,
        false,
        false,
        false,
        false,
        true,
        false,
        false,
        false,
        false
      ],
      [
        false,
        false,
        false,
        false,
        false,
        false,
        false,
        false,
        false,
        false,
        false,
        false,
        false,
        false,
        false,
        false,
        false,
        true,
        false,
        false,
        false,
        false,
        true,
        false,
        false,
        false,
        false,
        false,
        false,
        false
      ],
      [
        false,
        false,
        false,
        false,
        false,
        false,
        false,
        false,
        false,
        false,
        true,
        false,
        false,
        false,
        false,
        false,
        false,
        false,
        true,
        false,
        false,
        false,
        false,
        false,
        false,
        false,
        false,
        false,
        false,
        false
      ],
      [
        false,
        false,
        false,
        false,
        false,
        false,
        false,
        false,
        false,
        false,
        false,
        false,
        false,
        false,
        false,
        false,
        false,
        false,
        false,
        true,
        false,
        false,
        false,
        true,
        false,
        false,
        false,
        false,
        false,
        false
      ],
      [
        false,
        false,
        false,
        false,
        false,
        false,
        false,
        false,
        false,
        false,
        false,
        true,
        false,
        false,
        false,
        false,
        false,
        false,
        false,
        false,
        true,
        false,
        false,
        false,
        false,
        false,
        false,
        false,
        true,
        false
      ],
      [
        false,
        true,
        false,
        false,
        false,
        false,
        false,
        false,
        false,
        true,
        false,
        false,
        false,
        false,
        false,
        false,
        false,
        false,
        false,
        false,
        false,
        true,
        false,
        false,
        false,
        false,
        false,
        false,
        false,
        false
      ],
      [
        false,
        false,
        false,
        false,
        false,
        false,
        false,
        false,
        false,
        false,
        false,
        false,
        false,
        false,
        false,
        false,
        false,
        true,
        false,
        false,
        false,
        false,
        true,
        false,
        false,
        false,
        false,
        false,
        false,
        false
      ],
      [
        false,
        false,
        false,
        false,
        false,
        false,
        false,
        false,
        false,
        false,
        false,
        false,
        false,
        false,
        false,
        false,
        false,
        false,
        false,
        true,
        false,
        false,
        false,
        true,
        false,
        false,
        false,
        false,
        false,
        false
      ],
      [
        false,
        false,
        false,
        true,
        false,
        false,
        true,
        false,
        false,
        false,
        false,
        false,
        true,
        false,
        false,
        false,
        false,
        false,
        false,
        false,
        false,
        false,
        false,
        false,
        true,
        false,
        false,
        true,
        false,
        false
      ],
      [
        true,
        false,
        false,
        false,
        false,
        false,
        false,
        false,
        false,
        false,
        false,
        false,
        false,
        true,
        true,
        false,
        true,
        false,
        false,
        false,
        false,
        false,
        false,
        false,
        false,
        true,
        false,
        false,
        false,
        false
      ],
      [
        false,
        false,
        false,
        false,
        false,
        false,
        false,
        false,
        false,
        false,
        false,
        false,
        false,
        false,
        false,
        false,
        false,
        false,
        false,
        false,
        false,
        false,
        false,
        false,
        false,
        false,
        true,
        false,
        false,
        false
      ],
      [
        false,
        false,
        false,
        true,
        false,
        false,
        true,
        false,
        false,
        false,
        false,
        false,
        true,
        false,
        false,
        false,
        false,
        false,
        false,
        false,
        false,
        false,
        false,
        false,
        true,
        false,
        false,
        true,
        false,
        false
      ],
      [
        false,
        false,
        false,
        false,
        false,
        false,
        false,
        false,
        false,
        false,
        false,
        false,
        true,
        false,
        false,
        false,
        false,
        false,
        false,
        false,
        true,
        false,
        false,
        false,
        false,
        false,
        false,
        false,
        true,
        false
      ],
      [
        false,
        false,
        false,
        false,
        false,
        false,
        false,
        true,
        false,
        false,
        false,
        false,
        false,
        false,
        false,
        true,
        false,
        false,
        false,
        false,
        false,
        false,
        false,
        false,
        false,
        false,
        false,
        false,
        false,
        true
      ]
    ],
    "vs": [
      true,
      true,
      true,
      true,
      true,
      true,
      true,
      true,
      true,
      true,
      true,
      true,
      false,
      false,
      false,
      false,
      false,
      false,
      false,
      false,
      false,
      false,
      false,
      false,
      false,
      false,
      false,
      false,
      false,
      false
    ],
    "b": 29,
    "r": 4,
    "n": 30,
    "__rnd_id__": 2,
    "__scn_id__": 2
  },
  "info": {
