{
  "sol": {
    "z": 2.760849900226578,
    "tours": [
      [
        0,
        10,
        1,
        7,
        9,
        8,
        5,
        3,
        11,
        4,
        6
      ],
      [
        2
      ]
    ]
  },
  "params": {
    "gm": [
      [
        0.0,
        0.1760551224023785,
        1.4621412262770566,
        0.6810308814785181,
        0.6637356941703954,
        0.8322781075598862,
        0.7179229835252308,
        0.43111376704188836,
        0.7051001922323392,
        0.6484574024258265,
        0.09702919835973563,
        0.7407100118451103,
        0.6659749009469921,
        0.6697152382981156,
        0.5788797803565624,
        0.8155346830856506,
        0.9060662890480156,
        0.42847433283580366,
        0.6376870896182364,
        0.4744925265505392,
        0.06142565230804675,
        0.29991001127592193,
        0.6750781876445662,
        0.8797568339555928,
        0.91335162456281,
        0.8534565374253106,
        0.20496847872429713,
        0.17282390677073395,
        0.27344549921913863,
        0.7558003288220561
      ],
      [
        0.1760551224023785,
        0.0,
        1.5385027633170416,
        0.7444177287839813,
        0.7766524683259,
        0.7056073173925739,
        0.8536936031287271,
        0.3098228364263967,
        0.5290450698299607,
        0.472402280023448,
        0.10246504528084918,
        0.7819459805699387,
        0.4977126099943947,
        0.796378702782482,
        0.4123062302308138,
        0.639479560683272,
        0.7831302632281882,
        0.2575242215617749,
        0.5660180549306484,
        0.6405334489921399,
        0.22831278785947398,
        0.4271137298907078,
        0.7767139732203295,
        0.7494717791366339,
        0.9382503457474154,
        0.7408601774244988,
        0.371679620937677,
        0.3397110423221612,
        0.4232823932040358,
        0.9111861150189645
      ],
      [
        1.4621412262770566,
        1.5385027633170416,
        0.0,
        0.7940850345330605,
        0.7984055321066613,
        1.0909579013403392,
        1.307146395751737,
        1.366008407834304,
        1.1428571536373837,
        1.0661004832935936,
        1.538683548050318,
        0.8637918794500392,
        1.6706267299550082,
        1.264407790408548,
        1.7585462492367196,
        1.0471414389151066,
        1.0596843072474647,
        1.7779147607757944,
        1.2837645406109193,
        1.5027331736401215,
        1.4136902637035318,
        1.2128592310052237,
        0.9663955002427205,
        1.418867560812769,
        1.0364334913547797,
        1.1129107923642776,
        1.3884685836035806,
        1.4271971781866504,
        1.284525945215476,
        1.3937185458079315
      ],
      [
        0.6810308814785181,
        0.7444177287839813,
        0.7940850345330605,
        0.0,
        0.04388733895583153,
        0.29687286680727865,
        0.5488421783337911,
        0.5719233733012437,
        0.3487721191043233,
        0.27201544876053324,
        0.7491877802060682,
        0.06970684491697872,
        0.8765416954219478,
        0.504678899675118,
        0.9644612147036592,
        0.2795887453268086,
        0.26559927271440426,
        0.9838297262427338,
        0.48967950607785893,
        0.7149366456845592,
        0.6196052291704713,
        0.4250627030496614,
        0.21128472533508716,
        0.6247825262797086,
        0.24234845682171913,
        0.3188257578312172,
        0.5992326651782497,
        0.6355422575587288,
        0.4984576547558016,
        0.6357510231479216
      ],
      [
        0.6637356941703954,
        0.7766524683259,
        0.7984055321066613,
        0.04388733895583153,
        0.0,
        0.34050148352298365,
        0.5087408636450758,
        0.6030475577742483,
        0.381006858646242,
        0.30425018830245193,
        0.7402780159436567,
        0.10079428416039403,
        0.9087764349638665,
        0.4660022583018867,
        0.9966959542455779,
        0.2487359068084453,
        0.2966867119578196,
        1.0149171654861493,
        0.5219142456197776,
        0.7043276415334602,
        0.6206003600013495,
        0.4144536988985624,
        0.16798996813605918,
        0.6570172658216273,
        0.2690503788094391,
        0.34991319707463253,
        0.5900630514969192,
        0.628791646079989,
        0.4861204131088146,
        0.5953130137012702
      ],
      [
        0.8322781075598862,
        0.7056073173925739,
        1.0909579013403392,
        0.29687286680727865,
        0.34050148352298365,
        0.0,
        0.8457150451410698,
        0.45935157106925595,
        0.18080428376371574,
        0.2575609541075058,
        0.7500021108834767,
        0.27341537363303997,
        0.6809529527266582,
        0.8015517664823967,
        0.7688724720083697,
        0.5764616121340873,
        0.07752294583561442,
        0.7957533993639441,
        0.19459101794164974,
        0.9236536970957165,
        0.875920461861674,
        0.6337797544608187,
        0.5081575921423658,
        0.43630758659731855,
        0.23264302835484155,
        0.03525286003192499,
        0.8096357463778939,
        0.8513358072174753,
        0.7087201728079034,
        0.9326238899552003
      ],
      [
        0.7179229835252308,
        0.8536936031287271,
        1.307146395751737,
        0.5488421783337911,
        0.5087408636450758,
        0.8457150451410698,
        0.0,
        0.9216019440794014,
        0.7504254912185369,
        0.6950839045922661,
        0.7512285578478779,
        0.6081848338398197,
        1.2342911215916978,
        0.05731490034624506,
        1.1778988569763358,
        0.29873188351583807,
        0.8040772616372452,
        1.0889162790913325,
        0.9066729370855061,
        0.29593201510583433,
        0.656497331217184,
        0.5858059577407322,
        0.34851698467499836,
        1.0322711742265944,
        0.7627324658146598,
        0.8217694994514109,
        0.5129545048009336,
        0.5627754708857069,
        0.5370065746880189,
        0.08744586326854899
      ],
      [
        0.43111376704188836,
        0.3098228364263967,
        1.366008407834304,
        0.5719233733012437,
        0.6030475577742483,
        0.45935157106925595,
        0.9216019440794014,
        0.0,
        0.3154058079518689,
        0.2999340229971331,
        0.3354038607700139,
        0.6416302182182224,
        0.8075354464207913,
        0.9429605558608818,
        0.7221290666572104,
        0.697346055250932,
        0.5220869059378932,
        0.5673470579881716,
        0.47184239576073184,
        0.835876859889268,
        0.45206119616695595,
        0.6612281778151082,
        0.7149808222412686,
        0.6527011005163085,
        0.6781327333400733,
        0.46886042082108026,
        0.5661390029610363,
        0.5552647849010109,
        0.656351809241953,
        1.0090478073479505
      ],
      [
        0.7051001922323392,
        0.5290450698299607,
        1.1428571536373837,
        0.3487721191043233,
        0.381006858646242,
        0.18080428376371574,
        0.7504254912185369,
        0.3154058079518689,
        0.0,
        0.07675667034379008,
        0.6315101151108099,
        0.418478964021302,
        0.5901137991517755,
        0.6970181592870031,
        0.678033318433487,
        0.451718388882732,
        0.2583272295993302,
        0.7865692913917356,
        0.15643658780886294,
        0.7428494133320007,
        0.6951161780979582,
        0.4529754706971029,
        0.4630538579282185,
        0.3383546300095364,
        0.4134473121185573,
        0.21605714379564073,
        0.6288314626141781,
        0.6705315234537594,
        0.5279158890441876,
        0.836598362034333
      ],
      [
        0.6484574024258265,
        0.472402280023448,
        1.0661004832935936,
        0.27201544876053324,
        0.30425018830245193,
        0.2575609541075058,
        0.6950839045922661,
        0.2999340229971331,
        0.07675667034379008,
        0.0,
        0.5748673253042972,
        0.34172229367751195,
        0.6045262466614145,
        0.6430265328637487,
        0.6924457659431259,
        0.39741203225379884,
        0.33508389994312027,
        0.7299265015852229,
        0.21766405731732572,
        0.6678754270654308,
        0.6201421918313883,
        0.378001484430533,
        0.4311627277915553,
        0.35276707751917535,
        0.49020398246234737,
        0.2928138141394308,
        0.5538574763476082,
        0.5955575371871895,
        0.45294190277761776,
        0.7823645236228522
      ],
      [
        0.09702919835973563,
        0.10246504528084918,
        1.538683548050318,
        0.7491877802060682,
        0.7402780159436567,
        0.7500021108834767,
        0.7512285578478779,
        0.3354038607700139,
        0.6315101151108099,
        0.5748673253042972,
        0.0,
        0.6794809352890895,
        0.5723945129851047,
        0.6939136575016328,
        0.48486039751131327,
        0.7419446059641213,
        0.8237902923716061,
        0.33768772124345464,
        0.5554110929418269,
        0.54169819672482,
        0.13463570495014512,
        0.32582431704509435,
        0.6742489279394803,
        0.7974808372791833,
        0.8521225480067892,
        0.7711805407489011,
        0.27504651114113654,
        0.2460289900585557,
        0.32094794847193914,
        0.8087855385010033
      ],
      [
        0.7407100118451103,
        0.7819459805699387,
        0.8637918794500392,
        0.06970684491697872,
        0.10079428416039403,
        0.27341537363303997,
        0.6081848338398197,
        0.6416302182182224,
        0.418478964021302,
        0.34172229367751195,
        0.6794809352890895,
        0.0,
        0.871419131026322,
        0.5663752521883385,
        0.9593386503080334,
        0.34751581486073624,
        0.19589242779742555,
        0.9141228813257551,
        0.4642716272272048,
        0.7821437967913606,
        0.6792843595370636,
        0.4922698541564628,
        0.2629805513285485,
        0.6944893711966873,
        0.1726416127176997,
        0.24911891291423852,
        0.6654029776860089,
        0.7003827059498932,
        0.5661573765667256,
        0.6943573134448302
      ],
      [
        0.6659749009469921,
        0.4977126099943947,
        1.6706267299550082,
        0.8765416954219478,
        0.9087764349638665,
        0.6809529527266582,
        1.2342911215916978,
        0.8075354464207913,
        0.5901137991517755,
        0.6045262466614145,
        0.5723945129851047,
        0.871419131026322,
        0.0,
        1.1769762212454529,
        0.08791951928171146,
        0.9670864927422091,
        0.7552848103676304,
        0.24049821942712807,
        0.4869230847436396,
        1.1091505790136122,
        0.7059747373686115,
        0.8585141637750446,
        1.0354287157890232,
        0.2517591691422391,
        0.911775854932452,
        0.702521825218253,
        0.8394127220853805,
        0.8168922843158083,
        0.8775754630184724,
        1.3167650785609042
      ],
      [
        0.6697152382981156,
        0.796378702782482,
        1.264407790408548,
        0.504678899675118,
        0.4660022583018867,
        0.8015517664823967,
        0.05731490034624506,
        0.9429605558608818,
        0.6970181592870031,
        0.6430265328637487,
        0.6939136575016328,
        0.5663752521883385,
        1.1769762212454529,
        0.0,
        1.1247814740704476,
        0.24561450060994985,
        0.7615433552521813,
        1.0316013787450875,
        0.8530166864646157,
        0.26693769374958254,
        0.6082895859900689,
        0.5568116363844804,
        0.3118137857365253,
        0.9791537913207062,
        0.7254407075918808,
        0.7850663005129377,
        0.4647467595738185,
        0.5151111986754572,
        0.5080122533317671,
        0.1397888573154512
      ],
      [
        0.5788797803565624,
        0.4123062302308138,
        1.7585462492367196,
        0.9644612147036592,
        0.9966959542455779,
        0.7688724720083697,
        1.1778988569763358,
        0.7221290666572104,
        0.678033318433487,
        0.6924457659431259,
        0.48486039751131327,
        0.9593386503080334,
        0.08791951928171146,
        1.1247814740704476,
        0.0,
        0.8791669734604977,
        0.8432043296493419,
        0.15696963360574492,
        0.574842604025351,
        1.0212350546175422,
        0.6182342076812022,
        0.7749855779536615,
        1.035543702779756,
        0.33967868842395055,
        0.9996953742141634,
        0.7904413444999645,
        0.7514971976893104,
        0.7290774507698341,
        0.7940468771970893,
        1.264119464829551
      ],
      [
        0.8155346830856506,
        0.639479560683272,
        1.0471414389151066,
        0.2795887453268086,
        0.2487359068084453,
        0.5764616121340873,
        0.29873188351583807,
        0.697346055250932,
        0.451718388882732,
        0.39741203225379884,
        0.7419446059641213,
        0.34751581486073624,
        0.9670864927422091,
        0.24561450060994985,
        0.8791669734604977,
        0.0,
        0.5159288546422315,
        0.897003782245047,
        0.6079411535854391,
        0.5125521943595324,
        0.7784946968668491,
        0.6631896057070077,
        0.15637672931925833,
        0.7335392907107564,
        0.5177860589995732,
        0.5691553397590444,
        0.7103612601837683,
        0.760725699285407,
        0.7348563199172599,
        0.38495249136905335
      ],
      [
        0.9060662890480156,
        0.7831302632281882,
        1.0596843072474647,
        0.26559927271440426,
        0.2966867119578196,
        0.07752294583561442,
        0.8040772616372452,
        0.5220869059378932,
        0.2583272295993302,
        0.33508389994312027,
        0.8237902923716061,
        0.19589242779742555,
        0.7552848103676304,
        0.7615433552521813,
        0.8432043296493419,
        0.5159288546422315,
        0.0,
        0.7182304535283296,
        0.2683791994297792,
        0.9780362245887861,
        0.8751767873344891,
        0.6881622819538884,
        0.458872979125974,
        0.5082726590236285,
        0.15657467262212416,
        0.05322648511681296,
        0.8612954054834344,
        0.8962751337473187,
        0.7620498043641512,
        0.8902497412422558
      ],
      [
        0.42847433283580366,
        0.2575242215617749,
        1.7779147607757944,
        0.9838297262427338,
        1.0149171654861493,
        0.7957533993639441,
        1.0889162790913325,
        0.5673470579881716,
        0.7865692913917356,
        0.7299265015852229,
        0.33768772124345464,
        0.9141228813257551,
        0.24049821942712807,
        1.0316013787450875,
        0.15696963360574492,
        0.897003782245047,
        0.7182304535283296,
        0.0,
        0.7274213041707677,
        0.8712232001584779,
        0.4723044990013849,
        0.6180159443479166,
        1.011936649182935,
        0.4922573885693672,
        0.8748051261504537,
        0.7714569386451425,
        0.610415757020531,
        0.5837026639113251,
        0.6370772435913444,
        1.125024888718118
      ],
      [
        0.6376870896182364,
        0.5660180549306484,
        1.2837645406109193,
        0.48967950607785893,
        0.5219142456197776,
        0.19459101794164974,
        0.9066729370855061,
        0.47184239576073184,
        0.15643658780886294,
        0.21766405731732572,
        0.5554110929418269,
        0.4642716272272048,
        0.4869230847436396,
        0.8530166864646157,
        0.574842604025351,
        0.6079411535854391,
        0.2683791994297792,
        0.7274213041707677,
        0.0,
        0.8760175143718846,
        0.690046797891972,
        0.5896583025824327,
        0.6194904457370815,
        0.24206974433735642,
        0.4249184917988513,
        0.2157694478070742,
        0.7655142944995079,
        0.8014400830003826,
        0.6645987209295174,
        0.9926855682917936
      ],
      [
        0.4744925265505392,
        0.6405334489921399,
        1.5027331736401215,
        0.7149366456845592,
        0.7043276415334602,
        0.9236536970957165,
        0.29593201510583433,
        0.835876859889268,
        0.7428494133320007,
        0.6678754270654308,
        0.54169819672482,
        0.7821437967913606,
        1.1091505790136122,
        0.26693769374958254,
        1.0212350546175422,
        0.5125521943595324,
        0.9780362245887861,
        0.8712232001584779,
        0.8760175143718846,
        0.0,
        0.41306687424249244,
        0.2898739426348978,
        0.5787514794861078,
        1.0206425045846061,
        0.9508332728735538,
        0.9589065571276414,
        0.2697378569282317,
        0.3111595185729524,
        0.24107455958218463,
        0.3150844302878474
      ],
      [
        0.06142565230804675,
        0.22831278785947398,
        1.4136902637035318,
        0.6196052291704713,
        0.6206003600013495,
        0.875920461861674,
        0.656497331217184,
        0.45206119616695595,
        0.6951161780979582,
        0.6201421918313883,
        0.13463570495014512,
        0.6792843595370636,
        0.7059747373686115,
        0.6082895859900689,
        0.6182342076812022,
        0.7784946968668491,
        0.8751767873344891,
        0.4723044990013849,
        0.690046797891972,
        0.41306687424249244,
        0.0,
        0.24214070740085536,
        0.6221179675475907,
        0.9321165422293284,
        0.8519259722547633,
        0.9058162456990462,
        0.14354282641625038,
        0.1113982544626872,
        0.2121853006940427,
        0.6946925811918336
      ],
      [
        0.29991001127592193,
        0.4271137298907078,
        1.2128592310052237,
        0.4250627030496614,
        0.4144536988985624,
        0.6337797544608187,
        0.5858059577407322,
        0.6612281778151082,
        0.4529754706971029,
        0.378001484430533,
        0.32582431704509435,
        0.4922698541564628,
        0.8585141637750446,
        0.5568116363844804,
        0.7749855779536615,
        0.6631896057070077,
        0.6881622819538884,
        0.6180159443479166,
        0.5896583025824327,
        0.2898739426348978,
        0.24214070740085536,
        0.0,
        0.5824436670346216,
        0.7307685619497084,
        0.660959330238656,
        0.6690326144927436,
        0.1758559919170752,
        0.21755605275665657,
        0.07494041834708474,
        0.5628880634738583
      ],
      [
        0.6750781876445662,
        0.7767139732203295,
        0.9663955002427205,
        0.21128472533508716,
        0.16798996813605918,
        0.5081575921423658,
        0.34851698467499836,
        0.7149808222412686,
        0.4630538579282185,
        0.4311627277915553,
        0.6742489279394803,
        0.2629805513285485,
        1.0354287157890232,
        0.3118137857365253,
        1.035543702779756,
        0.15637672931925833,
        0.458872979125974,
        1.011936649182935,
        0.6194904457370815,
        0.5787514794861078,
        0.6221179675475907,
        0.5824436670346216,
        0.0,
        0.7836695466467841,
        0.41437963094768193,
        0.47325251477641245,
        0.7580530196329783,
        0.733516222010278,
        0.6541103812448738,
        0.43336446233944503
      ],
      [
        0.8797568339555928,
        0.7494717791366339,
        1.418867560812769,
        0.6247825262797086,
        0.6570172658216273,
        0.43630758659731855,
        1.0322711742265944,
        0.6527011005163085,
        0.3383546300095364,
        0.35276707751917535,
        0.7974808372791833,
        0.6944893711966873,
        0.2517591691422391,
        0.9791537913207062,
        0.33967868842395055,
        0.7335392907107564,
        0.5082726590236285,
        0.4922573885693672,
        0.24206974433735642,
        1.0206425045846061,
        0.9321165422293284,
        0.7307685619497084,
        0.7836695466467841,
        0.0,
        0.6640635227983147,
        0.45511691082445427,
        0.9066245538667836,
        0.948324614706365,
        0.8057089802967932,
        1.1184917820798097
      ],
      [
        0.91335162456281,
        0.9382503457474154,
        1.0364334913547797,
        0.24234845682171913,
        0.2690503788094391,
        0.23264302835484155,
        0.7627324658146598,
        0.6781327333400733,
        0.4134473121185573,
        0.49020398246234737,
        0.8521225480067892,
        0.1726416127176997,
        0.911775854932452,
        0.7254407075918808,
        0.9996953742141634,
        0.5177860589995732,
        0.15657467262212416,
        0.8748051261504537,
        0.4249184917988513,
        0.9508332728735538,
        0.8519259722547633,
        0.660959330238656,
        0.41437963094768193,
        0.6640635227983147,
        0.0,
        0.20927231251899303,
        0.8317841787659813,
        0.8642486030361697,
        0.7354496296734496,
        0.8467662253788579
      ],
      [
        0.8534565374253106,
        0.7408601774244988,
        1.1129107923642776,
        0.3188257578312172,
        0.34991319707463253,
        0.03525286003192499,
        0.8217694994514109,
        0.46886042082108026,
        0.21605714379564073,
        0.2928138141394308,
        0.7711805407489011,
        0.24911891291423852,
        0.702521825218253,
        0.7850663005129377,
        0.7904413444999645,
        0.5691553397590444,
        0.05322648511681296,
        0.7714569386451425,
        0.2157694478070742,
        0.9589065571276414,
        0.9058162456990462,
        0.6690326144927436,
        0.47325251477641245,
        0.45511691082445427,
        0.20927231251899303,
        0.0,
        0.8448886064098189,
        0.8865886672494002,
        0.7439730328398284,
        0.9066169771158574
      ],
      [
        0.20496847872429713,
        0.371679620937677,
        1.3884685836035806,
        0.5992326651782497,
        0.5900630514969192,
        0.8096357463778939,
        0.5129545048009336,
        0.5661390029610363,
        0.6288314626141781,
        0.5538574763476082,
        0.27504651114113654,
        0.6654029776860089,
        0.8394127220853805,
        0.4647467595738185,
        0.7514971976893104,
        0.7103612601837683,
        0.8612954054834344,
        0.610415757020531,
        0.7655142944995079,
        0.2697378569282317,
        0.14354282641625038,
        0.1758559919170752,
        0.7580530196329783,
        0.9066245538667836,
        0.8317841787659813,
        0.8448886064098189,
        0.0,
        0.05089507449783585,
        0.11007232518125014,
        0.5596339543054787
      ],
      [
        0.17282390677073395,
        0.3397110423221612,
        1.4271971781866504,
        0.6355422575587288,
        0.628791646079989,
        0.8513358072174753,
        0.5627754708857069,
        0.5552647849010109,
        0.6705315234537594,
        0.5955575371871895,
        0.2460289900585557,
        0.7003827059498932,
        0.8168922843158083,
        0.5151111986754572,
        0.7290774507698341,
        0.760725699285407,
        0.8962751337473187,
        0.5837026639113251,
        0.8014400830003826,
        0.3111595185729524,
        0.1113982544626872,
        0.21755605275665657,
        0.733516222010278,
        0.948324614706365,
        0.8642486030361697,
        0.8865886672494002,
        0.05089507449783585,
        0.0,
        0.15776074172621327,
        0.6076320722998972
      ],
      [
        0.27344549921913863,
        0.4232823932040358,
        1.284525945215476,
        0.4984576547558016,
        0.4861204131088146,
        0.7087201728079034,
        0.5370065746880189,
        0.656351809241953,
        0.5279158890441876,
        0.45294190277761776,
        0.32094794847193914,
        0.5661573765667256,
        0.8775754630184724,
        0.5080122533317671,
        0.7940468771970893,
        0.7348563199172599,
        0.7620498043641512,
        0.6370772435913444,
        0.6645987209295174,
        0.24107455958218463,
        0.2121853006940427,
        0.07494041834708474,
        0.6541103812448738,
        0.8057089802967932,
        0.7354496296734496,
        0.7439730328398284,
        0.11007232518125014,
        0.15776074172621327,
        0.0,
        0.48794764512677363
      ],
      [
        0.7558003288220561,
        0.9111861150189645,
        1.3937185458079315,
        0.6357510231479216,
        0.5953130137012702,
        0.9326238899552003,
        0.08744586326854899,
        1.0090478073479505,
        0.836598362034333,
        0.7823645236228522,
        0.8087855385010033,
        0.6943573134448302,
        1.3167650785609042,
        0.1397888573154512,
        1.264119464829551,
        0.38495249136905335,
        0.8902497412422558,
        1.125024888718118,
        0.9926855682917936,
        0.3150844302878474,
        0.6946925811918336,
        0.5628880634738583,
        0.43336446233944503,
        1.1184917820798097,
        0.8467662253788579,
        0.9066169771158574,
        0.5596339543054787,
        0.6076320722998972,
        0.48794764512677363,
        0.0
      ]
    ],
    "gc": [
      [
        true,
        false,
        false,
        false,
        false,
        false,
        false,
        false,
        false,
        false,
        true,
        false,
        false,
        false,
        false,
        false,
        false,
        false,
        false,
        false,
        false,
        false,
        false,
        false,
        false,
        false,
        false,
        false,
        false,
        false
      ],
      [
        false,
        true,
        false,
        false,
        false,
        false,
        false,
        false,
        false,
        false,
        true,
        false,
        false,
        false,
        false,
        false,
        false,
        false,
        false,
        false,
        true,
        false,
        false,
        false,
        false,
        false,
        false,
        false,
        false,
        false
      ],
      [
        false,
        false,
        true,
        false,
        true,
        false,
        false,
        false,
        false,
        false,
        false,
        true,
        false,
        false,
        false,
        false,
        false,
        false,
        false,
        false,
        false,
        false,
        false,
        false,
        false,
        false,
        false,
        false,
        false,
        false
      ],
      [
        false,
        false,
        false,
        true,
        false,
        false,
        false,
        false,
        false,
        false,
        false,
        false,
        false,
        false,
        false,
        false,
        false,
        false,
        false,
        false,
        false,
        false,
        false,
        false,
        false,
        false,
        false,
        false,
        false,
        false
      ],
      [
        false,
        false,
        true,
        false,
        true,
        false,
        false,
        false,
        false,
        false,
        false,
        true,
        false,
        false,
        false,
        false,
        false,
        false,
        false,
        false,
        false,
        false,
        false,
        false,
        false,
        false,
        false,
        false,
        false,
        false
      ],
      [
        false,
        false,
        false,
        false,
        false,
        true,
        false,
        false,
        false,
        false,
        false,
        false,
        false,
        false,
        false,
        false,
        true,
        false,
        false,
        false,
        false,
        false,
        false,
        false,
        false,
        true,
        false,
        false,
        false,
        false
      ],
      [
        false,
        false,
        false,
        false,
        false,
        false,
        true,
        false,
        false,
        false,
        false,
        false,
        false,
        true,
        false,
        false,
        false,
        false,
        false,
        false,
        false,
        false,
        false,
        false,
        false,
        false,
        false,
        false,
        false,
        true
      ],
      [
        false,
        false,
        false,
        false,
        false,
        false,
        false,
        true,
        false,
        false,
        false,
        false,
        false,
        false,
        false,
        false,
        false,
        false,
        false,
        false,
        false,
        false,
        false,
        false,
        false,
        false,
        false,
        false,
        false,
        false
      ],
      [
        false,
        false,
        false,
        false,
        false,
        false,
        false,
        false,
        true,
        true,
        false,
        false,
        false,
        false,
        false,
        false,
        false,
        false,
        true,
        false,
        false,
        false,
        false,
        false,
        false,
        false,
        false,
        false,
        false,
        false
      ],
      [
        false,
        false,
        false,
        false,
        false,
        false,
        false,
        false,
        true,
        true,
        false,
        false,
        false,
        false,
        false,
        false,
        false,
        false,
        false,
        false,
        false,
        false,
        false,
        false,
        false,
        false,
        false,
        false,
        false,
        false
      ],
      [
        true,
        true,
        false,
        false,
        false,
        false,
        false,
        false,
        false,
        false,
        true,
        false,
        false,
        false,
        false,
        false,
        false,
        false,
        false,
        false,
        true,
        false,
        false,
        false,
        false,
        false,
        false,
        false,
        false,
        false
      ],
      [
        false,
        false,
        true,
        false,
        true,
        false,
        false,
        false,
        false,
        false,
        false,
        true,
        false,
        false,
        false,
        false,
        false,
        false,
        false,
        false,
        false,
        false,
        false,
        false,
        false,
        false,
        false,
        false,
        false,
        false
      ],
      [
        false,
        false,
        false,
        false,
        false,
        false,
        false,
        false,
        false,
        false,
        false,
        false,
        true,
        false,
        true,
        false,
        false,
        false,
        false,
        false,
        false,
        false,
        false,
        false,
        false,
        false,
        false,
        false,
        false,
        false
      ],
      [
        false,
        false,
        false,
        false,
        false,
        false,
        true,
        false,
        false,
        false,
        false,
        false,
        false,
        true,
        false,
        false,
        false,
        false,
        false,
        false,
        false,
        false,
        false,
        false,
        false,
        false,
        false,
        false,
        false,
        true
      ],
      [
        false,
        false,
        false,
        false,
        false,
        false,
        false,
        false,
        false,
        false,
        false,
        false,
        true,
        false,
        true,
        false,
        false,
        true,
        false,
        false,
        false,
        false,
        false,
        false,
        false,
        false,
        false,
        false,
        false,
        false
      ],
      [
        false,
        false,
        false,
        false,
        false,
        false,
        false,
        false,
        false,
        false,
        false,
        false,
        false,
        false,
        false,
        true,
        false,
        false,
        false,
        false,
        false,
        false,
        true,
        false,
        false,
        false,
        false,
        false,
        false,
        false
      ],
      [
        false,
        false,
        false,
        false,
        false,
        true,
        false,
        false,
        false,
        false,
        false,
        false,
        false,
        false,
        false,
        false,
        true,
        false,
        false,
        false,
        false,
        false,
        false,
        false,
        true,
        true,
        false,
        false,
        false,
        false
      ],
      [
        false,
        false,
        false,
        false,
        false,
        false,
        false,
        false,
        false,
        false,
        false,
        false,
        false,
        false,
        true,
        false,
        false,
        true,
        false,
        false,
        false,
        false,
        false,
        false,
        false,
        false,
        false,
        false,
        false,
        false
      ],
      [
        false,
        false,
        false,
        false,
        false,
        false,
        false,
        false,
        true,
        false,
        false,
        false,
        false,
        false,
        false,
        false,
        false,
        false,
        true,
        false,
        false,
        false,
        false,
        false,
        false,
        false,
        false,
        false,
        false,
        false
      ],
      [
        false,
        false,
        false,
        false,
        false,
        false,
        false,
        false,
        false,
        false,
        false,
        false,
        false,
        false,
        false,
        false,
        false,
        false,
        false,
        true,
        false,
        false,
        false,
        false,
        false,
        false,
        false,
        false,
        false,
        false
      ],
      [
        false,
        true,
        false,
        false,
        false,
        false,
        false,
        false,
        false,
        false,
        true,
        false,
        false,
        false,
        false,
        false,
        false,
        false,
        false,
        false,
        true,
        false,
        false,
        false,
        false,
        false,
        true,
        true,
        false,
        false
      ],
      [
        false,
        false,
        false,
        false,
        false,
        false,
        false,
        false,
        false,
        false,
        false,
        false,
        false,
        false,
        false,
        false,
        false,
        false,
        false,
        false,
        false,
        true,
        false,
        false,
        false,
        false,
        false,
        false,
        true,
        false
      ],
      [
        false,
        false,
        false,
        false,
        false,
        false,
        false,
        false,
        false,
        false,
        false,
        false,
        false,
        false,
        false,
        true,
        false,
        false,
        false,
        false,
        false,
        false,
        true,
        false,
        false,
        false,
        false,
        false,
        false,
        false
      ],
      [
        false,
        false,
        false,
        false,
        false,
        false,
        false,
        false,
        false,
        false,
        false,
        false,
        false,
        false,
        false,
        false,
        false,
        false,
        false,
        false,
        false,
        false,
        false,
        true,
        false,
        false,
        false,
        false,
        false,
        false
      ],
      [
        false,
        false,
        false,
        false,
        false,
        false,
        false,
        false,
        false,
        false,
        false,
        false,
        false,
        false,
        false,
        false,
        true,
        false,
        false,
        false,
        false,
        false,
        false,
        false,
        true,
        false,
        false,
        false,
        false,
        false
      ],
      [
        false,
        false,
        false,
        false,
        false,
        true,
        false,
        false,
        false,
        false,
        false,
        false,
        false,
        false,
        false,
        false,
        true,
        false,
        false,
        false,
        false,
        false,
        false,
        false,
        false,
        true,
        false,
        false,
        false,
        false
      ],
      [
        false,
        false,
        false,
        false,
        false,
        false,
        false,
        false,
        false,
        false,
        false,
        false,
        false,
        false,
        false,
        false,
        false,
        false,
        false,
        false,
        true,
        false,
        false,
        false,
        false,
        false,
        true,
        true,
        true,
        false
      ],
      [
        false,
        false,
        false,
        false,
        false,
        false,
        false,
        false,
        false,
        false,
        false,
        false,
        false,
        false,
        false,
        false,
        false,
        false,
        false,
        false,
        true,
        false,
        false,
        false,
        false,
        false,
        true,
        true,
        true,
        false
      ],
      [
        false,
        false,
        false,
        false,
        false,
        false,
        false,
        false,
        false,
        false,
        false,
        false,
        false,
        false,
        false,
        false,
        false,
        false,
        false,
        false,
        false,
        true,
        false,
        false,
        false,
        false,
        true,
        true,
        true,
        false
      ],
      [
        false,
        false,
        false,
        false,
        false,
        false,
        true,
        false,
        false,
        false,
        false,
        false,
        false,
        true,
        false,
        false,
        false,
        false,
        false,
        false,
        false,
        false,
        false,
        false,
        false,
        false,
        false,
        false,
        false,
        true
      ]
    ],
    "vs": [
      true,
      true,
      true,
      true,
      true,
      true,
      true,
      true,
      true,
      true,
      true,
      true,
      false,
      false,
      false,
      false,
      false,
      false,
      false,
      false,
      false,
      false,
      false,
      false,
      false,
      false,
      false,
      false,
      false,
      false
    ],
    "b": 29,
    "r": 2,
    "n": 30,
    "__rnd_id__": 3,
    "__scn_id__": 2
  },
  "info": {
