{
  "sol": {
    "z": 3.268058696842833,
    "tours": [
      [
        0,
        8,
        3,
        10,
        11,
        1,
        2,
        6
      ],
      [
        7,
        9,
        5,
        4
      ]
    ]
  },
  "params": {
    "gm": [
      [
        0.0,
        0.38997243518136093,
        0.690230846221692,
        0.11904976295007567,
        0.4799170160525549,
        0.86692951865404,
        0.8206744384551798,
        0.7170585063778132,
        0.22332302288297748,
        0.9716993017276756,
        0.38225794433926485,
        0.6450936497649736,
        0.7427222326905808,
        0.6004890345170939,
        0.8742756943677087,
        0.5367359888707656,
        0.7336684533496712,
        0.8351565801349399,
        0.7403181926104134,
        0.802167807221065,
        0.8574443735120023,
        0.34094044744945096,
        0.5288311477393126,
        0.8626470517008618,
        0.8945568573550563,
        0.7587987096063984,
        0.4175658817687189,
        0.911409523931821,
        0.789862307890169,
        0.566010397141115
      ],
      [
        0.38997243518136093,
        0.0,
        0.3202965584140614,
        0.2757319537018351,
        0.4734597132593181,
        0.476957083472679,
        0.43070200327381886,
        0.32708607119645233,
        0.5694171795375975,
        0.5817268665463147,
        0.5561226519679066,
        0.7774952470445539,
        0.35274979750921986,
        0.21118621113360683,
        0.48430325918634776,
        0.49042047461660276,
        0.3436960181683103,
        0.445184144953579,
        0.3989042672314812,
        0.4596203108693317,
        0.4674719383306414,
        0.5483777345355936,
        0.8749253043939327,
        0.6710163707270538,
        0.6477698193253585,
        0.8230790550990313,
        0.6250031688548615,
        0.6746639623491677,
        0.8451036019652939,
        0.9178333293035423
      ],
      [
        0.690230846221692,
        0.3202965584140614,
        0.0,
        0.5711810832716163,
        0.22253288100402266,
        0.26308244727323205,
        0.2026728305210539,
        0.21227835927646396,
        0.8161884162122655,
        0.4668411836112073,
        0.528222030374972,
        0.48582279344233925,
        0.08047508096833293,
        0.2263421159986408,
        0.19018860913673272,
        0.1880817835732815,
        0.6198837644804995,
        0.14875561041484164,
        0.08515206598646657,
        0.14147637394201157,
        0.35087549386986266,
        0.48452981114742905,
        0.710853751104258,
        0.35287243379973365,
        0.32962588239803836,
        0.5049351181717112,
        0.561155245466697,
        0.5597933086640682,
        0.5269596650379738,
        0.9063621998993089
      ],
      [
        0.11904976295007567,
        0.2757319537018351,
        0.5711810832716163,
        0.0,
        0.3608672531024792,
        0.7526890371745141,
        0.7064339569756539,
        0.6022564821560739,
        0.29368522583576245,
        0.8568972775059363,
        0.30802561480856566,
        0.6057323987354497,
        0.628481751211055,
        0.4845026860964894,
        0.7600352128881829,
        0.4176862259206898,
        0.6194279718701454,
        0.719936693686458,
        0.6403291082437738,
        0.7015219042260464,
        0.742642349290263,
        0.2726457808337585,
        0.5991933506920976,
        0.8232858006713378,
        0.8551956063255324,
        0.7135069022012377,
        0.3492712151530265,
        0.7932285409767225,
        0.7473603871873687,
        0.6421013756017072
      ],
      [
        0.4799170160525549,
        0.4734597132593181,
        0.22253288100402266,
        0.3608672531024792,
        0.0,
        0.4560634395895894,
        0.3985652264664536,
        0.3402873405101016,
        0.6545524789382416,
        0.5921417535303137,
        0.607209942960011,
        0.34036411194533045,
        0.28722068540216056,
        0.26227350212571127,
        0.41177391526986873,
        0.05681897281821064,
        0.6229635962488425,
        0.3701448667402388,
        0.27946185514129457,
        0.34065465112356724,
        0.46906795820606917,
        0.6335130339362377,
        0.5450626067117573,
        0.5520507109812893,
        0.528804159579594,
        0.4170826139353353,
        0.6854732801845612,
        0.6798243687237124,
        0.4546206720699693,
        0.7563019301789371
      ],
      [
        0.86692951865404,
        0.476957083472679,
        0.26308244727323205,
        0.7526890371745141,
        0.4560634395895894,
        0.0,
        0.060442596342250944,
        0.1572130190634412,
        0.9465054678712358,
        0.30524379787050493,
        0.6450782008174176,
        0.6489378949556286,
        0.18267466268713373,
        0.3001417599831179,
        0.1449907003306333,
        0.4384605192302484,
        0.7132994825903999,
        0.15606397844614037,
        0.2849766819328102,
        0.2824676637203993,
        0.18912395986005137,
        0.6843544270937727,
        0.9732387525045628,
        0.49386372357812136,
        0.4704581427246119,
        0.6459264079500989,
        0.7233415380419679,
        0.37825262490315414,
        0.6679509548163615,
        1.1694446471725408
      ],
      [
        0.8206744384551798,
        0.43070200327381886,
        0.2026728305210539,
        0.7064339569756539,
        0.3985652264664536,
        0.060442596342250944,
        0.0,
        0.12923821359753884,
        0.9185306624053334,
        0.32951714821853895,
        0.5846356044751666,
        0.5885041314491755,
        0.12224089918068061,
        0.2396991636408669,
        0.11233206024024171,
        0.3790439418948418,
        0.652856886248149,
        0.10896162499121435,
        0.22865226364565405,
        0.23304845732787632,
        0.20720482180276295,
        0.6280300088066165,
        0.9128317354236479,
        0.4444445171855984,
        0.4208423015195413,
        0.596507201557576,
        0.6628989416997169,
        0.4108525988373527,
        0.6185317484238385,
        1.1090350304203627
      ],
      [
        0.7170585063778132,
        0.32708607119645233,
        0.21227835927646396,
        0.6022564821560739,
        0.3402873405101016,
        0.1572130190634412,
        0.12923821359753884,
        0.0,
        0.7892924488077946,
        0.25464079534986234,
        0.7055173275986419,
        0.6194406802164854,
        0.15317744794799054,
        0.36058088676434225,
        0.229359886812844,
        0.3391287268137489,
        0.6707820893647627,
        0.2082643731852334,
        0.2772478646736103,
        0.3075266594432709,
        0.14038586713418905,
        0.6766256098345728,
        0.8809831481604019,
        0.518922719300993,
        0.4956761678992977,
        0.6709854036729705,
        0.7532510441538407,
        0.3475778911527153,
        0.6930099505392331,
        1.0922224716275817
      ],
      [
        0.22332302288297748,
        0.5694171795375975,
        0.8161884162122655,
        0.29368522583576245,
        0.6545524789382416,
        0.9465054678712358,
        0.9185306624053334,
        0.7892924488077946,
        0.0,
        0.9594981456394764,
        0.3733254134542724,
        0.6740900400291401,
        0.856108715064906,
        0.7182618542885721,
        0.9013090771259136,
        0.7113714517564523,
        0.9131131977059079,
        0.8675869548160853,
        0.7310363502257988,
        0.7928859648364505,
        0.9190778725882316,
        0.3316586050648364,
        0.3055081248563351,
        0.8916434419650283,
        0.9235532476192228,
        0.7760672171011637,
        0.3788117505781304,
        1.0545860565724707,
        0.8051962308121066,
        0.3488707114357778
      ],
      [
        0.9716993017276756,
        0.5817268665463147,
        0.4668411836112073,
        0.8568972775059363,
        0.5921417535303137,
        0.30524379787050493,
        0.32951714821853895,
        0.25464079534986234,
        0.9594981456394764,
        0.0,
        0.7541852820751828,
        0.8706689351776098,
        0.40440570290911504,
        0.5692163118594058,
        0.44101032368378656,
        0.5937695221636112,
        0.4770258652278458,
        0.43620801815950005,
        0.529477475476496,
        0.5523690453335524,
        0.12307379532424453,
        0.7104930628476398,
        1.1356239435102642,
        0.7637651051912744,
        0.7405185537895791,
        0.915827789563252,
        0.7802053852220907,
        0.0950879109329944,
        0.9378523364295145,
        1.3083688570752543
      ],
      [
        0.38225794433926485,
        0.5561226519679066,
        0.528222030374972,
        0.30802561480856566,
        0.607209942960011,
        0.6450782008174176,
        0.5846356044751666,
        0.7055173275986419,
        0.3733254134542724,
        0.7541852820751828,
        0.0,
        0.32188575888067883,
        0.5523398796506513,
        0.3449364408342997,
        0.6133426912886202,
        0.6196267687497365,
        0.7580941634415816,
        0.5796205689787918,
        0.44306996438850543,
        0.504919578999157,
        0.6311114867509382,
        0.043692219227542954,
        0.46285817491918063,
        0.539439160816567,
        0.5713489664707615,
        0.41784598057803074,
        0.07826333722455027,
        0.7633808115136466,
        0.45389462767524236,
        0.6740974983863603
      ],
      [
        0.6450936497649736,
        0.7774952470445539,
        0.48582279344233925,
        0.6057323987354497,
        0.34036411194533045,
        0.6489378949556286,
        0.5885041314491755,
        0.6194406802164854,
        0.6740900400291401,
        0.8706689351776098,
        0.32188575888067883,
        0.0,
        0.4662632322684948,
        0.5663090359109471,
        0.5746394043563385,
        0.2977410098690577,
        0.8638856332996895,
        0.5553564074263924,
        0.4907990764042618,
        0.4289494617936102,
        0.7503546160674561,
        0.3424314349643037,
        0.3947170739170601,
        0.21755340193588812,
        0.24946320759008267,
        0.1168461788067679,
        0.4001490961052291,
        0.9610737110223756,
        0.14497960229551693,
        0.6059502726691546
      ],
      [
        0.7427222326905808,
        0.35274979750921986,
        0.08047508096833293,
        0.628481751211055,
        0.28722068540216056,
        0.18267466268713373,
        0.12224089918068061,
        0.15317744794799054,
        0.856108715064906,
        0.40440570290911504,
        0.5523398796506513,
        0.4662632322684948,
        0.0,
        0.2074034388163517,
        0.1319780528759571,
        0.26109680503754085,
        0.6188642119354999,
        0.09245638877780077,
        0.12507236483910705,
        0.1561262049229305,
        0.28409138379896126,
        0.5244501100000696,
        0.7908146758901297,
        0.3675222647806526,
        0.3442757133789573,
        0.5195849491526301,
        0.6010755443193375,
        0.4948104787538808,
        0.5416094960188926,
        0.9868372808676418
      ],
      [
        0.6004890345170939,
        0.21118621113360683,
        0.2263421159986408,
        0.4845026860964894,
        0.26227350212571127,
        0.3001417599831179,
        0.2396991636408669,
        0.36058088676434225,
        0.7182618542885721,
        0.5692163118594058,
        0.3449364408342997,
        0.5663090359109471,
        0.2074034388163517,
        0.0,
        0.3215607795112621,
        0.2792342634829959,
        0.413157722607282,
        0.2902837813543616,
        0.30916354419947145,
        0.35664818463528647,
        0.44690398544362986,
        0.38862866006184266,
        0.8073361088374686,
        0.5680442444930085,
        0.5447976930913132,
        0.6454635978124998,
        0.42319977805884995,
        0.6505517624782196,
        0.6831208785777341,
        1.0185754323046483
      ],
      [
        0.8742756943677087,
        0.48430325918634776,
        0.19018860913673272,
        0.7600352128881829,
        0.41177391526986873,
        0.1449907003306333,
        0.11233206024024171,
        0.229359886812844,
        0.9013090771259136,
        0.44101032368378656,
        0.6133426912886202,
        0.5746394043563385,
        0.1319780528759571,
        0.3215607795112621,
        0.0,
        0.37792613364510486,
        0.7347185021185441,
        0.04163321286866731,
        0.17027272690011477,
        0.14738485957976152,
        0.3192468290586261,
        0.5696504720610772,
        0.9010423602409907,
        0.35708600242045047,
        0.33152111954052177,
        0.509148686792428,
        0.6462759063803452,
        0.5198464521101903,
        0.5311732336586905,
        1.0885850158803403
      ],
      [
        0.5367359888707656,
        0.49042047461660276,
        0.1880817835732815,
        0.4176862259206898,
        0.05681897281821064,
        0.4384605192302484,
        0.3790439418948418,
        0.3391287268137489,
        0.7113714517564523,
        0.5937695221636112,
        0.6196267687497365,
        0.2977410098690577,
        0.26109680503754085,
        0.2792342634829959,
        0.37792613364510486,
        0.0,
        0.5661446234306318,
        0.336682420665936,
        0.23323695328208183,
        0.2930288636766018,
        0.4745212664305485,
        0.6326146984430443,
        0.542330699914954,
        0.5044249235343239,
        0.4811783721326286,
        0.3662293343295039,
        0.6978901059742868,
        0.6852776769481917,
        0.4038866150947382,
        0.7535700233821337
      ],
      [
        0.7336684533496712,
        0.3436960181683103,
        0.6198837644804995,
        0.6194279718701454,
        0.6229635962488425,
        0.7132994825903999,
        0.652856886248149,
        0.6707820893647627,
        0.9131131977059079,
        0.4770258652278458,
        0.7580941634415816,
        0.8638856332996895,
        0.6188642119354999,
        0.413157722607282,
        0.7347185021185441,
        0.5661446234306318,
        0.0,
        0.7034323470882098,
        0.7048891193171367,
        0.7596836406736684,
        0.6000996605520903,
        0.8017863826691247,
        1.1084753233455857,
        0.9710797005313905,
        0.9478331491296952,
        0.9323739577601357,
        0.8363575006661319,
        0.5191009573956917,
        0.97003123852537,
        1.2615293474718525
      ],
      [
        0.8351565801349399,
        0.445184144953579,
        0.14875561041484164,
        0.719936693686458,
        0.3701448667402388,
        0.15606397844614037,
        0.10896162499121435,
        0.2082643731852334,
        0.8675869548160853,
        0.43620801815950005,
        0.5796205689787918,
        0.5553564074263924,
        0.09245638877780077,
        0.2902837813543616,
        0.04163321286866731,
        0.336682420665936,
        0.7034323470882098,
        0.0,
        0.13655060459028637,
        0.12640694563278215,
        0.31321023777876333,
        0.5359283497512488,
        0.8596093615190996,
        0.33780300549050424,
        0.3144703213138916,
        0.4898656898624818,
        0.6125537840705167,
        0.5193684007635866,
        0.5118902367287443,
        1.046951803011673
      ],
      [
        0.7403181926104134,
        0.3989042672314812,
        0.08515206598646657,
        0.6403291082437738,
        0.27946185514129457,
        0.2849766819328102,
        0.22865226364565405,
        0.2772478646736103,
        0.7310363502257988,
        0.529477475476496,
        0.44306996438850543,
        0.4907990764042618,
        0.12507236483910705,
        0.30916354419947145,
        0.17027272690011477,
        0.23323695328208183,
        0.7048891193171367,
        0.13655060459028637,
        0.0,
        0.061849614610651596,
        0.40893268012763084,
        0.39937774516096247,
        0.7755676531970358,
        0.27324567446837367,
        0.24999912306667837,
        0.42530835884035123,
        0.4760031794802304,
        0.6196886419170746,
        0.44733290570661377,
        0.9868069766642156
      ],
      [
        0.802167807221065,
        0.4596203108693317,
        0.14147637394201157,
        0.7015219042260464,
        0.34065465112356724,
        0.2824676637203993,
        0.23304845732787632,
        0.3075266594432709,
        0.7928859648364505,
        0.5523690453335524,
        0.504919578999157,
        0.4289494617936102,
        0.1561262049229305,
        0.35664818463528647,
        0.14738485957976152,
        0.2930288636766018,
        0.7596836406736684,
        0.12640694563278215,
        0.061849614610651596,
        0.0,
        0.4297033429968909,
        0.46122735977161405,
        0.823537897942636,
        0.21139605985772209,
        0.1881495084560268,
        0.36345874422969965,
        0.537852794090882,
        0.6391421786651393,
        0.3854832910959622,
        1.0347294986117486
      ],
      [
        0.8574443735120023,
        0.4674719383306414,
        0.35087549386986266,
        0.742642349290263,
        0.46906795820606917,
        0.18912395986005137,
        0.20720482180276295,
        0.14038586713418905,
        0.9190778725882316,
        0.12307379532424453,
        0.6311114867509382,
        0.7503546160674561,
        0.28409138379896126,
        0.44690398544362986,
        0.3192468290586261,
        0.4745212664305485,
        0.6000996605520903,
        0.31321023777876333,
        0.40893268012763084,
        0.4297033429968909,
        0.0,
        0.5874192675233952,
        1.013609876947027,
        0.641099402854613,
        0.6178528514529177,
        0.7931620872265905,
        0.6640447018426632,
        0.21075641051764324,
        0.8151866340928531,
        1.2248492004142066
      ],
      [
        0.34094044744945096,
        0.5483777345355936,
        0.48452981114742905,
        0.2726457808337585,
        0.6335130339362377,
        0.6843544270937727,
        0.6280300088066165,
        0.6766256098345728,
        0.3316586050648364,
        0.7104930628476398,
        0.043692219227542954,
        0.3424314349643037,
        0.5244501100000696,
        0.38862866006184266,
        0.5696504720610772,
        0.6326146984430443,
        0.8017863826691247,
        0.5359283497512488,
        0.39937774516096247,
        0.46122735977161405,
        0.5874192675233952,
        0.0,
        0.5065503941467235,
        0.5599848369001919,
        0.5918946425543864,
        0.44440861203632726,
        0.07662543431926797,
        0.7617429086083642,
        0.4794945092967883,
        0.6805293165006142
      ],
      [
        0.5288311477393126,
        0.8749253043939327,
        0.710853751104258,
        0.5991933506920976,
        0.5450626067117573,
        0.9732387525045628,
        0.9128317354236479,
        0.8809831481604019,
        0.3055081248563351,
        1.1356239435102642,
        0.46285817491918063,
        0.3947170739170601,
        0.7908146758901297,
        0.8073361088374686,
        0.9010423602409907,
        0.542330699914954,
        1.1084753233455857,
        0.8596093615190996,
        0.7755676531970358,
        0.823537897942636,
        1.013609876947027,
        0.5065503941467235,
        0.0,
        0.612141838084914,
        0.6438013149818225,
        0.49063003122089366,
        0.5411215121437309,
        1.2243662874646701,
        0.4996881059557714,
        0.21123932346717975
      ],
      [
        0.8626470517008618,
        0.6710163707270538,
        0.35287243379973365,
        0.8232858006713378,
        0.5520507109812893,
        0.49386372357812136,
        0.4444445171855984,
        0.518922719300993,
        0.8916434419650283,
        0.7637651051912744,
        0.539439160816567,
        0.21755340193588812,
        0.3675222647806526,
        0.5680442444930085,
        0.35708600242045047,
        0.5044249235343239,
        0.9710797005313905,
        0.33780300549050424,
        0.27324567446837367,
        0.21139605985772209,
        0.641099402854613,
        0.5599848369001919,
        0.612141838084914,
        0.0,
        0.0325506407992804,
        0.15206268437197756,
        0.6177024980411172,
        0.8505382385228615,
        0.1740872312382401,
        0.8233334387540265
      ],
      [
        0.8945568573550563,
        0.6477698193253585,
        0.32962588239803836,
        0.8551956063255324,
        0.528804159579594,
        0.4704581427246119,
        0.4208423015195413,
        0.4956761678992977,
        0.9235532476192228,
        0.7405185537895791,
        0.5713489664707615,
        0.24946320759008267,
        0.3442757133789573,
        0.5447976930913132,
        0.33152111954052177,
        0.4811783721326286,
        0.9478331491296952,
        0.3144703213138916,
        0.24999912306667837,
        0.1881495084560268,
        0.6178528514529177,
        0.5918946425543864,
        0.6438013149818225,
        0.0325506407992804,
        0.0,
        0.18320016661392777,
        0.6496123036953118,
        0.8272916871211662,
        0.20306955637539187,
        0.854933514269268
      ],
      [
        0.7587987096063984,
        0.8230790550990313,
        0.5049351181717112,
        0.7135069022012377,
        0.4170826139353353,
        0.6459264079500989,
        0.596507201557576,
        0.6709854036729705,
        0.7760672171011637,
        0.915827789563252,
        0.41784598057803074,
        0.1168461788067679,
        0.5195849491526301,
        0.6454635978124998,
        0.509148686792428,
        0.3662293343295039,
        0.9323739577601357,
        0.4898656898624818,
        0.42530835884035123,
        0.36345874422969965,
        0.7931620872265905,
        0.44440861203632726,
        0.49063003122089366,
        0.15206268437197756,
        0.18320016661392777,
        0.0,
        0.496109317802581,
        1.002600922894839,
        0.037664647290792365,
        0.7003739781036252
      ],
      [
        0.4175658817687189,
        0.6250031688548615,
        0.561155245466697,
        0.3492712151530265,
        0.6854732801845612,
        0.7233415380419679,
        0.6628989416997169,
        0.7532510441538407,
        0.3788117505781304,
        0.7802053852220907,
        0.07826333722455027,
        0.4001490961052291,
        0.6010755443193375,
        0.42319977805884995,
        0.6462759063803452,
        0.6978901059742868,
        0.8363575006661319,
        0.6125537840705167,
        0.4760031794802304,
        0.537852794090882,
        0.6640447018426632,
        0.07662543431926797,
        0.5411215121437309,
        0.6177024980411172,
        0.6496123036953118,
        0.496109317802581,
        0.0,
        0.6851174742890963,
        0.5321579648997926,
        0.6704084026694376
      ],
      [
        0.911409523931821,
        0.6746639623491677,
        0.5597933086640682,
        0.7932285409767225,
        0.6798243687237124,
        0.37825262490315414,
        0.4108525988373527,
        0.3475778911527153,
        1.0545860565724707,
        0.0950879109329944,
        0.7633808115136466,
        0.9610737110223756,
        0.4948104787538808,
        0.6505517624782196,
        0.5198464521101903,
        0.6852776769481917,
        0.5191009573956917,
        0.5193684007635866,
        0.6196886419170746,
        0.6391421786651393,
        0.21075641051764324,
        0.7617429086083642,
        1.2243662874646701,
        0.8505382385228615,
        0.8272916871211662,
        1.002600922894839,
        0.6851174742890963,
        0.0,
        0.9982530522179947,
        1.3555258769585339
      ],
      [
        0.789862307890169,
        0.8451036019652939,
        0.5269596650379738,
        0.7473603871873687,
        0.4546206720699693,
        0.6679509548163615,
        0.6185317484238385,
        0.6930099505392331,
        0.8051962308121066,
        0.9378523364295145,
        0.45389462767524236,
        0.14497960229551693,
        0.5416094960188926,
        0.6831208785777341,
        0.5311732336586905,
        0.4038866150947382,
        0.97003123852537,
        0.5118902367287443,
        0.44733290570661377,
        0.3854832910959622,
        0.8151866340928531,
        0.4794945092967883,
        0.4996881059557714,
        0.1740872312382401,
        0.20306955637539187,
        0.037664647290792365,
        0.5321579648997926,
        0.9982530522179947,
        0.0,
        0.7074620420365626
      ],
      [
        0.566010397141115,
        0.9178333293035423,
        0.9063621998993089,
        0.6421013756017072,
        0.7563019301789371,
        1.1694446471725408,
        1.1090350304203627,
        1.0922224716275817,
        0.3488707114357778,
        1.3083688570752543,
        0.6740974983863603,
        0.6059502726691546,
        0.9868372808676418,
        1.0185754323046483,
        1.0885850158803403,
        0.7535700233821337,
        1.2615293474718525,
        1.046951803011673,
        0.9868069766642156,
        1.0347294986117486,
        1.2248492004142066,
        0.6805293165006142,
        0.21123932346717975,
        0.8233334387540265,
        0.854933514269268,
        0.7003739781036252,
        0.6704084026694376,
        1.3555258769585339,
        0.7074620420365626,
        0.0
      ]
    ],
    "gc": [
      [
        true,
        false,
        false,
        false,
        false,
        false,
        false,
        false,
        false,
        false,
        false,
        false,
        false,
        false,
        false,
        false,
        false,
        false,
        false,
        false,
        false,
        false,
        false,
        false,
        false,
        false,
        false,
        false,
        false,
        false
      ],
      [
        false,
        true,
        false,
        true,
        false,
        false,
        false,
        false,
        false,
        false,
        false,
        false,
        false,
        false,
        false,
        false,
        false,
        false,
        false,
        false,
        false,
        false,
        false,
        false,
        false,
        false,
        false,
        false,
        false,
        false
      ],
      [
        false,
        false,
        true,
        false,
        false,
        false,
        false,
        false,
        false,
        false,
        false,
        false,
        true,
        false,
        false,
        false,
        false,
        true,
        true,
        true,
        false,
        false,
        false,
        false,
        false,
        false,
        false,
        false,
        false,
        false
      ],
      [
        false,
        true,
        false,
        true,
        false,
        false,
        false,
        false,
        false,
        false,
        false,
        false,
        false,
        false,
        false,
        false,
        false,
        false,
        false,
        false,
        false,
        false,
        false,
        false,
        false,
        false,
        false,
        false,
        false,
        false
      ],
      [
        false,
        false,
        false,
        false,
        true,
        false,
        false,
        false,
        false,
        false,
        false,
        false,
        false,
        false,
        false,
        true,
        false,
        false,
        false,
        false,
        false,
        false,
        false,
        false,
        false,
        false,
        false,
        false,
        false,
        false
      ],
      [
        false,
        false,
        false,
        false,
        false,
        true,
        true,
        true,
        false,
        false,
        false,
        false,
        false,
        false,
        true,
        false,
        false,
        true,
        false,
        false,
        false,
        false,
        false,
        false,
        false,
        false,
        false,
        false,
        false,
        false
      ],
      [
        false,
        false,
        false,
        false,
        false,
        true,
        true,
        true,
        false,
        false,
        false,
        false,
        true,
        false,
        true,
        false,
        false,
        true,
        false,
        false,
        false,
        false,
        false,
        false,
        false,
        false,
        false,
        false,
        false,
        false
      ],
      [
        false,
        false,
        false,
        false,
        false,
        true,
        true,
        true,
        false,
        false,
        false,
        false,
        true,
        false,
        false,
        false,
        false,
        false,
        false,
        false,
        true,
        false,
        false,
        false,
        false,
        false,
        false,
        false,
        false,
        false
      ],
      [
        false,
        false,
        false,
        false,
        false,
        false,
        false,
        false,
        true,
        false,
        false,
        false,
        false,
        false,
        false,
        false,
        false,
        false,
        false,
        false,
        false,
        false,
        false,
        false,
        false,
        false,
        false,
        false,
        false,
        false
      ],
      [
        false,
        false,
        false,
        false,
        false,
        false,
        false,
        false,
        false,
        true,
        false,
        false,
        false,
        false,
        false,
        false,
        false,
        false,
        false,
        false,
        true,
        false,
        false,
        false,
        false,
        false,
        false,
        true,
        false,
        false
      ],
      [
        false,
        false,
        false,
        false,
        false,
        false,
        false,
        false,
        false,
        false,
        true,
        false,
        false,
        false,
        false,
        false,
        false,
        false,
        false,
        false,
        false,
        true,
        false,
        false,
        false,
        false,
        true,
        false,
        false,
        false
      ],
      [
        false,
        false,
        false,
        false,
        false,
        false,
        false,
        false,
        false,
        false,
        false,
        true,
        false,
        false,
        false,
        false,
        false,
        false,
        false,
        false,
        false,
        false,
        false,
        false,
        false,
        true,
        false,
        false,
        true,
        false
      ],
      [
        false,
        false,
        true,
        false,
        false,
        false,
        true,
        true,
        false,
        false,
        false,
        false,
        true,
        false,
        true,
        false,
        false,
        true,
        true,
        true,
        false,
        false,
        false,
        false,
        false,
        false,
        false,
        false,
        false,
        false
      ],
      [
        false,
        false,
        false,
        false,
        false,
        false,
        false,
        false,
        false,
        false,
        false,
        false,
        false,
        true,
        false,
        false,
        false,
        false,
        false,
        false,
        false,
        false,
        false,
        false,
        false,
        false,
        false,
        false,
        false,
        false
      ],
      [
        false,
        false,
        false,
        false,
        false,
        true,
        true,
        false,
        false,
        false,
        false,
        false,
        true,
        false,
        true,
        false,
        false,
        true,
        false,
        true,
        false,
        false,
        false,
        false,
        false,
        false,
        false,
        false,
        false,
        false
      ],
      [
        false,
        false,
        false,
        false,
        true,
        false,
        false,
        false,
        false,
        false,
        false,
        false,
        false,
        false,
        false,
        true,
        false,
        false,
        false,
        false,
        false,
        false,
        false,
        false,
        false,
        false,
        false,
        false,
        false,
        false
      ],
      [
        false,
        false,
        false,
        false,
        false,
        false,
        false,
        false,
        false,
        false,
        false,
        false,
        false,
        false,
        false,
        false,
        true,
        false,
        false,
        false,
        false,
        false,
        false,
        false,
        false,
        false,
        false,
        false,
        false,
        false
      ],
      [
        false,
        false,
        true,
        false,
        false,
        true,
        true,
        false,
        false,
        false,
        false,
        false,
        true,
        false,
        true,
        false,
        false,
        true,
        true,
        true,
        false,
        false,
        false,
        false,
        false,
        false,
        false,
        false,
        false,
        false
      ],
      [
        false,
        false,
        true,
        false,
        false,
        false,
        false,
        false,
        false,
        false,
        false,
        false,
        true,
        false,
        false,
        false,
        false,
        true,
        true,
        true,
        false,
        false,
        false,
        false,
        false,
        false,
        false,
        false,
        false,
        false
      ],
      [
        false,
        false,
        true,
        false,
        false,
        false,
        false,
        false,
        false,
        false,
        false,
        false,
        true,
        false,
        true,
        false,
        false,
        true,
        true,
        true,
        false,
        false,
        false,
        false,
        false,
        false,
        false,
        false,
        false,
        false
      ],
      [
        false,
        false,
        false,
        false,
        false,
        false,
        false,
        true,
        false,
        true,
        false,
        false,
        false,
        false,
        false,
        false,
        false,
        false,
        false,
        false,
        true,
        false,
        false,
        false,
        false,
        false,
        false,
        false,
        false,
        false
      ],
      [
        false,
        false,
        false,
        false,
        false,
        false,
        false,
        false,
        false,
        false,
        true,
        false,
        false,
        false,
        false,
        false,
        false,
        false,
        false,
        false,
        false,
        true,
        false,
        false,
        false,
        false,
        true,
        false,
        false,
        false
      ],
      [
        false,
        false,
        false,
        false,
        false,
        false,
        false,
        false,
        false,
        false,
        false,
        false,
        false,
        false,
        false,
        false,
        false,
        false,
        false,
        false,
        false,
        false,
        true,
        false,
        false,
        false,
        false,
        false,
        false,
        false
      ],
      [
        false,
        false,
        false,
        false,
        false,
        false,
        false,
        false,
        false,
        false,
        false,
        false,
        false,
        false,
        false,
        false,
        false,
        false,
        false,
        false,
        false,
        false,
        false,
        true,
        true,
        true,
        false,
        false,
        false,
        false
      ],
      [
        false,
        false,
        false,
        false,
        false,
        false,
        false,
        false,
        false,
        false,
        false,
        false,
        false,
        false,
        false,
        false,
        false,
        false,
        false,
        false,
        false,
        false,
        false,
        true,
        true,
        false,
        false,
        false,
        false,
        false
      ],
      [
        false,
        false,
        false,
        false,
        false,
        false,
        false,
        false,
        false,
        false,
        false,
        true,
        false,
        false,
        false,
        false,
        false,
        false,
        false,
        false,
        false,
        false,
        false,
        true,
        false,
        true,
        false,
        false,
        true,
        false
      ],
      [
        false,
        false,
        false,
        false,
        false,
        false,
        false,
        false,
        false,
        false,
        true,
        false,
        false,
        false,
        false,
        false,
        false,
        false,
        false,
        false,
        false,
        true,
        false,
        false,
        false,
        false,
        true,
        false,
        false,
        false
      ],
      [
        false,
        false,
        false,
        false,
        false,
        false,
        false,
        false,
        false,
        true,
        false,
        false,
        false,
        false,
        false,
        false,
        false,
        false,
        false,
        false,
        false,
        false,
        false,
        false,
        false,
        false,
        false,
        true,
        false,
        false
      ],
      [
        false,
        false,
        false,
        false,
        false,
        false,
        false,
        false,
        false,
        false,
        false,
        true,
        false,
        false,
        false,
        false,
        false,
        false,
        false,
        false,
        false,
        false,
        false,
        false,
        false,
        true,
        false,
        false,
        true,
        false
      ],
      [
        false,
        false,
        false,
        false,
        false,
        false,
        false,
        false,
        false,
        false,
        false,
        false,
        false,
        false,
        false,
        false,
        false,
        false,
        false,
        false,
        false,
        false,
        false,
        false,
        false,
        false,
        false,
        false,
        false,
        true
      ]
    ],
    "vs": [
      true,
      true,
      true,
      true,
      true,
      true,
      true,
      true,
      true,
      true,
      true,
      true,
      false,
      false,
      false,
      false,
      false,
      false,
      false,
      false,
      false,
      false,
      false,
      false,
      false,
      false,
      false,
      false,
      false,
      false
    ],
    "b": 29,
    "r": 2,
    "n": 30,
    "__rnd_id__": 4,
