{
  "sol": {
    "z": 2.363550895215944,
    "tours": [
      [
        0,
        6,
        9,
        8,
        10,
        11,
        3,
        4,
        2
      ],
      [
        1
      ],
      [
        5
      ],
      [
        7
      ]
    ]
  },
  "params": {
    "gm": [
      [
        0.0,
        0.5818419663488131,
        0.15801131535876228,
        0.9898928634168535,
        0.9524976354484861,
        0.8402890914425454,
        0.06652252018803892,
        0.46954531928136956,
        0.3900229524367702,
        0.10107973591489762,
        0.6709645138742262,
        0.794811057338096,
        0.3330956132173494,
        0.6945200604452236,
        0.5426306521130047,
        0.7943626537626645,
        0.6750875057338932,
        0.7115884233935303,
        1.0903927255317716,
        1.0317792372320878,
        0.9156206145309099,
        0.6389584471544019,
        0.5205827228413481,
        0.8297022507314937,
        0.5019173114090761,
        0.8990149258450386,
        0.6335979451242668,
        1.026496408237149,
        0.589911905688456,
        0.2750960001663406
      ],
      [
        0.5818419663488131,
        0.0,
        0.6006631622682658,
        0.5473231861049451,
        0.7912410716713921,
        0.31530103546434524,
        0.5817868887121916,
        0.7299305408193807,
        0.637450921578972,
        0.5521464537419036,
        0.5222289937708279,
        0.36267173327056745,
        0.39913169962551887,
        0.11267809409641047,
        0.13931876322033615,
        0.22801252579571787,
        0.674014918026951,
        0.7425654067168702,
        0.599084339626356,
        0.5706084934768296,
        0.39846223270408143,
        0.542291594208224,
        0.7520660282395726,
        0.2648997312230647,
        0.749067532254283,
        0.3171729594962255,
        0.5252791211766222,
        0.4446544418883359,
        0.5694835412202628,
        0.8569379665151537
      ],
      [
        0.15801131535876228,
        0.6006631622682658,
        0.0,
        0.8405714858577982,
        0.936018113837491,
        0.7122756992461925,
        0.09159631766849115,
        0.45078642210476794,
        0.3735434308257751,
        0.08460021430390254,
        0.6544849922632311,
        0.7783315357271009,
        0.23662447020245314,
        0.6719677374542204,
        0.4810810956505338,
        0.7328130973001936,
        0.6586079841228981,
        0.6951089017825353,
        0.9410713479727164,
        0.9058125417530452,
        0.8991410929199148,
        0.5272812570321731,
        0.504103201230353,
        0.7681526942690229,
        0.485437789798081,
        0.9178361217644913,
        0.6171184235132717,
        1.0453176041566017,
        0.48387834186811485,
        0.3097177520502051
      ],
      [
        0.9898928634168535,
        0.5473231861049451,
        0.8405714858577982,
        0.0,
        0.243917885566447,
        0.8588219148669808,
        0.9233703432288145,
        0.9049534695032958,
        0.5998699109800831,
        0.8888131275019558,
        0.3546390665790179,
        0.19508180607875744,
        0.7811604881581751,
        0.6385831804180783,
        0.6866419493252813,
        0.7612500639016349,
        0.506424990835141,
        0.4909141787475112,
        0.10049986211491826,
        0.06524105589524692,
        0.16771973793452083,
        0.9628272907382325,
        0.5844761010477625,
        0.7943370718700489,
        0.6765588294102073,
        0.3361275842096521,
        0.35768919398481225,
        0.3204284919521613,
        1.0218581952503172,
        1.0152094149886148
      ],
      [
        0.9524976354484861,
        0.7912410716713921,
        0.936018113837491,
        0.243917885566447,
        0.0,
        1.082232513251233,
        0.8859751152604471,
        0.8271916947896265,
        0.5624746830117159,
        0.8514178995335885,
        0.5311158195546835,
        0.43899969164520447,
        0.9245523754535786,
        0.8825010659845253,
        0.8645210058133169,
        1.0051679494680819,
        0.3157188411549977,
        0.24699629318106422,
        0.34441774768136524,
        0.2663629625445938,
        0.4107267733263615,
        1.205834326130073,
        0.4513345542016004,
        1.0382549574364959,
        0.5575936998545536,
        0.5800142773456737,
        0.46428257872131223,
        0.5528095337265279,
        1.181544840551126,
        0.9418386134053033
      ],
      [
        0.8402890914425454,
        0.31530103546434524,
        0.7122756992461925,
        0.8588219148669808,
        1.082232513251233,
        0.0,
        0.7737665712545065,
        0.8419738120473267,
        0.7957905976881766,
        0.7414856134822813,
        0.6445624145545554,
        0.677729701881056,
        0.5111749708534649,
        0.22228423781138587,
        0.2976584393295408,
        0.10595375950776613,
        0.8505155846926498,
        0.9151831519617935,
        0.9029667194641731,
        0.8765375469999954,
        0.7023446125418985,
        0.24767260690169002,
        0.9263503680927545,
        0.08885410823514012,
        0.9074072083634876,
        0.6324739949605707,
        0.7156623209238282,
        0.7599554773526811,
        0.2541825057559176,
        1.0219934512963975
      ],
      [
        0.06652252018803892,
        0.5817868887121916,
        0.09159631766849115,
        0.9233703432288145,
        0.8859751152604471,
        0.7737665712545065,
        0.0,
        0.40302279909333066,
        0.3235004322487313,
        0.0345572157268587,
        0.6044419936861872,
        0.728288537150057,
        0.2665730930293105,
        0.6649013248917974,
        0.47610813192496576,
        0.7278401335746256,
        0.6085649855458543,
        0.6450659032054914,
        1.0238702053437327,
        0.9652567170440487,
        0.849098094342871,
        0.5724359269663629,
        0.4540602026533092,
        0.7631797305434549,
        0.4353947912210372,
        0.8989598482084171,
        0.5670754249362279,
        1.0264413306005276,
        0.523389385500417,
        0.282309902830747
      ],
      [
        0.46954531928136956,
        0.7299305408193807,
        0.45078642210476794,
        0.9049534695032958,
        0.8271916947896265,
        0.8419738120473267,
        0.40302279909333066,
        0.0,
        0.3050835585232126,
        0.4375800148201894,
        0.5860251199606686,
        0.7098716634245383,
        0.3307988411938618,
        0.782173986854243,
        0.5958122019172896,
        0.8475442035669494,
        0.5901481118203356,
        0.6037464203360533,
        1.005453331618214,
        0.9468398433185301,
        0.8306812206173524,
        0.6384785010289258,
        0.3758571405880261,
        0.8828838005357786,
        0.41481995607156597,
        0.9357437133416668,
        0.5486585512107092,
        1.0191505602395488,
        0.5877913062914091,
        0.6853327019240776
      ],
      [
        0.3900229524367702,
        0.637450921578972,
        0.3735434308257751,
        0.5998699109800831,
        0.5624746830117159,
        0.7957905976881766,
        0.3235004322487313,
        0.3050835585232126,
        0.0,
        0.2889432165218726,
        0.280941561437456,
        0.4047881049013257,
        0.5211889530951519,
        0.6890348989878662,
        0.49813215835863583,
        0.7498641600082957,
        0.285064553297123,
        0.3215654709567601,
        0.7003697730950014,
        0.6417562847953174,
        0.5255976620941397,
        0.8275055813096541,
        0.1305597704045779,
        0.7806940319342841,
        0.11189435897230589,
        0.6306601548184542,
        0.24357499268749655,
        0.7140670017163362,
        0.7781028000980152,
        0.4201961685187583
      ],
      [
        0.10107973591489762,
        0.5521464537419036,
        0.08460021430390254,
        0.8888131275019558,
        0.8514178995335885,
        0.7414856134822813,
        0.0345572157268587,
        0.4375800148201894,
        0.2889432165218726,
        0.0,
        0.5698847779593286,
        0.6937313214231984,
        0.23224573657327935,
        0.6332448680870026,
        0.4438271741527405,
        0.6955591758024003,
        0.5740077698189956,
        0.6105086874786327,
        0.9893129896168741,
        0.9306995013171901,
        0.8145408786160123,
        0.5385623647877815,
        0.4195029869264505,
        0.7308987727712295,
        0.4008375754941785,
        0.8693194132381291,
        0.5325182092093692,
        0.9968008956302395,
        0.4891595835761427,
        0.3159737167742234
      ],
      [
        0.6709645138742262,
        0.5222289937708279,
        0.6544849922632311,
        0.3546390665790179,
        0.5311158195546835,
        0.6445624145545554,
        0.6044419936861872,
        0.5860251199606686,
        0.280941561437456,
        0.5698847779593286,
        0.0,
        0.15955726050026045,
        0.5481250616703601,
        0.42227817674316953,
        0.6131809173723999,
        0.5451615870556853,
        0.21539697839968575,
        0.2841195263736192,
        0.45513892869393613,
        0.38977890799728315,
        0.2753353337412857,
        0.8558047215054241,
        0.31201862946581854,
        0.5798377920034004,
        0.3780007369572154,
        0.3518596826846865,
        0.07109990636927277,
        0.4457685945907942,
        0.8051175267679074,
        0.7011377299562143
      ],
      [
        0.794811057338096,
        0.36267173327056745,
        0.7783315357271009,
        0.19508180607875744,
        0.43899969164520447,
        0.677729701881056,
        0.728288537150057,
        0.7098716634245383,
        0.4047881049013257,
        0.6937313214231984,
        0.15955726050026045,
        0.0,
        0.5860786820794176,
        0.4627967801277513,
        0.5019904964909037,
        0.5852788641398897,
        0.3113431847563837,
        0.3798936734463028,
        0.2955816681936757,
        0.23696817989399172,
        0.12163931814876003,
        0.8937583419144816,
        0.3893942949690051,
        0.62034586460487,
        0.4814770233314498,
        0.2489018694707004,
        0.1626073879060548,
        0.31115897641907647,
        0.8430711471769649,
        0.8201276089098575
      ],
      [
        0.3330956132173494,
        0.39913169962551887,
        0.23662447020245314,
        0.7811604881581751,
        0.9245523754535786,
        0.5111749708534649,
        0.2665730930293105,
        0.3307988411938618,
        0.5211889530951519,
        0.23224573657327935,
        0.5481250616703601,
        0.5860786820794176,
        0.0,
        0.4513751456603811,
        0.2650133607234278,
        0.5167453623730877,
        0.614452492161051,
        0.6775560822725144,
        0.8816603502730933,
        0.8230468619734093,
        0.7077180002281777,
        0.30767965983506396,
        0.6517487234997299,
        0.5520849593419168,
        0.6330833120674578,
        0.7126984162321499,
        0.4770251553010873,
        0.8401367869333956,
        0.25699246509754725,
        0.5405541788063479
      ],
      [
        0.6945200604452236,
        0.11267809409641047,
        0.6719677374542204,
        0.6385831804180783,
        0.8825010659845253,
        0.22228423781138587,
        0.6649013248917974,
        0.782173986854243,
        0.6890348989878662,
        0.6332448680870026,
        0.42227817674316953,
        0.4627967801277513,
        0.4513751456603811,
        0.0,
        0.19090274062923035,
        0.12288341031251579,
        0.6376751551428552,
        0.7063977031167887,
        0.6809322696873918,
        0.6545489861334975,
        0.4803101627651173,
        0.4371624787250219,
        0.7342968062089881,
        0.15755961526023077,
        0.800278913700385,
        0.429851053592636,
        0.4933780831124423,
        0.5573325359847464,
        0.47646674356730345,
        0.9472112277225444
      ],
      [
        0.5426306521130047,
        0.13931876322033615,
        0.4810810956505338,
        0.6866419493252813,
        0.8645210058133169,
        0.2976584393295408,
        0.47610813192496576,
        0.5958122019172896,
        0.49813215835863583,
        0.4438271741527405,
        0.6131809173723999,
        0.5019904964909037,
        0.2650133607234278,
        0.19090274062923035,
        0.0,
        0.25173200164965986,
        0.6862472606061862,
        0.6175247126322527,
        0.7384031028466921,
        0.7099272566971657,
        0.5377809959244175,
        0.5453310462312309,
        0.6286919287632138,
        0.2870715986184891,
        0.6097487690339469,
        0.44768505550872206,
        0.6645978843969584,
        0.5751234262099678,
        0.522005825820975,
        0.7573367868640711
      ],
      [
        0.7943626537626645,
        0.22801252579571787,
        0.7328130973001936,
        0.7612500639016349,
        1.0051679494680819,
        0.10595375950776613,
        0.7278401335746256,
        0.8475442035669494,
        0.7498641600082957,
        0.6955591758024003,
        0.5451615870556853,
        0.5852788641398897,
        0.5167453623730877,
        0.12288341031251579,
        0.25173200164965986,
        0.0,
        0.7445618251848837,
        0.8132843731588172,
        0.802484046211691,
        0.776064618451751,
        0.6018619392894164,
        0.31427906841250614,
        0.8571802165215039,
        0.03758927153843041,
        0.8614807706836067,
        0.5451854852919433,
        0.6162614934249581,
        0.6726669676840538,
        0.36013626526368375,
        1.009068788513731
      ],
      [
        0.6750875057338932,
        0.674014918026951,
        0.6586079841228981,
        0.506424990835141,
        0.3157188411549977,
        0.8505155846926498,
        0.6085649855458543,
        0.5901481118203356,
        0.285064553297123,
        0.5740077698189956,
        0.21539697839968575,
        0.3113431847563837,
        0.614452492161051,
        0.6376751551428552,
        0.6862472606061862,
        0.7445618251848837,
        0.0,
        0.06872254797393347,
        0.6069248529500593,
        0.5483113646503754,
        0.4329473937803626,
        0.922132151996115,
        0.2166297140795763,
        0.7821510967233141,
        0.3241041906991505,
        0.5396649093426253,
        0.14873579685032884,
        0.6192309829285343,
        0.8714449572585983,
        0.6993484960986931
      ],
      [
        0.7115884233935303,
        0.7425654067168702,
        0.6951089017825353,
        0.4909141787475112,
        0.24699629318106422,
        0.9151831519617935,
        0.6450659032054914,
        0.6037464203360533,
        0.3215654709567601,
        0.6105086874786327,
        0.2841195263736192,
        0.3798936734463028,
        0.6775560822725144,
        0.7063977031167887,
        0.6175247126322527,
        0.8132843731588172,
        0.06872254797393347,
        0.0,
        0.5914140408624294,
        0.513359255725658,
        0.5014978824702818,
        0.9852357421075784,
        0.22788927974802717,
        0.8508736446972476,
        0.33887125782639677,
        0.6082153980325445,
        0.217286285540248,
        0.6877814716184534,
        0.9345485473700617,
        0.7228524074661276
      ],
      [
        1.0903927255317716,
        0.599084339626356,
        0.9410713479727164,
        0.10049986211491826,
        0.34441774768136524,
        0.9029667194641731,
        1.0238702053437327,
        1.005453331618214,
        0.7003697730950014,
        0.9893129896168741,
        0.45513892869393613,
        0.2955816681936757,
        0.8816603502730933,
        0.6809322696873918,
        0.7384031028466921,
        0.802484046211691,
        0.6069248529500593,
        0.5914140408624294,
        0.0,
        0.16571969970508785,
        0.20062210692227456,
        0.8807360282854616,
        0.6849759631626808,
        0.8341982924016029,
        0.7770586915251255,
        0.37092516179298723,
        0.4581890560997305,
        0.3864811913320671,
        0.9397669327975463,
        1.1157092771035333
      ],
      [
        1.0317792372320878,
        0.5706084934768296,
        0.9058125417530452,
        0.06524105589524692,
        0.2663629625445938,
        0.8765375469999954,
        0.9652567170440487,
        0.9468398433185301,
        0.6417562847953174,
        0.9306995013171901,
        0.38977890799728315,
        0.23696817989399172,
        0.8230468619734093,
        0.6545489861334975,
        0.7099272566971657,
        0.776064618451751,
        0.5483113646503754,
        0.513359255725658,
        0.16571969970508785,
        0.0,
        0.1742438534575389,
        0.9693514062612505,
        0.6263624748629968,
        0.8075952143084032,
        0.7184452032254416,
        0.32622886794654715,
        0.39957556780004655,
        0.2864644688256117,
        1.0283823107733352,
        1.0570957888038492
      ],
      [
        0.9156206145309099,
        0.39846223270408143,
        0.8991410929199148,
        0.16771973793452083,
        0.4107267733263615,
        0.7023446125418985,
        0.849098094342871,
        0.8306812206173524,
        0.5255976620941397,
        0.8145408786160123,
        0.2753353337412857,
        0.12163931814876003,
        0.7077180002281777,
        0.4803101627651173,
        0.5377809959244175,
        0.6018619392894164,
        0.4329473937803626,
        0.5014978824702818,
        0.20062210692227456,
        0.1742438534575389,
        0.0,
        0.7951075528037116,
        0.5012530171841223,
        0.6335761854793284,
        0.5982254750900255,
        0.17244662837911937,
        0.2842115969300338,
        0.19711633940688125,
        0.8541384573157963,
        0.9417397999721324
      ],
      [
        0.6389584471544019,
        0.542291594208224,
        0.5272812570321731,
        0.9628272907382325,
        1.205834326130073,
        0.24767260690169002,
        0.5724359269663629,
        0.6384785010289258,
        0.8275055813096541,
        0.5385623647877815,
        0.8558047215054241,
        0.8937583419144816,
        0.30767965983506396,
        0.4371624787250219,
        0.5453310462312309,
        0.31427906841250614,
        0.922132151996115,
        0.9852357421075784,
        0.8807360282854616,
        0.9693514062612505,
        0.7951075528037116,
        0.0,
        0.958065351714232,
        0.32072262749870695,
        0.9393999402819599,
        0.8594645537044494,
        0.7847048151361513,
        0.864010311741777,
        0.05903090451208467,
        0.8369937459579068
      ],
      [
        0.5205827228413481,
        0.7520660282395726,
        0.504103201230353,
        0.5844761010477625,
        0.4513345542016004,
        0.9263503680927545,
        0.4540602026533092,
        0.3758571405880261,
        0.1305597704045779,
        0.4195029869264505,
        0.31201862946581854,
        0.3893942949690051,
        0.6517487234997299,
        0.7342968062089881,
        0.6286919287632138,
        0.8571802165215039,
        0.2166297140795763,
        0.22788927974802717,
        0.6849759631626808,
        0.6263624748629968,
        0.5012530171841223,
        0.958065351714232,
        0.0,
        0.8639045405744773,
        0.11098238105509652,
        0.6346039508540744,
        0.2508677729766401,
        0.6976972725012058,
        0.9086625705025932,
        0.495982133816209
      ],
      [
        0.8297022507314937,
        0.2648997312230647,
        0.7681526942690229,
        0.7943370718700489,
        1.0382549574364959,
        0.08885410823514012,
        0.7631797305434549,
        0.8828838005357786,
        0.7806940319342841,
        0.7308987727712295,
        0.5798377920034004,
        0.62034586460487,
        0.5520849593419168,
        0.15755961526023077,
        0.2870715986184891,
        0.03758927153843041,
        0.7821510967233141,
        0.8508736446972476,
        0.8341982924016029,
        0.8075952143084032,
        0.6335761854793284,
        0.32072262749870695,
        0.8639045405744773,
        0.0,
        0.8925878531371912,
        0.5820726907192901,
        0.6509376983726731,
        0.7095541731114006,
        0.3430366139910577,
        1.0444083854825603
      ],
      [
        0.5019173114090761,
        0.749067532254283,
        0.485437789798081,
        0.6765588294102073,
        0.5575936998545536,
        0.9074072083634876,
        0.4353947912210372,
        0.41481995607156597,
        0.11189435897230589,
        0.4008375754941785,
        0.3780007369572154,
        0.4814770233314498,
        0.6330833120674578,
        0.800278913700385,
        0.6097487690339469,
        0.8614807706836067,
        0.3241041906991505,
        0.33887125782639677,
        0.7770586915251255,
        0.7184452032254416,
        0.5982254750900255,
        0.9393999402819599,
        0.11098238105509652,
        0.8925878531371912,
        0.0,
        0.7195569194205188,
        0.32871268628546474,
        0.7924952032976654,
        0.8899971590703212,
        0.38587834711148167
      ],
      [
        0.8990149258450386,
        0.3171729594962255,
        0.9178361217644913,
        0.3361275842096521,
        0.5800142773456737,
        0.6324739949605707,
        0.8989598482084171,
        0.9357437133416668,
        0.6306601548184542,
        0.8693194132381291,
        0.3518596826846865,
        0.2489018694707004,
        0.7126984162321499,
        0.429851053592636,
        0.44768505550872206,
        0.5451854852919433,
        0.5396649093426253,
        0.6082153980325445,
        0.37092516179298723,
        0.32622886794654715,
        0.17244662837911937,
        0.8594645537044494,
        0.6346039508540744,
        0.5820726907192901,
        0.7195569194205188,
        0.0,
        0.3909291124922965,
        0.12748148239211046,
        0.8866565007164883,
        1.0484577957214738
      ],
      [
        0.6335979451242668,
        0.5252791211766222,
        0.6171184235132717,
        0.35768919398481225,
        0.46428257872131223,
        0.7156623209238282,
        0.5670754249362279,
        0.5486585512107092,
        0.24357499268749655,
        0.5325182092093692,
        0.07109990636927277,
        0.1626073879060548,
        0.4770251553010873,
        0.4933780831124423,
        0.6645978843969584,
        0.6162614934249581,
        0.14873579685032884,
        0.217286285540248,
        0.4581890560997305,
        0.39957556780004655,
        0.2842115969300338,
        0.7847048151361513,
        0.2508677729766401,
        0.6509376983726731,
        0.32871268628546474,
        0.3909291124922965,
        0.0,
        0.4704951860782054,
        0.7340176203986346,
        0.6575286832291772
      ],
      [
        1.026496408237149,
        0.4446544418883359,
        1.0453176041566017,
        0.3204284919521613,
        0.5528095337265279,
        0.7599554773526811,
        1.0264413306005276,
        1.0191505602395488,
        0.7140670017163362,
        0.9968008956302395,
        0.4457685945907942,
        0.31115897641907647,
        0.8401367869333956,
        0.5573325359847464,
        0.5751234262099678,
        0.6726669676840538,
        0.6192309829285343,
        0.6877814716184534,
        0.3864811913320671,
        0.2864644688256117,
        0.19711633940688125,
        0.864010311741777,
        0.6976972725012058,
        0.7095541731114006,
        0.7924952032976654,
        0.12748148239211046,
        0.4704951860782054,
        0.0,
        0.8049794072296923,
        1.1280238693073827
      ],
      [
        0.589911905688456,
        0.5694835412202628,
        0.48387834186811485,
        1.0218581952503172,
        1.181544840551126,
        0.2541825057559176,
        0.523389385500417,
        0.5877913062914091,
        0.7781028000980152,
        0.4891595835761427,
        0.8051175267679074,
        0.8430711471769649,
        0.25699246509754725,
        0.47646674356730345,
        0.522005825820975,
        0.36013626526368375,
        0.8714449572585983,
        0.9345485473700617,
        0.9397669327975463,
        1.0283823107733352,
        0.8541384573157963,
        0.05903090451208467,
        0.9086625705025932,
        0.3430366139910577,
        0.8899971590703212,
        0.8866565007164883,
        0.7340176203986346,
        0.8049794072296923,
        0.0,
        0.7928884818155808
      ],
      [
        0.2750960001663406,
        0.8569379665151537,
        0.3097177520502051,
        1.0152094149886148,
        0.9418386134053033,
        1.0219934512963975,
        0.282309902830747,
        0.6853327019240776,
        0.4201961685187583,
        0.3159737167742234,
        0.7011377299562143,
        0.8201276089098575,
        0.5405541788063479,
        0.9472112277225444,
        0.7573367868640711,
        1.009068788513731,
        0.6993484960986931,
        0.7228524074661276,
        1.1157092771035333,
        1.0570957888038492,
        0.9417397999721324,
        0.8369937459579068,
        0.495982133816209,
        1.0444083854825603,
        0.38587834711148167,
        1.0484577957214738,
        0.6575286832291772,
        1.1280238693073827,
        0.7928884818155808,
        0.0
      ]
    ],
    "gc": [
      [
        true,
        false,
        false,
        false,
        false,
        false,
        false,
        false,
        false,
        false,
        false,
        false,
        false,
        true,
        true,
        false,
        false,
        false,
        false,
        false,
        false,
        false,
        false,
        false,
        false,
        false,
        false,
        false,
        false,
        false
      ],
      [
        false,
        true,
        true,
        false,
        false,
        false,
        true,
        false,
        false,
        false,
        false,
        false,
        false,
        false,
        false,
        false,
        false,
        false,
        false,
        false,
        false,
        false,
        false,
        false,
        false,
        false,
        false,
        false,
        false,
        false
      ],
      [
        false,
        true,
        true,
        false,
        false,
        false,
        true,
        false,
        false,
        true,
        false,
        false,
        false,
        false,
        false,
        false,
        false,
        false,
        false,
        false,
        false,
        false,
        false,
        false,
        false,
        false,
        false,
        false,
        false,
        false
      ],
      [
        false,
        false,
        false,
        true,
        false,
        false,
        false,
        false,
        false,
        false,
        false,
        false,
        false,
        false,
        false,
        false,
        false,
        false,
        true,
        true,
        false,
        false,
        false,
        false,
        false,
        false,
        false,
        false,
        false,
        false
      ],
      [
        false,
        false,
        false,
        false,
        true,
        false,
        false,
        false,
        false,
        false,
        false,
        false,
        false,
        false,
        false,
        false,
        false,
        false,
        false,
        false,
        false,
        false,
        false,
        false,
        false,
        false,
        false,
        false,
        false,
        false
      ],
      [
        false,
        false,
        false,
        false,
        false,
        true,
        false,
        false,
        false,
        false,
        false,
        false,
        false,
        false,
        false,
        true,
        false,
        false,
        false,
        false,
        false,
        false,
        false,
        true,
        false,
        false,
        false,
        false,
        false,
        false
      ],
      [
        false,
        true,
        true,
        false,
        false,
        false,
        true,
        false,
        false,
        true,
        false,
        false,
        false,
        false,
        false,
        false,
        false,
        false,
        false,
        false,
        false,
        false,
        false,
        false,
        false,
        false,
        false,
        false,
        false,
        false
      ],
      [
        false,
        false,
        false,
        false,
        false,
        false,
        false,
        true,
        false,
        false,
        false,
        false,
        false,
        false,
        false,
        false,
        false,
        false,
        false,
        false,
        false,
        false,
        false,
        false,
        false,
        false,
        false,
        false,
        false,
        false
      ],
      [
        false,
        false,
        false,
        false,
        false,
        false,
        false,
        false,
        true,
        false,
        false,
        false,
        false,
        false,
        false,
        false,
        false,
        false,
        false,
        false,
        false,
        false,
        true,
        false,
        true,
        false,
        false,
        false,
        false,
        false
      ],
      [
        false,
        false,
        true,
        false,
        false,
        false,
        true,
        false,
        false,
        true,
        false,
        false,
        false,
        false,
        false,
        false,
        false,
        false,
        false,
        false,
        false,
        false,
        false,
        false,
        false,
        false,
        false,
        false,
        false,
        false
      ],
      [
        false,
        false,
        false,
        false,
        false,
        false,
        false,
        false,
        false,
        false,
        true,
        true,
        false,
        false,
        false,
        false,
        false,
        false,
        false,
        false,
        false,
        false,
        false,
        false,
        false,
        false,
        true,
        false,
        false,
        false
      ],
      [
        false,
        false,
        false,
        false,
        false,
        false,
        false,
        false,
        false,
        false,
        true,
        true,
        false,
        false,
        false,
        false,
        false,
        false,
        false,
        false,
        true,
        false,
        false,
        false,
        false,
        false,
        false,
        false,
        false,
        false
      ],
      [
        false,
        false,
        false,
        false,
        false,
        false,
        false,
        false,
        false,
        false,
        false,
        false,
        true,
        false,
        false,
        false,
        false,
        false,
        false,
        false,
        false,
        false,
        false,
        false,
        false,
        false,
        false,
        false,
        false,
        false
      ],
      [
        true,
        false,
        false,
        false,
        false,
        false,
        false,
        false,
        false,
        false,
        false,
        false,
        false,
        true,
        false,
        true,
        false,
        false,
        false,
        false,
        false,
        false,
        false,
        true,
        false,
        false,
        false,
        false,
        false,
        false
      ],
      [
        true,
        false,
        false,
        false,
        false,
        false,
        false,
        false,
        false,
        false,
        false,
        false,
        false,
        false,
        true,
        false,
        false,
        false,
        false,
        false,
        false,
        false,
        false,
        false,
        false,
        false,
        false,
        false,
        false,
        false
      ],
      [
        false,
        false,
        false,
        false,
        false,
        true,
        false,
        false,
        false,
        false,
        false,
        false,
        false,
        true,
        false,
        true,
        false,
        false,
        false,
        false,
        false,
        false,
        false,
        true,
        false,
        false,
        false,
        false,
        false,
        false
      ],
      [
        false,
        false,
        false,
        false,
        false,
        false,
        false,
        false,
        false,
        false,
        false,
        false,
        false,
        false,
        false,
        false,
        true,
        true,
        false,
        false,
        false,
        false,
        false,
        false,
        false,
        false,
        true,
        false,
        false,
        false
      ],
      [
        false,
        false,
        false,
        false,
        false,
        false,
        false,
        false,
        false,
        false,
        false,
        false,
        false,
        false,
        false,
        false,
        true,
        true,
        false,
        false,
        false,
        false,
        false,
        false,
        false,
        false,
        false,
        false,
        false,
        false
      ],
      [
        false,
        false,
        false,
        true,
        false,
        false,
        false,
        false,
        false,
        false,
        false,
        false,
        false,
        false,
        false,
        false,
        false,
        false,
        true,
        false,
        false,
        false,
        false,
        false,
        false,
        false,
        false,
        false,
        false,
        false
      ],
      [
        false,
        false,
        false,
        true,
        false,
        false,
        false,
        false,
        false,
        false,
        false,
        false,
        false,
        false,
        false,
        false,
        false,
        false,
        false,
        true,
        false,
        false,
        false,
        false,
        false,
        false,
        false,
        false,
        false,
        false
      ],
      [
        false,
        false,
        false,
        false,
        false,
        false,
        false,
        false,
        false,
        false,
        false,
        true,
        false,
        false,
        false,
        false,
        false,
        false,
        false,
        false,
        true,
        false,
        false,
        false,
        false,
        false,
        false,
        false,
        false,
        false
      ],
      [
        false,
        false,
        false,
        false,
        false,
        false,
        false,
        false,
        false,
        false,
        false,
        false,
        false,
        false,
        false,
        false,
        false,
        false,
        false,
        false,
        false,
        true,
        false,
        false,
        false,
        false,
        false,
        false,
        true,
        false
      ],
      [
        false,
        false,
        false,
        false,
        false,
        false,
        false,
        false,
        true,
        false,
        false,
        false,
        false,
        false,
        false,
        false,
        false,
        false,
        false,
        false,
        false,
        false,
        true,
        false,
        true,
        false,
        false,
        false,
        false,
        false
      ],
      [
        false,
        false,
        false,
        false,
        false,
        true,
        false,
        false,
        false,
        false,
        false,
        false,
        false,
        true,
        false,
        true,
        false,
        false,
        false,
        false,
        false,
        false,
        false,
        true,
        false,
        false,
        false,
        false,
        false,
        false
      ],
      [
        false,
        false,
        false,
        false,
        false,
        false,
        false,
        false,
        true,
        false,
        false,
        false,
        false,
        false,
        false,
        false,
        false,
        false,
        false,
        false,
        false,
        false,
        true,
        false,
        true,
        false,
        false,
        false,
        false,
        false
      ],
      [
        false,
        false,
        false,
        false,
        false,
        false,
        false,
        false,
        false,
        false,
        false,
        false,
        false,
        false,
        false,
        false,
        false,
        false,
        false,
        false,
        false,
        false,
        false,
        false,
        false,
        true,
        false,
        true,
        false,
        false
      ],
      [
        false,
        false,
        false,
        false,
        false,
        false,
        false,
        false,
        false,
        false,
        true,
        false,
        false,
        false,
        false,
        false,
        true,
        false,
        false,
        false,
        false,
        false,
        false,
        false,
        false,
        false,
        true,
        false,
        false,
        false
      ],
      [
        false,
        false,
        false,
        false,
        false,
        false,
        false,
        false,
        false,
        false,
        false,
        false,
        false,
        false,
        false,
        false,
        false,
        false,
        false,
        false,
        false,
        false,
        false,
        false,
        false,
        true,
        false,
        true,
        false,
        false
      ],
      [
        false,
        false,
        false,
        false,
        false,
        false,
        false,
        false,
        false,
        false,
        false,
        false,
        false,
        false,
        false,
        false,
        false,
        false,
        false,
        false,
        false,
        true,
        false,
        false,
        false,
        false,
        false,
        false,
        true,
        false
      ],
      [
        false,
        false,
        false,
        false,
        false,
        false,
        false,
        false,
        false,
        false,
        false,
        false,
        false,
        false,
        false,
        false,
        false,
        false,
        false,
        false,
        false,
        false,
        false,
        false,
        false,
        false,
        false,
        false,
        false,
        true
      ]
    ],
    "vs": [
      true,
      true,
      true,
      true,
      true,
      true,
      true,
      true,
      true,
      true,
      true,
      true,
      false,
      false,
      false,
      false,
      false,
      false,
      false,
      false,
      false,
      false,
      false,
      false,
      false,
      false,
      false,
      false,
      false,
      false
    ],
    "b": 29,
    "r": 6,
    "n": 30,
    "__rnd_id__": 5,
    "__scn_id__": 2
  },
