{
  "sol": {
    "z": 3.9428411801059164,
    "tours": [
      [
        0,
        9,
        7,
        2,
        5,
        4,
        1,
        6,
        11,
        8,
        10,
        3
      ]
    ]
  },
  "params": {
    "gm": [
      [
        0.0,
        0.6520960316338212,
        0.3396666668718674,
        0.35640052424552965,
        0.5727120107903663,
        0.5002502044575192,
        0.5368108505003247,
        0.23398813102787636,
        0.5751218426976451,
        0.3361318589735085,
        0.8927000718363831,
        0.7480116628650875,
        0.9062503514014495,
        0.12868723813412347,
        0.605762605523334,
        0.5663312479432572,
        0.6775973230790954,
        0.9311069806821725,
        0.8428450231545143,
        0.8997632131097154,
        0.6026167432467706,
        0.9464930559488659,
        0.6071523939002614,
        0.9256060493475633,
        0.7581432967544242,
        1.0365959005186516,
        0.41889937932526217,
        0.15749086059362016,
        0.8106048970860862,
        0.43284364694115857
      ],
      [
        0.6520960316338212,
        0.0,
        0.40832631170420564,
        0.34024951124448544,
        0.12393802469964879,
        0.27434551505378013,
        0.2593829500178775,
        0.46474283955148243,
        0.6657530017571169,
        0.9275417797284263,
        0.4493371529833558,
        0.4627165866204658,
        0.2541543197676283,
        0.780367773552452,
        0.39955574581580233,
        0.7775476288186083,
        0.565599994179167,
        0.4858224067099633,
        0.3227466328316828,
        0.24766718147589414,
        0.3195139603327484,
        0.42639466562603445,
        0.6934339199802733,
        0.273510017713742,
        0.13106778547488007,
        0.4955980154790992,
        0.47013851321768296,
        0.5482383512103054,
        0.158508865452265,
        0.9779630239623766
      ],
      [
        0.3396666668718674,
        0.40832631170420564,
        0.0,
        0.06807680045972014,
        0.2843882870045568,
        0.19702345941681407,
        0.48464419479244814,
        0.11024420103044344,
        0.6879082340479374,
        0.6463833161620791,
        0.8155298295309,
        0.6245536461398614,
        0.6533830072057796,
        0.43893869532269414,
        0.48201867552590116,
        0.8234310374064143,
        0.4623115278631884,
        0.7158211854662655,
        0.5545212993687048,
        0.613564661113108,
        0.5692352778047712,
        0.6581693321630564,
        0.47787883227011935,
        0.6634954006165834,
        0.4698195729686147,
        0.8886405627651119,
        0.2586833746921871,
        0.2090673382244642,
        0.5515514127382777,
        0.7555192181649177
      ],
      [
        0.35640052424552965,
        0.34024951124448544,
        0.06807680045972014,
        0.0,
        0.21631148654483667,
        0.2651002598765342,
        0.4988933220690017,
        0.12449332830699703,
        0.702157361324491,
        0.6475628831473516,
        0.7743028998096484,
        0.638802773416415,
        0.5853062067460595,
        0.4401182623079666,
        0.49626780280245475,
        0.8376801646829679,
        0.39665483056899564,
        0.6501644881720727,
        0.48644449890898467,
        0.545487860653388,
        0.5834844050813248,
        0.5900925317033363,
        0.4164993674391865,
        0.5954186001568633,
        0.40174277250889456,
        0.8205637623053919,
        0.19286336879038982,
        0.20798883996581993,
        0.4834746122785576,
        0.7006878795350834
      ],
      [
        0.5727120107903663,
        0.12393802469964879,
        0.2843882870045568,
        0.21631148654483667,
        0.0,
        0.15350198545157875,
        0.28535741819591204,
        0.34080481485183367,
        0.672537472697515,
        0.8420923213152824,
        0.5579914132648117,
        0.49766252094596997,
        0.36899472020122276,
        0.6564297488528033,
        0.4014662207257912,
        0.7794663989223642,
        0.4447564645769655,
        0.44026712373394444,
        0.270133012364148,
        0.3291763741085513,
        0.3675642626045167,
        0.37378104515849964,
        0.5710592791902015,
        0.3791071136120266,
        0.1854312859640579,
        0.6042522757605551,
        0.34642467028129476,
        0.42430032651065663,
        0.2671631257337209,
        0.8542491810259883
      ],
      [
        0.5002502044575192,
        0.27434551505378013,
        0.19702345941681407,
        0.2651002598765342,
        0.15350198545157875,
        0.0,
        0.43885940364749076,
        0.27226611186016164,
        0.8260394581490937,
        0.6902346559220256,
        0.6894704596870571,
        0.6511645063975487,
        0.5020999942014324,
        0.5787265085678412,
        0.55496820617737,
        0.932968384373943,
        0.29125447912538677,
        0.5447641367284639,
        0.4236349978157268,
        0.431757829173229,
        0.5210662480560955,
        0.5272830306100784,
        0.4192016137969446,
        0.5017242430222572,
        0.29081438896102646,
        0.7357313221828006,
        0.2000875968675188,
        0.3460329175338347,
        0.39864217215596637,
        0.7079121076122123
      ],
      [
        0.5368108505003247,
        0.2593829500178775,
        0.48464419479244814,
        0.4988933220690017,
        0.28535741819591204,
        0.43885940364749076,
        0.0,
        0.37439999376200467,
        0.40644861051695336,
        0.6681588297105489,
        0.35945307642652125,
        0.21247541408558537,
        0.5135372697855058,
        0.6613698706014782,
        0.14550066744440077,
        0.5212291342713359,
        0.7301138827728775,
        0.7227596157765639,
        0.552943996257667,
        0.5070501314937716,
        0.09225300285709302,
        0.6565920290520186,
        0.8101439525354113,
        0.5328929677316194,
        0.3903879054631194,
        0.5004362558949434,
        0.6229381881877077,
        0.4658631778738066,
        0.4178918154701425,
        0.9253483627516716
      ],
      [
        0.23398813102787636,
        0.46474283955148243,
        0.11024420103044344,
        0.12449332830699703,
        0.34080481485183367,
        0.27226611186016164,
        0.37439999376200467,
        0.0,
        0.577664033017494,
        0.5361880730109789,
        0.7052856285004566,
        0.514309445109418,
        0.7097995350530564,
        0.32874345217159395,
        0.3717744744954577,
        0.7131868363759709,
        0.49218676748300233,
        0.7456964250860795,
        0.6109378272159817,
        0.6699811889603849,
        0.45899107677432777,
        0.7145858600103333,
        0.4357439587734066,
        0.7199119284638602,
        0.5262361008158916,
        0.8491814571827252,
        0.24853819442570305,
        0.09983778175773693,
        0.6079679405855546,
        0.6453239750138176
      ],
      [
        0.5751218426976451,
        0.6657530017571169,
        0.6879082340479374,
        0.702157361324491,
        0.672537472697515,
        0.8260394581490937,
        0.40644861051695336,
        0.577664033017494,
        0.0,
        0.8102338356448284,
        0.6526169881754821,
        0.2306348011888211,
        0.8225175250790686,
        0.6926563293739335,
        0.27134434713965827,
        0.13552280335847686,
        1.0698508005004963,
        1.11202926390069,
        0.9418625525037115,
        0.8934471930980206,
        0.36673525423903847,
        1.045510585298063,
        1.0134079917909007,
        0.8764752063141429,
        0.7968015165079028,
        0.7892732755065464,
        0.826202227443197,
        0.677501814775231,
        0.824261867209382,
        1.0069968135140916
      ],
      [
        0.3361318589735085,
        0.9275417797284263,
        0.6463833161620791,
        0.6475628831473516,
        0.8420923213152824,
        0.6902346559220256,
        0.6681588297105489,
        0.5361880730109789,
        0.8102338356448284,
        0.0,
        1.02761190613707,
        0.8806342437961342,
        1.1816960994960546,
        0.207444620839385,
        0.8136594971549496,
        0.8773246153225849,
        0.5772316474642107,
        0.8306738057961004,
        1.0008405171930788,
        1.0927360132065038,
        0.7604118325676419,
        0.966491610638493,
        0.27103304212508095,
        1.175890164157103,
        0.9654208038945163,
        1.1685950856054923,
        0.5004901686640012,
        0.4401382118733915,
        1.081895581689301,
        0.25718953304112274
      ],
      [
        0.8927000718363831,
        0.4493371529833558,
        0.8155298295309,
        0.7743028998096484,
        0.5579914132648117,
        0.6894704596870571,
        0.35945307642652125,
        0.7052856285004566,
        0.6526169881754821,
        1.02761190613707,
        0.0,
        0.42462609094033266,
        0.24851247260334416,
        1.0143309329866388,
        0.4727446280118802,
        0.7871983759258422,
        0.9807249388124439,
        0.7760190436524321,
        0.6439302846642552,
        0.3805545139933961,
        0.3206924031785992,
        0.7475783174586068,
        1.101690827095311,
        0.30156624918265573,
        0.41253610122803697,
        0.14389582868226855,
        0.8895135271909613,
        0.8035658096331499,
        0.2908282875310908,
        1.2848014391781928
      ],
      [
        0.7480116628650875,
        0.4627165866204658,
        0.6245536461398614,
        0.638802773416415,
        0.49766252094596997,
        0.6511645063975487,
        0.21247541408558537,
        0.514309445109418,
        0.2306348011888211,
        0.8806342437961342,
        0.42462609094033266,
        0.0,
        0.5918827238902475,
        0.843052897281012,
        0.14298703436925217,
        0.3634599277668882,
        0.9424189855229355,
        0.9349628087625151,
        0.7652947545387546,
        0.6721068584772989,
        0.1453949196183168,
        0.8535745512097872,
        0.9416796938778128,
        0.6458404051253218,
        0.591402019110636,
        0.5641611157055527,
        0.762847639535121,
        0.614147226867155,
        0.6212254520727307,
        1.137823776837257
      ],
      [
        0.9062503514014495,
        0.2541543197676283,
        0.6533830072057796,
        0.5853062067460595,
        0.36899472020122276,
        0.5020999942014324,
        0.5135372697855058,
        0.7097995350530564,
        0.8225175250790686,
        1.1816960994960546,
        0.24851247260334416,
        0.5918827238902475,
        0.0,
        1.0105277155868935,
        0.6537100655834307,
        0.9553426516571357,
        0.7933544733268192,
        0.5548783964177953,
        0.44005396656291074,
        0.1388721650751303,
        0.5692048757819433,
        0.5437019993572624,
        0.9131014258854492,
        0.05395768123507427,
        0.21987464234401782,
        0.25404526897528473,
        0.7021124993552446,
        0.7862348775043724,
        0.10349923809647263,
        1.1933608707036538
      ],
      [
        0.12868723813412347,
        0.780367773552452,
        0.43893869532269414,
        0.4401182623079666,
        0.6564297488528033,
        0.5787265085678412,
        0.6613698706014782,
        0.32874345217159395,
        0.6926563293739335,
        0.207444620839385,
        1.0143309329866388,
        0.843052897281012,
        1.0105277155868935,
        0.0,
        0.7005179266670516,
        0.6698799944831999,
        0.7528000535194816,
        1.0063097111225587,
        0.9265627612169512,
        0.9856061229613545,
        0.72979540658765,
        1.0302107940113028,
        0.47846515576613796,
        1.0304372440359224,
        0.8418610348168611,
        1.1582267616689073,
        0.4941021097656485,
        0.2326935910340065,
        0.9154292304419063,
        0.3165805228422236
      ],
      [
        0.605762605523334,
        0.39955574581580233,
        0.48201867552590116,
        0.49626780280245475,
        0.4014662207257912,
        0.55496820617737,
        0.14550066744440077,
        0.3717744744954577,
        0.27134434713965827,
        0.8136594971549496,
        0.4727446280118802,
        0.14298703436925217,
        0.6537100655834307,
        0.7005179266670516,
        0.0,
        0.37800017819657306,
        0.8462226853027568,
        0.8410977000284928,
        0.6712242274999252,
        0.6472229272916965,
        0.15237009363506748,
        0.7748722602942768,
        0.8017155390598901,
        0.6730657635295443,
        0.5302814544680875,
        0.6166256581815586,
        0.6203126689211608,
        0.47161225625319464,
        0.5580646112680674,
        1.0170984495092752
      ],
      [
        0.5663312479432572,
        0.7775476288186083,
        0.8234310374064143,
        0.8376801646829679,
        0.7794663989223642,
        0.932968384373943,
        0.5212291342713359,
        0.7131868363759709,
        0.13552280335847686,
        0.8773246153225849,
        0.7871983759258422,
        0.3634599277668882,
        0.9553426516571357,
        0.6698799944831999,
        0.37800017819657306,
        0.0,
        1.101598980591134,
        1.2190978782250659,
        1.0492244056964983,
        1.0199753848997162,
        0.49326344604073397,
        1.15287243849085,
        1.1324460646606533,
        1.0093003328922099,
        0.9081836376590474,
        0.9245382516356195,
        0.9029889381217331,
        0.6415804193900911,
        0.9360564942708733,
        0.9861608462320742
      ],
      [
        0.6775973230790954,
        0.565599994179167,
        0.4623115278631884,
        0.39665483056899564,
        0.4447564645769655,
        0.29125447912538677,
        0.7301138827728775,
        0.49218676748300233,
        1.0698508005004963,
        0.5772316474642107,
        0.9807249388124439,
        0.9424189855229355,
        0.7933544733268192,
        0.7528000535194816,
        0.8462226853027568,
        1.101598980591134,
        0.0,
        0.25350965760307714,
        0.42367636900005556,
        0.6724978672077038,
        0.8123207271814823,
        0.38932746244546973,
        0.30619860533912985,
        0.77119750530327,
        0.5820688680864132,
        1.0269858013081874,
        0.2594839826067165,
        0.5201064624854752,
        0.6898966512813531,
        0.6860401658542326
      ],
      [
        0.9311069806821725,
        0.4858224067099633,
        0.7158211854662655,
        0.6501644881720727,
        0.44026712373394444,
        0.5447641367284639,
        0.7227596157765639,
        0.7456964250860795,
        1.11202926390069,
        0.8306738057961004,
        0.7760190436524321,
        0.9349628087625151,
        0.5548783964177953,
        1.0063097111225587,
        0.8410977000284928,
        1.2190978782250659,
        0.25350965760307714,
        0.0,
        0.17016671139697845,
        0.41898820960462657,
        0.7981422191937998,
        0.1358178048423926,
        0.5596407636710194,
        0.5176878477001928,
        0.38075120218202135,
        0.8089180677566792,
        0.5129936402097937,
        0.7736161200885523,
        0.4851907561213414,
        0.9363644101873809
      ],
      [
        0.8428450231545143,
        0.3227466328316828,
        0.5545212993687048,
        0.48644449890898467,
        0.270133012364148,
        0.4236349978157268,
        0.552943996257667,
        0.6109378272159817,
        0.9418625525037115,
        1.0008405171930788,
        0.6439302846642552,
        0.7652947545387546,
        0.44005396656291074,
        0.9265627612169512,
        0.6712242274999252,
        1.0492244056964983,
        0.42367636900005556,
        0.17016671139697845,
        0.0,
        0.3195072178333808,
        0.6296936068609553,
        0.10364803279435161,
        0.7298074750679979,
        0.4148297411720732,
        0.2354744488203941,
        0.6892006204415048,
        0.6165576826454428,
        0.6944333388748046,
        0.3531019971331644,
        1.1065311215843594
      ],
      [
        0.8997632131097154,
        0.24766718147589414,
        0.613564661113108,
        0.545487860653388,
        0.3291763741085513,
        0.431757829173229,
        0.5070501314937716,
        0.6699811889603849,
        0.8934471930980206,
        1.0927360132065038,
        0.3805545139933961,
        0.6721068584772989,
        0.1388721650751303,
        0.9856061229613545,
        0.6472229272916965,
        1.0199753848997162,
        0.6724978672077038,
        0.41898820960462657,
        0.3195072178333808,
        0.0,
        0.5267119388589822,
        0.4231552506277324,
        0.8217029710814229,
        0.09890216199057736,
        0.1451942288175885,
        0.39133187870291813,
        0.6260990616610386,
        0.7534767006192079,
        0.11428689389750046,
        1.1339235724057322
      ],
      [
        0.6026167432467706,
        0.3195139603327484,
        0.5692352778047712,
        0.5834844050813248,
        0.3675642626045167,
        0.5210662480560955,
        0.09225300285709302,
        0.45899107677432777,
        0.36673525423903847,
        0.7604118325676419,
        0.3206924031785992,
        0.1453949196183168,
        0.5692048757819433,
        0.72979540658765,
        0.15237009363506748,
        0.49326344604073397,
        0.8123207271814823,
        0.7981422191937998,
        0.6296936068609553,
        0.5267119388589822,
        0.0,
        0.7081796315914705,
        0.8947350355477344,
        0.5930239780464904,
        0.44690544115149666,
        0.46458431112492105,
        0.7075292712000308,
        0.5465190055245953,
        0.4780228257850134,
        1.0176013656087646
      ],
      [
        0.9464930559488659,
        0.42639466562603445,
        0.6581693321630564,
        0.5900925317033363,
        0.37378104515849964,
        0.5272830306100784,
        0.6565920290520186,
        0.7145858600103333,
        1.045510585298063,
        0.966491610638493,
        0.7475783174586068,
        0.8535745512097872,
        0.5437019993572624,
        1.0302107940113028,
        0.7748722602942768,
        1.15287243849085,
        0.38932746244546973,
        0.1358178048423926,
        0.10364803279435161,
        0.4231552506277324,
        0.7081796315914705,
        0.0,
        0.695458568513412,
        0.5184777739664248,
        0.3391224816147457,
        0.7928486532358564,
        0.6488114450521862,
        0.7980813716691563,
        0.456750029927516,
        1.0721822150297735
      ],
      [
        0.6071523939002614,
        0.6934339199802733,
        0.47787883227011935,
        0.4164993674391865,
        0.5710592791902015,
        0.4192016137969446,
        0.8101439525354113,
        0.4357439587734066,
        1.0134079917909007,
        0.27103304212508095,
        1.101690827095311,
        0.9416796938778128,
        0.9131014258854492,
        0.47846515576613796,
        0.8017155390598901,
        1.1324460646606533,
        0.30619860533912985,
        0.5596407636710194,
        0.7298074750679979,
        0.8217029710814229,
        0.8947350355477344,
        0.695458568513412,
        0.0,
        0.9048571220320221,
        0.6943877617694354,
        1.1312461682470243,
        0.22945712653892023,
        0.4908656452705622,
        0.81086253956422,
        0.3863667084267429
      ],
      [
        0.9256060493475633,
        0.273510017713742,
        0.6634954006165834,
        0.5954186001568633,
        0.3791071136120266,
        0.5017242430222572,
        0.5328929677316194,
        0.7199119284638602,
        0.8764752063141429,
        1.175890164157103,
        0.30156624918265573,
        0.6458404051253218,
        0.05395768123507427,
        1.0304372440359224,
        0.6730657635295443,
        1.0093003328922099,
        0.77119750530327,
        0.5176878477001928,
        0.4148297411720732,
        0.09890216199057736,
        0.5930239780464904,
        0.5184777739664248,
        0.9048571220320221,
        0.0,
        0.2118382037771507,
        0.29477449884882145,
        0.7004118532040071,
        0.7977436530019159,
        0.11500801359401613,
        1.2048696462011974
      ],
      [
        0.7581432967544242,
        0.13106778547488007,
        0.4698195729686147,
        0.40174277250889456,
        0.1854312859640579,
        0.29081438896102646,
        0.3903879054631194,
        0.5262361008158916,
        0.7968015165079028,
        0.9654208038945163,
        0.41253610122803697,
        0.591402019110636,
        0.21987464234401782,
        0.8418610348168611,
        0.5302814544680875,
        0.9081836376590474,
        0.5820688680864132,
        0.38075120218202135,
        0.2354744488203941,
        0.1451942288175885,
        0.44690544115149666,
        0.3391224816147457,
        0.6943877617694354,
        0.2118382037771507,
        0.0,
        0.4583159873959293,
        0.4887230741010874,
        0.6097316124747145,
        0.1217078136969462,
        0.996547584845781
      ],
      [
        1.0365959005186516,
        0.4955980154790992,
        0.8886405627651119,
        0.8205637623053919,
        0.6042522757605551,
        0.7357313221828006,
        0.5004362558949434,
        0.8491814571827252,
        0.7892732755065464,
        1.1685950856054923,
        0.14389582868226855,
        0.5641611157055527,
        0.25404526897528473,
        1.1582267616689073,
        0.6166256581815586,
        0.9245382516356195,
        1.0269858013081874,
        0.8089180677566792,
        0.6892006204415048,
        0.39133187870291813,
        0.46458431112492105,
        0.7928486532358564,
        1.1312461682470243,
        0.29477449884882145,
        0.4583159873959293,
        0.0,
        0.9357743896867048,
        0.9474616383154185,
        0.3370891500268342,
        1.425784618646615
      ],
      [
        0.41889937932526217,
        0.47013851321768296,
        0.2586833746921871,
        0.19286336879038982,
        0.34642467028129476,
        0.2000875968675188,
        0.6229381881877077,
        0.24853819442570305,
        0.826202227443197,
        0.5004901686640012,
        0.8895135271909613,
        0.762847639535121,
        0.7021124993552446,
        0.4941021097656485,
        0.6203126689211608,
        0.9029889381217331,
        0.2594839826067165,
        0.5129936402097937,
        0.6165576826454428,
        0.6260990616610386,
        0.7075292712000308,
        0.6488114450521862,
        0.22945712653892023,
        0.7004118532040071,
        0.4887230741010874,
        0.9357743896867048,
        0.0,
        0.261408518731642,
        0.5986852396598705,
        0.5078245107446936
      ],
      [
        0.15749086059362016,
        0.5482383512103054,
        0.2090673382244642,
        0.20798883996581993,
        0.42430032651065663,
        0.3460329175338347,
        0.4658631778738066,
        0.09983778175773693,
        0.677501814775231,
        0.4401382118733915,
        0.8035658096331499,
        0.614147226867155,
        0.7862348775043724,
        0.2326935910340065,
        0.47161225625319464,
        0.6415804193900911,
        0.5201064624854752,
        0.7736161200885523,
        0.6944333388748046,
        0.7534767006192079,
        0.5465190055245953,
        0.7980813716691563,
        0.4908656452705622,
        0.7977436530019159,
        0.6097316124747145,
        0.9474616383154185,
        0.261408518731642,
        0.0,
        0.6827356394078997,
        0.54927411387623
      ],
      [
        0.8106048970860862,
        0.158508865452265,
        0.5515514127382777,
        0.4834746122785576,
        0.2671631257337209,
        0.39864217215596637,
        0.4178918154701425,
        0.6079679405855546,
        0.824261867209382,
        1.081895581689301,
        0.2908282875310908,
        0.6212254520727307,
        0.10349923809647263,
        0.9154292304419063,
        0.5580646112680674,
        0.9360564942708733,
        0.6898966512813531,
        0.4851907561213414,
        0.3531019971331644,
        0.11428689389750046,
        0.4780228257850134,
        0.456750029927516,
        0.81086253956422,
        0.11500801359401613,
        0.1217078136969462,
        0.3370891500268342,
        0.5986852396598705,
        0.6827356394078997,
        0.0,
        1.0898616326071813
      ],
      [
        0.43284364694115857,
        0.9779630239623766,
        0.7555192181649177,
        0.7006878795350834,
        0.8542491810259883,
        0.7079121076122123,
        0.9253483627516716,
        0.6453239750138176,
        1.0069968135140916,
        0.25718953304112274,
        1.2848014391781928,
        1.137823776837257,
        1.1933608707036538,
        0.3165805228422236,
        1.0170984495092752,
        0.9861608462320742,
        0.6860401658542326,
        0.9363644101873809,
        1.1065311215843594,
        1.1339235724057322,
        1.0176013656087646,
        1.0721822150297735,
        0.3863667084267429,
        1.2048696462011974,
        0.996547584845781,
        1.425784618646615,
        0.5078245107446936,
        0.54927411387623,
        1.0898616326071813,
        0.0
      ]
    ],
    "gc": [
      [
        true,
        false,
        false,
        false,
        true,
        false,
        false,
        false,
        false,
        false,
        false,
        false,
        false,
        false,
        false,
        false,
        false,
        false,
        false,
        false,
        false,
        false,
        false,
        false,
        true,
        false,
        false,
        false,
        true,
        false
      ],
      [
        false,
        true,
        false,
        false,
        false,
        false,
        false,
        false,
        false,
        false,
        false,
        false,
        false,
        true,
        false,
        false,
        false,
        false,
        false,
        false,
        false,
        false,
        false,
        false,
        false,
        false,
        false,
        true,
        false,
        false
      ],
      [
        false,
        false,
        true,
        true,
        false,
        false,
        false,
        true,
        false,
        false,
        false,
        false,
        false,
        false,
        false,
        false,
        false,
        false,
        false,
        false,
        false,
        false,
        false,
        false,
        false,
        false,
        false,
        false,
        false,
        false
      ],
      [
        false,
        false,
        true,
        true,
        false,
        false,
        false,
        true,
        false,
        false,
        false,
        false,
        false,
        false,
        false,
        false,
        false,
        false,
        false,
        false,
        false,
        false,
        false,
        false,
        false,
        false,
        false,
        false,
        false,
        false
      ],
      [
        true,
        false,
        false,
        false,
        true,
        true,
        false,
        false,
        false,
        false,
        false,
        false,
        false,
        false,
        false,
        false,
        false,
        false,
        false,
        false,
        false,
        false,
        false,
        false,
        false,
        false,
        false,
        false,
        false,
        false
      ],
      [
        false,
        false,
        false,
        false,
        true,
        true,
        false,
        false,
        false,
        false,
        false,
        false,
        false,
        false,
        false,
        false,
        false,
        false,
        false,
        false,
        false,
        false,
        false,
        false,
        false,
        false,
        false,
        false,
        false,
        false
      ],
      [
        false,
        false,
        false,
        false,
        false,
        false,
        true,
        false,
        false,
        false,
        false,
        false,
        false,
        false,
        true,
        false,
        false,
        false,
        false,
        false,
        true,
        false,
        false,
        false,
        false,
        false,
        false,
        false,
        false,
        false
      ],
      [
        false,
        false,
        true,
        true,
        false,
        false,
        false,
        true,
        false,
        false,
        false,
        false,
        false,
        false,
        false,
        false,
        false,
        false,
        false,
        false,
        false,
        false,
        false,
        false,
        false,
        false,
        false,
        true,
        false,
        false
      ],
      [
        false,
        false,
        false,
        false,
        false,
        false,
        false,
        false,
        true,
        false,
        false,
        false,
        false,
        false,
        false,
        true,
        false,
        false,
        false,
        false,
        false,
        false,
        false,
        false,
        false,
        false,
        false,
        false,
        false,
        false
      ],
      [
        false,
        false,
        false,
        false,
        false,
        false,
        false,
        false,
        false,
        true,
        false,
        false,
        false,
        false,
        false,
        false,
        false,
        false,
        false,
        false,
        false,
        false,
        false,
        false,
        false,
        false,
        false,
        false,
        false,
        false
      ],
      [
        false,
        false,
        false,
        false,
        false,
        false,
        false,
        false,
        false,
        false,
        true,
        false,
        false,
        false,
        false,
        false,
        false,
        false,
        false,
        false,
        false,
        false,
        false,
        false,
        false,
        true,
        false,
        false,
        false,
        false
      ],
      [
        false,
        false,
        false,
        false,
        false,
        false,
        false,
        false,
        false,
        false,
        false,
        true,
        false,
        false,
        true,
        false,
        false,
        false,
        false,
        false,
        true,
        false,
        false,
        false,
        false,
        false,
        false,
        false,
        false,
        false
      ],
      [
        false,
        false,
        false,
        false,
        false,
        false,
        false,
        false,
        false,
        false,
        false,
        false,
        true,
        false,
        false,
        false,
        false,
        false,
        false,
        true,
        false,
        false,
        false,
        true,
        false,
        false,
        false,
        false,
        true,
        false
      ],
      [
        false,
        true,
        false,
        false,
        false,
        false,
        false,
        false,
        false,
        false,
        false,
        false,
        false,
        true,
        false,
        false,
        false,
        false,
        false,
        false,
        false,
        false,
        false,
        false,
        false,
        false,
        false,
        false,
        false,
        false
      ],
      [
        false,
        false,
        false,
        false,
        false,
        false,
        true,
        false,
        false,
        false,
        false,
        true,
        false,
        false,
        true,
        false,
        false,
        false,
        false,
        false,
        true,
        false,
        false,
        false,
        false,
        false,
        false,
        false,
        false,
        false
      ],
      [
        false,
        false,
        false,
        false,
        false,
        false,
        false,
        false,
        true,
        false,
        false,
        false,
        false,
        false,
        false,
        true,
        false,
        false,
        false,
        false,
        false,
        false,
        false,
        false,
        false,
        false,
        false,
        false,
        false,
        false
      ],
      [
        false,
        false,
        false,
        false,
        false,
        false,
        false,
        false,
        false,
        false,
        false,
        false,
        false,
        false,
        false,
        false,
        true,
        false,
        false,
        false,
        false,
        false,
        false,
        false,
        false,
        false,
        false,
        false,
        false,
        false
      ],
      [
        false,
        false,
        false,
        false,
        false,
        false,
        false,
        false,
        false,
        false,
        false,
        false,
        false,
        false,
        false,
        false,
        false,
        true,
        false,
        false,
        false,
        true,
        false,
        false,
        false,
        false,
        false,
        false,
        false,
        false
      ],
      [
        false,
        false,
        false,
        false,
        false,
        false,
        false,
        false,
        false,
        false,
        false,
        false,
        false,
        false,
        false,
        false,
        false,
        false,
        true,
        false,
        false,
        false,
        false,
        false,
        false,
        false,
        false,
        false,
        false,
        false
      ],
      [
        false,
        false,
        false,
        false,
        false,
        false,
        false,
        false,
        false,
        false,
        false,
        false,
        true,
        false,
        false,
        false,
        false,
        false,
        false,
        true,
        false,
        false,
        false,
        true,
        true,
        false,
        false,
        false,
        true,
        false
      ],
      [
        false,
        false,
        false,
        false,
        false,
        false,
        true,
        false,
        false,
        false,
        false,
        true,
        false,
        false,
        true,
        false,
        false,
        false,
        false,
        false,
        true,
        false,
        false,
        false,
        false,
        false,
        false,
        false,
        false,
        false
      ],
      [
        false,
        false,
        false,
        false,
        false,
        false,
        false,
        false,
        false,
        false,
        false,
        false,
        false,
        false,
        false,
        false,
        false,
        true,
        false,
        false,
        false,
        true,
        false,
        false,
        false,
        false,
        false,
        false,
        false,
        false
      ],
      [
        false,
        false,
        false,
        false,
        false,
        false,
        false,
        false,
        false,
        false,
        false,
        false,
        false,
        false,
        false,
        false,
        false,
        false,
        false,
        false,
        false,
        false,
        true,
        false,
        false,
        false,
        false,
        false,
        false,
        false
      ],
      [
        false,
        false,
        false,
        false,
        false,
        false,
        false,
        false,
        false,
        false,
        false,
        false,
        true,
        false,
        false,
        false,
        false,
        false,
        false,
        true,
        false,
        false,
        false,
        true,
        false,
        false,
        false,
        false,
        true,
        false
      ],
      [
        true,
        false,
        false,
        false,
        false,
        false,
        false,
        false,
        false,
        false,
        false,
        false,
        false,
        false,
        false,
        false,
        false,
        false,
        false,
        true,
        false,
        false,
        false,
        false,
        true,
        false,
        false,
        false,
        true,
        false
      ],
      [
        false,
        false,
        false,
        false,
        false,
        false,
        false,
        false,
        false,
        false,
        true,
        false,
        false,
        false,
        false,
        false,
        false,
        false,
        false,
        false,
        false,
        false,
        false,
        false,
        false,
        true,
        false,
        false,
        false,
        false
      ],
      [
        false,
        false,
        false,
        false,
        false,
        false,
        false,
        false,
        false,
        false,
        false,
        false,
        false,
        false,
        false,
        false,
        false,
        false,
        false,
        false,
        false,
        false,
        false,
        false,
        false,
        false,
        true,
        false,
        false,
        false
      ],
      [
        false,
        true,
        false,
        false,
        false,
        false,
        false,
        true,
        false,
        false,
        false,
        false,
        false,
        false,
        false,
        false,
        false,
        false,
        false,
        false,
        false,
        false,
        false,
        false,
        false,
        false,
        false,
        true,
        false,
        false
      ],
      [
        true,
        false,
        false,
        false,
        false,
        false,
        false,
        false,
        false,
        false,
        false,
        false,
        true,
        false,
        false,
        false,
        false,
        false,
        false,
        true,
        false,
        false,
        false,
        true,
        true,
        false,
        false,
        false,
        true,
        false
      ],
      [
        false,
        false,
        false,
        false,
        false,
        false,
        false,
        false,
        false,
        false,
        false,
        false,
        false,
        false,
        false,
        false,
        false,
        false,
        false,
        false,
        false,
        false,
        false,
        false,
        false,
        false,
        false,
        false,
        false,
        true
      ]
    ],
    "vs": [
      true,
      true,
      true,
      true,
      true,
      true,
      true,
      true,
      true,
      true,
      true,
      true,
      false,
      false,
      false,
      false,
      false,
      false,
      false,
      false,
      false,
      false,
      false,
      false,
      false,
      false,
      false,
      false,
      false,
      false
    ],
    "b": 29,
    "r": 2,
    "n": 30,
    "__rnd_id__": 8,
    "__scn_id__": 2
  },
  "info": {
