{
  "sol": {
    "z": 2.508673816242857,
    "tours": [
      [
        0,
        13,
        10,
        15,
        5,
        3,
        14,
        1,
        12,
        9
      ],
      [
        11,
        4,
        2,
        8,
        7,
        6
      ]
    ]
  },
  "params": {
    "gm": [
      [
        0.0,
        0.07044842359233489,
        0.7834155876002804,
        0.714703646929971,
        0.6960787379572215,
        0.6244221656073672,
        0.41873190137821054,
        0.4492793004640154,
        0.8773622033533668,
        0.40164791822172025,
        0.22272319650772865,
        0.6609213687140121,
        0.4194469731110359,
        0.09162325172609923,
        0.13677372347244604,
        0.4197527164967914,
        0.8502136606545383,
        0.49190907217584634,
        0.38938661269577624,
        0.511994288565737,
        0.485623471948321,
        0.4759427082862433,
        0.5631738133101544,
        0.20402159661775418,
        0.08263205788235638,
        0.28179914748238344,
        0.6334850649722206,
        0.40026664189047734,
        0.34372645519022865,
        0.1357470277831299,
        0.03096632718932249,
        0.660286593693222,
        0.34971656175672217,
        0.17276826526616498,
        0.2049226839744759,
        0.42210447622558633,
        0.4480945790573536,
        1.055909708076551,
        0.4267486202655175,
        1.0957381076732209
      ],
      [
        0.07044842359233489,
        0.0,
        0.7614045137968727,
        0.6442552233376361,
        0.6620264394619805,
        0.5549923872898697,
        0.45410152055663394,
        0.4846489196424388,
        0.8422524587729355,
        0.36653817364128893,
        0.16414491914555687,
        0.6180419637997772,
        0.3743004065265786,
        0.1385572926785281,
        0.06657391302167394,
        0.34970722371893914,
        0.8050670940700809,
        0.42153327861302325,
        0.3190108191329531,
        0.4420544527744197,
        0.4152487386220699,
        0.5113123274646667,
        0.5252598982226955,
        0.2393912157961776,
        0.11880229528052128,
        0.21154748539710364,
        0.5883384983877633,
        0.43563626106890074,
        0.28734112009033813,
        0.14403951188772185,
        0.044516744076851605,
        0.6307603097346416,
        0.3848231523172649,
        0.13485435017870606,
        0.26506907381410916,
        0.45747409540400974,
        0.40519155836100046,
        0.9859536349741151,
        0.38864348294071716,
        1.0253633743469697
      ],
      [
        0.7834155876002804,
        0.7614045137968727,
        0.0,
        0.5638833828947217,
        0.1642000836666793,
        0.7191186540432517,
        0.45412074172163164,
        0.42235715476481056,
        0.1423576196440412,
        0.4044779260693952,
        0.6324611899195648,
        0.14520954480042902,
        0.42970846389534184,
        0.7780649201723935,
        0.7383691225597435,
        0.7218826982471074,
        0.539593079104446,
        0.869708222021333,
        0.7856239486705815,
        0.8556350971171852,
        0.7923312392661104,
        0.42434167865031264,
        1.0976887049371746,
        0.6650350857205248,
        0.8660476454826368,
        0.7512262338998843,
        0.5257736821083625,
        0.46879004044780165,
        0.5451136674045272,
        0.9049211468375762,
        0.7796892921723954,
        1.0607475574035132,
        0.5942691805755366,
        0.8736767532850387,
        0.7566180489496894,
        0.4685900102636235,
        1.118269086530485,
        1.0495887428819708,
        0.39190326640141276,
        1.059554641347024
      ],
      [
        0.714703646929971,
        0.6442552233376361,
        0.5638833828947217,
        0.0,
        0.6226763476533217,
        0.20322563261356655,
        0.6783261415654142,
        0.6390529703193218,
        0.5779712030164192,
        0.41417472841572345,
        0.5689701512693253,
        0.5167954452315773,
        0.3501816748136547,
        0.7486071955834771,
        0.6255428726869123,
        0.3424091212685219,
        0.18073574355601443,
        0.4535844925596854,
        0.40462816757900255,
        0.38183314924930356,
        0.32077397146590475,
        0.7058289099174362,
        0.6627327399583617,
        0.8616370300353458,
        0.7630575186181574,
        0.4804694120959589,
        0.13623130792364377,
        0.6771101098525966,
        0.46568212493797534,
        0.7674981028113446,
        0.6887719674144877,
        0.545891029789973,
        0.8086479931446703,
        0.6761502831798055,
        0.8786318267132462,
        0.7074483325308469,
        0.8168140202257248,
        0.6910303031136532,
        0.38606936696304245,
        0.7024892892821423
      ],
      [
        0.6960787379572215,
        0.6620264394619805,
        0.1642000836666793,
        0.6226763476533217,
        0.0,
        0.5549185703765724,
        0.44018316839995814,
        0.4008516466623692,
        0.3065577033107205,
        0.2956251048443849,
        0.5174772645516662,
        0.10588090242174443,
        0.32506688923477584,
        0.7234924100045983,
        0.6280730574018026,
        0.6172411235865414,
        0.7037931627711254,
        0.765066647360767,
        0.6809823740100154,
        0.7450878563325665,
        0.6876896646055444,
        0.4328221840176637,
        0.9930471302766085,
        0.6460450573525972,
        0.7742579462800318,
        0.634840912599362,
        0.4864450397296779,
        0.449800012079874,
        0.4310297896695999,
        0.8055716753236631,
        0.6703474798852973,
        0.897944435303066,
        0.5813295872867693,
        0.7617548604503832,
        0.7351125408472481,
        0.4627218231291455,
        1.0079730213725442,
        1.0976207350490543,
        0.2740794786370795,
        1.125533908829942
      ],
      [
        0.6244221656073672,
        0.5549923872898697,
        0.7191186540432517,
        0.20322563261356655,
        0.5549185703765724,
        0.0,
        0.7138331536333722,
        0.7344090462290649,
        0.7803680656147876,
        0.5074455172040943,
        0.42038053457607366,
        0.606680225996817,
        0.44262226169234475,
        0.6581027511417824,
        0.48855527617035327,
        0.2071775549284092,
        0.38313260615438277,
        0.2708932837814176,
        0.25511298621652523,
        0.190169285955994,
        0.15326882828318972,
        0.7765271581154252,
        0.4640514002151622,
        0.7393690618214566,
        0.6581857740406988,
        0.35535156380408983,
        0.22858416983116006,
        0.7325084168278708,
        0.5436132428455824,
        0.6418921030598903,
        0.5947550840749342,
        0.34302586492649356,
        0.8563424395460858,
        0.5472207872151013,
        0.7820998298629793,
        0.7431324526287848,
        0.6181326804825253,
        0.7258796113728263,
        0.48010131468301465,
        0.7633834640080894
      ],
      [
        0.41873190137821054,
        0.45410152055663394,
        0.45412074172163164,
        0.6783261415654142,
        0.44018316839995814,
        0.7138331536333722,
        0.0,
        0.041309735016859445,
        0.5789966432443028,
        0.26690305583528423,
        0.4948948625279169,
        0.3458385864165515,
        0.33508225238964745,
        0.327740139212325,
        0.4941355058798762,
        0.5891498528641552,
        0.7195817448296177,
        0.7369753766383809,
        0.6528911032876293,
        0.7224402429509287,
        0.6595983938831582,
        0.06269400448205299,
        0.9554467608224073,
        0.21471030476045636,
        0.4806331189113643,
        0.6013038436915806,
        0.5444710230614053,
        0.0186752631944986,
        0.39498597235478716,
        0.5446772469921051,
        0.41917022609625243,
        0.9280147120205612,
        0.14250928591271358,
        0.5851254603009223,
        0.30889232345432693,
        0.029299298995412608,
        0.8589116791957421,
        1.1165409160558357,
        0.2929996596438609,
        1.1444540898367235
      ],
      [
        0.4492793004640154,
        0.4846489196424388,
        0.42235715476481056,
        0.6390529703193218,
        0.4008516466623692,
        0.7344090462290649,
        0.041309735016859445,
        0.0,
        0.5437699906494945,
        0.22975888379457704,
        0.45775069048720973,
        0.30856597816168124,
        0.29845350810750726,
        0.3582875382981298,
        0.524682904965681,
        0.5478401178472958,
        0.6783339944185729,
        0.6956656416215214,
        0.6115813682707699,
        0.6811305079340693,
        0.6182886588662988,
        0.07868698550551237,
        0.9236461245373631,
        0.2452577038462612,
        0.5109705142904037,
        0.5599941086747211,
        0.5058248763979049,
        0.04901265857353803,
        0.3536762373379277,
        0.5750146423711444,
        0.4497176251820573,
        0.8867049770037018,
        0.18052794300669464,
        0.615672859386727,
        0.3342608941848789,
        0.0691168644775458,
        0.8894590782815468,
        1.0782857065817537,
        0.2547444501697788,
        1.1061988803626415
      ],
      [
        0.8773622033533668,
        0.8422524587729355,
        0.1423576196440412,
        0.5779712030164192,
        0.3065577033107205,
        0.7803680656147876,
        0.5789966432443028,
        0.5437699906494945,
        0.0,
        0.4757142851316466,
        0.7037060918242792,
        0.23841772091870306,
        0.5257273191364951,
        0.9012586193581187,
        0.8116108708553625,
        0.8179015534882605,
        0.3972354594604048,
        0.9657270772624862,
        0.8816428039117347,
        0.9516539523583384,
        0.8883500945072635,
        0.5561843974019062,
        1.1937075601783278,
        0.78822878490625,
        0.9545886821937047,
        0.8297688676465966,
        0.6189818582266365,
        0.5919837396335269,
        0.631792530607245,
        0.9860151928846201,
        0.8509256512346468,
        1.1216928352385478,
        0.7211807805695503,
        0.9462120637936593,
        0.8780308848343734,
        0.596545126021623,
        1.191510834826104,
        0.9072311232379296,
        0.4857987837437021,
        0.9171970217029828
      ],
      [
        0.40164791822172025,
        0.36653817364128893,
        0.4044779260693952,
        0.41417472841572345,
        0.2956251048443849,
        0.5074455172040943,
        0.26690305583528423,
        0.22975888379457704,
        0.4757142851316466,
        0.0,
        0.2279918066926327,
        0.25927345049229183,
        0.06891286287287161,
        0.46671291090664835,
        0.33589658572371595,
        0.36108709722463717,
        0.47975897621598085,
        0.5089126209988628,
        0.4248283476481112,
        0.494839496094715,
        0.43153563824364016,
        0.30322258258658447,
        0.7368931039147044,
        0.46024067093214727,
        0.47887439706205814,
        0.35405458251495,
        0.27886134737293417,
        0.26399562565942414,
        0.15607824547559848,
        0.5103009077529735,
        0.37521136610300015,
        0.6898842301957303,
        0.39553350895149786,
        0.4704977786620127,
        0.5556468679321298,
        0.2962023538071767,
        0.7157965496944574,
        0.8543214780469237,
        0.03078022163494888,
        0.8822346518278115
      ],
      [
        0.22272319650772865,
        0.16414491914555687,
        0.6324611899195648,
        0.5689701512693253,
        0.5174772645516662,
        0.42038053457607366,
        0.4948948625279169,
        0.45775069048720973,
        0.7037060918242792,
        0.2279918066926327,
        0.0,
        0.4872523774993929,
        0.2187884764556705,
        0.23872110421401566,
        0.11436597716915807,
        0.23094829943100953,
        0.6495551639991728,
        0.3306601082495162,
        0.22813764876944603,
        0.35253814239326103,
        0.3013944631319363,
        0.5312143892792172,
        0.5586405911653578,
        0.35175093866588425,
        0.28285908006122656,
        0.15032937190502854,
        0.4328265683168552,
        0.49198743235205683,
        0.12323270826950875,
        0.29847638600073684,
        0.19180244458757414,
        0.5398871393711345,
        0.4968825236555769,
        0.24463979576500186,
        0.36179691437197276,
        0.5241941604998094,
        0.4942659411398996,
        0.8672019493955596,
        0.24339778591458675,
        0.9072313316836004
      ],
      [
        0.6609213687140121,
        0.6180419637997772,
        0.14520954480042902,
        0.5167954452315773,
        0.10588090242174443,
        0.606680225996817,
        0.3458385864165515,
        0.30856597816168124,
        0.23841772091870306,
        0.25927345049229183,
        0.4872523774993929,
        0.0,
        0.287309598217792,
        0.6666689134556743,
        0.593488948092635,
        0.5794838325695575,
        0.634209407098553,
        0.7273093563437831,
        0.6432250829930316,
        0.7132362314396353,
        0.6499323735885605,
        0.3319983520892425,
        0.9552898392596247,
        0.5536390790038056,
        0.7368442590802984,
        0.6076909819140086,
        0.3805641373079335,
        0.3573940337310824,
        0.40214929126660104,
        0.7618762471848094,
        0.634484816595292,
        0.9183486917259635,
        0.48828270797157125,
        0.7287033916809725,
        0.6428268723465602,
        0.36609951036962474,
        0.9733889120633765,
        1.070922319236974,
        0.24738106282499903,
        1.0988354930178617
      ],
      [
        0.4194469731110359,
        0.3743004065265786,
        0.42970846389534184,
        0.3501816748136547,
        0.32506688923477584,
        0.44262226169234475,
        0.33508225238964745,
        0.29845350810750726,
        0.5257273191364951,
        0.06891286287287161,
        0.2187884764556705,
        0.287309598217792,
        0.0,
        0.3984255207698224,
        0.3327334495264596,
        0.29217423435176554,
        0.43076668754350234,
        0.4399997581259911,
        0.3559154847752396,
        0.42592663322184343,
        0.3626227753707685,
        0.37212816543863797,
        0.6679802410418327,
        0.511455355221691,
        0.4913809616058345,
        0.32180845677894787,
        0.2140380918611847,
        0.33142494505348274,
        0.11550045012432064,
        0.5148777030059362,
        0.39067599175001605,
        0.6310390935081716,
        0.46296282834555647,
        0.46264129770816714,
        0.5284501518995915,
        0.364366651056447,
        0.7126334134972011,
        0.8745286670096712,
        0.05098741059769635,
        0.902441840790559
      ],
      [
        0.09162325172609923,
        0.1385572926785281,
        0.7780649201723935,
        0.7486071955834771,
        0.7234924100045983,
        0.6581027511417824,
        0.327740139212325,
        0.3582875382981298,
        0.9012586193581187,
        0.46671291090664835,
        0.23872110421401566,
        0.6666689134556743,
        0.3984255207698224,
        0.0,
        0.19264721298916018,
        0.4610131906225266,
        0.8291922083133247,
        0.5439804626477134,
        0.4414580031676432,
        0.5674845829750922,
        0.5301815711939691,
        0.38495094612035774,
        0.6524145792584548,
        0.11302983445186862,
        0.1645855519268273,
        0.33778435895472175,
        0.6124636126310071,
        0.3092748797245918,
        0.3459475360391803,
        0.22438416452211393,
        0.09746084005807812,
        0.7267811065619776,
        0.25816141944156124,
        0.26200903121446534,
        0.13002463112976917,
        0.3311127140597008,
        0.5373610559844155,
        1.0972668405870767,
        0.44941293136751875,
        1.1372962228751176
      ],
      [
        0.13677372347244604,
        0.06657391302167394,
        0.7383691225597435,
        0.6255428726869123,
        0.6280730574018026,
        0.48855527617035327,
        0.4941355058798762,
        0.524682904965681,
        0.8116108708553625,
        0.33589658572371595,
        0.11436597716915807,
        0.593488948092635,
        0.3327334495264596,
        0.19264721298916018,
        0.0,
        0.2831337514183904,
        0.7635001370699619,
        0.35617946927990984,
        0.2536570097998397,
        0.3779089749997023,
        0.34887494789245593,
        0.551346312787909,
        0.5258771267860728,
        0.2794252011194199,
        0.177013502913902,
        0.14702984021010465,
        0.5340228869830086,
        0.47567024639214306,
        0.23507703819700557,
        0.18483706155249607,
        0.10870340157307572,
        0.5654065004015282,
        0.42583663751797785,
        0.13547157874208335,
        0.3223856832141205,
        0.49750808072725206,
        0.3798999639707415,
        0.9193798500887583,
        0.3542783178342919,
        0.9589895836173556
      ],
      [
        0.4197527164967914,
        0.34970722371893914,
        0.7218826982471074,
        0.3424091212685219,
        0.6172411235865414,
        0.2071775549284092,
        0.5891498528641552,
        0.5478401178472958,
        0.8179015534882605,
        0.36108709722463717,
        0.23094829943100953,
        0.5794838325695575,
        0.29217423435176554,
        0.4610131906225266,
        0.2831337514183904,
        0.0,
        0.5107740534737225,
        0.1478255237742256,
        0.06374125042347407,
        0.13375239887007787,
        0.07044854101900297,
        0.6265271033528081,
        0.37580600669006714,
        0.5620036451443684,
        0.4510226230201364,
        0.1488067397858722,
        0.349038022880075,
        0.5968527764208338,
        0.3541810077005183,
        0.4358322586797185,
        0.39076602778326847,
        0.33886485915640596,
        0.7084150815429264,
        0.34318519223427923,
        0.5886297812226562,
        0.6169569823248416,
        0.5298872869574303,
        0.6362536499645501,
        0.3431616449494619,
        0.6762830322525909
      ],
      [
        0.8502136606545383,
        0.8050670940700809,
        0.539593079104446,
        0.18073574355601443,
        0.7037931627711254,
        0.38313260615438277,
        0.7195817448296177,
        0.6783339944185729,
        0.3972354594604048,
        0.47975897621598085,
        0.6495551639991728,
        0.634209407098553,
        0.43076668754350234,
        0.8291922083133247,
        0.7635001370699619,
        0.5107740534737225,
        0.0,
        0.6314536526343172,
        0.5743292077402852,
        0.5619147338736685,
        0.49772851417860037,
        0.7322193605240777,
        0.8433240830906312,
        0.9192871277275216,
        0.9221476491493368,
        0.6406383165635234,
        0.2536452697906195,
        0.7230420824547985,
        0.546267137667823,
        0.927667007278909,
        0.8214426792935183,
        0.724457375778143,
        0.8469113202060982,
        0.83631918764737,
        0.9592168394430939,
        0.747025256992545,
        0.9974053633579945,
        0.5102945595576388,
        0.4489885921762912,
        0.5217535457261279
      ],
      [
        0.49190907217584634,
        0.42153327861302325,
        0.869708222021333,
        0.4535844925596854,
        0.765066647360767,
        0.2708932837814176,
        0.7369753766383809,
        0.6956656416215214,
        0.9657270772624862,
        0.5089126209988628,
        0.3306601082495162,
        0.7273093563437831,
        0.4399997581259911,
        0.5439804626477134,
        0.35617946927990984,
        0.1478255237742256,
        0.6314536526343172,
        0.0,
        0.10252245948007013,
        0.08454104953240063,
        0.13392538133512186,
        0.7743526271270338,
        0.22798048291584155,
        0.6235917027551137,
        0.5132384867979891,
        0.2103947973966174,
        0.4088986971181287,
        0.7446783001950594,
        0.41671266873341084,
        0.4913046698367538,
        0.464802161041014,
        0.2136305230305043,
        0.7700031391536716,
        0.395119921878593,
        0.6736546746744801,
        0.7647825060990672,
        0.38206176318320473,
        0.6500819802294043,
        0.4909871687236875,
        0.689433522727388
      ],
      [
        0.38938661269577624,
        0.3190108191329531,
        0.7856239486705815,
        0.40462816757900255,
        0.6809823740100154,
        0.25511298621652523,
        0.6528911032876293,
        0.6115813682707699,
        0.8816428039117347,
        0.4248283476481112,
        0.22813764876944603,
        0.6432250829930316,
        0.3559154847752396,
        0.4414580031676432,
        0.2536570097998397,
        0.06374125042347407,
        0.5743292077402852,
        0.10252245948007013,
        0.0,
        0.12659099742283705,
        0.10283947244609057,
        0.6902683537762823,
        0.3305029423959117,
        0.5210692432750434,
        0.410716027317919,
        0.10787233791654727,
        0.3814289543071626,
        0.6605940268443079,
        0.31419020925334074,
        0.38878221035668364,
        0.36227970156094386,
        0.3117494906016885,
        0.6674806796736015,
        0.29259746239852286,
        0.57113221519441,
        0.6806982327483158,
        0.4845842226632749,
        0.6739148618427938,
        0.40690289537293595,
        0.7117698121039656
      ],
      [
        0.511994288565737,
        0.4420544527744197,
        0.8556350971171852,
        0.38183314924930356,
        0.7450878563325665,
        0.190169285955994,
        0.7224402429509287,
        0.6811305079340693,
        0.9516539523583384,
        0.494839496094715,
        0.35253814239326103,
        0.7132362314396353,
        0.42592663322184343,
        0.5674845829750922,
        0.3779089749997023,
        0.13375239887007787,
        0.5619147338736685,
        0.08454104953240063,
        0.12659099742283705,
        0.0,
        0.08110788296428809,
        0.7598163436590034,
        0.28242026105704554,
        0.6440809620514375,
        0.5351181655321047,
        0.23088405669294126,
        0.35561716424241707,
        0.7301431665076072,
        0.4372019280297347,
        0.5153732077795207,
        0.4859604596481412,
        0.20832407844024758,
        0.7904923984499954,
        0.4191884598213599,
        0.697320815486477,
        0.7502473724116151,
        0.4365015413244087,
        0.5686228852204326,
        0.4769140438195397,
        0.607691672614159
      ],
      [
        0.485623471948321,
        0.4152487386220699,
        0.7923312392661104,
        0.32077397146590475,
        0.6876896646055444,
        0.15326882828318972,
        0.6595983938831582,
        0.6182886588662988,
        0.8883500945072635,
        0.43153563824364016,
        0.3013944631319363,
        0.6499323735885605,
        0.3626227753707685,
        0.5301815711939691,
        0.34887494789245593,
        0.07044854101900297,
        0.49772851417860037,
        0.13392538133512186,
        0.10283947244609057,
        0.08110788296428809,
        0.0,
        0.690931336909984,
        0.35546481578493627,
        0.5861002335382668,
        0.5118417760845912,
        0.20763205496212947,
        0.2785894818610721,
        0.6673013174398368,
        0.4139499262989229,
        0.49150485652285303,
        0.4572815710216128,
        0.28856668869939933,
        0.7325116699368247,
        0.395416912301951,
        0.6583030081185621,
        0.6874055233438446,
        0.5095460960522995,
        0.5726107830896366,
        0.4136101859684649,
        0.6101146357248998
      ],
      [
        0.4759427082862433,
        0.5113123274646667,
        0.42434167865031264,
        0.7058289099174362,
        0.4328221840176637,
        0.7765271581154252,
        0.06269400448205299,
        0.07868698550551237,
        0.5561843974019062,
        0.30322258258658447,
        0.5312143892792172,
        0.3319983520892425,
        0.37212816543863797,
        0.38495094612035774,
        0.551346312787909,
        0.6265271033528081,
        0.7322193605240777,
        0.7743526271270338,
        0.6902683537762823,
        0.7598163436590034,
        0.690931336909984,
        0.0,
        0.9358844855041925,
        0.2719211116684891,
        0.5425275577570153,
        0.6384257337977662,
        0.5747717750218927,
        0.08056970204014967,
        0.43210786246097277,
        0.6065716858377561,
        0.4763810330042852,
        0.9653919625092141,
        0.1741618386839703,
        0.642336267208955,
        0.35853263895183285,
        0.054281659740171025,
        0.9161224861037748,
        1.1495931689264376,
        0.32605191251446264,
        1.1775063427073253
      ],
      [
        0.5631738133101544,
        0.5252598982226955,
        1.0976887049371746,
        0.6627327399583617,
        0.9930471302766085,
        0.4640514002151622,
        0.9554467608224073,
        0.9236461245373631,
        1.1937075601783278,
        0.7368931039147044,
        0.5586405911653578,
        0.9552898392596247,
        0.6679802410418327,
        0.6524145792584548,
        0.5258771267860728,
        0.37580600669006714,
        0.8433240830906312,
        0.22798048291584155,
        0.3305029423959117,
        0.28242026105704554,
        0.35546481578493627,
        0.9358844855041925,
        0.0,
        0.7407364560619509,
        0.5294455018695454,
        0.438375280312459,
        0.6339539044715105,
        0.9369815013346741,
        0.6446931516492524,
        0.47395517795834435,
        0.5564314213448567,
        0.17810846732998906,
        0.8871478924605088,
        0.3904055480439894,
        0.7664506188235134,
        0.9588193356697832,
        0.15408128026736317,
        0.7520684776597427,
        0.718967651639529,
        0.7918971884602698
      ],
      [
        0.20402159661775418,
        0.2393912157961776,
        0.6650350857205248,
        0.8616370300353458,
        0.6460450573525972,
        0.7393690618214566,
        0.21471030476045636,
        0.2452577038462612,
        0.78822878490625,
        0.46024067093214727,
        0.35175093866588425,
        0.5536390790038056,
        0.511455355221691,
        0.11302983445186862,
        0.2794252011194199,
        0.5620036451443684,
        0.9192871277275216,
        0.6235917027551137,
        0.5210692432750434,
        0.6440809620514375,
        0.5861002335382668,
        0.2719211116684891,
        0.7407364560619509,
        0.0,
        0.2767670059112562,
        0.41319690535849624,
        0.7254934470828758,
        0.19624504527272316,
        0.4589773704910489,
        0.3373545216509461,
        0.2044599213357961,
        0.832818733876732,
        0.14641143639855794,
        0.3704151555404659,
        0.11246107639239984,
        0.21808287960783218,
        0.6442013744352857,
        1.1587110166279033,
        0.4873646215913312,
        1.1962148692631667
      ],
      [
        0.08263205788235638,
        0.11880229528052128,
        0.8660476454826368,
        0.7630575186181574,
        0.7742579462800318,
        0.6581857740406988,
        0.4806331189113643,
        0.5109705142904037,
        0.9545886821937047,
        0.47887439706205814,
        0.28285908006122656,
        0.7368442590802984,
        0.4913809616058345,
        0.1645855519268273,
        0.177013502913902,
        0.4510226230201364,
        0.9221476491493368,
        0.5132384867979891,
        0.410716027317919,
        0.5351181655321047,
        0.5118417760845912,
        0.5425275577570153,
        0.5294455018695454,
        0.2767670059112562,
        0.0,
        0.30423410883916346,
        0.6912271556120674,
        0.4619578557168657,
        0.4060866199077735,
        0.06404412808074078,
        0.10422499667625851,
        0.7075539691995345,
        0.41902700678264815,
        0.1418882881976138,
        0.25091305674071895,
        0.4948498855190884,
        0.40340020679763844,
        1.0843727597239734,
        0.5026915661555577,
        1.1219563573076
      ],
      [
        0.28179914748238344,
        0.21154748539710364,
        0.7512262338998843,
        0.4804694120959589,
        0.634840912599362,
        0.35535156380408983,
        0.6013038436915806,
        0.5599941086747211,
        0.8297688676465966,
        0.35405458251495,
        0.15032937190502854,
        0.6076909819140086,
        0.32180845677894787,
        0.33778435895472175,
        0.14702984021010465,
        0.1488067397858722,
        0.6406383165635234,
        0.2103947973966174,
        0.10787233791654727,
        0.23088405669294126,
        0.20763205496212947,
        0.6384257337977662,
        0.438375280312459,
        0.41319690535849624,
        0.30423410883916346,
        0.0,
        0.3869930467729039,
        0.6090067672482592,
        0.20631787133679344,
        0.28702869071538567,
        0.25519955739332334,
        0.41962182851823576,
        0.5596083417570542,
        0.1956808710838466,
        0.4678070995973826,
        0.6291109731522669,
        0.47116127937518093,
        0.7802309626267863,
        0.36076143396228255,
        0.8177369909969749
      ],
      [
        0.6334850649722206,
        0.5883384983877633,
        0.5257736821083625,
        0.13623130792364377,
        0.4864450397296779,
        0.22858416983116006,
        0.5444710230614053,
        0.5058248763979049,
        0.6189818582266365,
        0.27886134737293417,
        0.4328265683168552,
        0.3805641373079335,
        0.2140380918611847,
        0.6124636126310071,
        0.5340228869830086,
        0.349038022880075,
        0.2536452697906195,
        0.4088986971181287,
        0.3814289543071626,
        0.35561716424241707,
        0.2785894818610721,
        0.5747717750218927,
        0.6339539044715105,
        0.7254934470828758,
        0.6912271556120674,
        0.3869930467729039,
        0.0,
        0.5425412441723658,
        0.32953854198550536,
        0.6740217374882895,
        0.6047140836112007,
        0.5505380928155148,
        0.6740791274644395,
        0.5826739178567505,
        0.7424882437607763,
        0.5737009274023166,
        0.7880351847388736,
        0.7639398293482583,
        0.2515171448518546,
        0.7753988155167474
      ],
      [
        0.40026664189047734,
        0.43563626106890074,
        0.46879004044780165,
        0.6771101098525966,
        0.449800012079874,
        0.7325084168278708,
        0.0186752631944986,
        0.04901265857353803,
        0.5919837396335269,
        0.26399562565942414,
        0.49198743235205683,
        0.3573940337310824,
        0.33142494505348274,
        0.3092748797245918,
        0.47567024639214306,
        0.5968527764208338,
        0.7230420824547985,
        0.7446783001950594,
        0.6605940268443079,
        0.7301431665076072,
        0.6673013174398368,
        0.08056970204014967,
        0.9369815013346741,
        0.19624504527272316,
        0.4619578557168657,
        0.6090067672482592,
        0.5425412441723658,
        0.0,
        0.4026888959114657,
        0.5260019837976064,
        0.4007049666085193,
        0.9357176355772397,
        0.13153788329207372,
        0.566660200813189,
        0.2916512422727056,
        0.037619711429916936,
        0.8404464197080088,
        1.114660832730583,
        0.2911195763186081,
        1.1425740065114707
      ],
      [
        0.34372645519022865,
        0.28734112009033813,
        0.5451136674045272,
        0.46568212493797534,
        0.4310297896695999,
        0.5436132428455824,
        0.39498597235478716,
        0.3536762373379277,
        0.631792530607245,
        0.15607824547559848,
        0.12323270826950875,
        0.40214929126660104,
        0.11550045012432064,
        0.3459475360391803,
        0.23507703819700557,
        0.3541810077005183,
        0.546267137667823,
        0.41671266873341084,
        0.31419020925334074,
        0.4372019280297347,
        0.4139499262989229,
        0.43210786246097277,
        0.6446931516492524,
        0.4589773704910489,
        0.4060866199077735,
        0.20631787133679344,
        0.32953854198550536,
        0.4026888959114657,
        0.0,
        0.41991083054858,
        0.31306830363144816,
        0.5338059847201319,
        0.5342041803446224,
        0.3571054882930949,
        0.4581046756850889,
        0.42279310181547347,
        0.6149770021677471,
        0.9804915674444953,
        0.1569503110325204,
        1.008404741225383
      ],
      [
        0.1357470277831299,
        0.14403951188772185,
        0.9049211468375762,
        0.7674981028113446,
        0.8055716753236631,
        0.6418921030598903,
        0.5446772469921051,
        0.5750146423711444,
        0.9860151928846201,
        0.5103009077529735,
        0.29847638600073684,
        0.7618762471848094,
        0.5148777030059362,
        0.22438416452211393,
        0.18483706155249607,
        0.4358322586797185,
        0.927667007278909,
        0.4913046698367538,
        0.38878221035668364,
        0.5153732077795207,
        0.49150485652285303,
        0.6065716858377561,
        0.47395517795834435,
        0.3373545216509461,
        0.06404412808074078,
        0.28702869071538567,
        0.6740217374882895,
        0.5260019837976064,
        0.41991083054858,
        0.0,
        0.14803120467245387,
        0.6520636452883334,
        0.481142614570902,
        0.0995875483370834,
        0.31488639932856693,
        0.5554374012587783,
        0.34273231346760835,
        1.0626970721994775,
        0.5317964400344118,
        1.1005520224606493
      ],
      [
        0.03096632718932249,
        0.044516744076851605,
        0.7796892921723954,
        0.6887719674144877,
        0.6703474798852973,
        0.5947550840749342,
        0.41917022609625243,
        0.4497176251820573,
        0.8509256512346468,
        0.37521136610300015,
        0.19180244458757414,
        0.634484816595292,
        0.39067599175001605,
        0.09746084005807812,
        0.10870340157307572,
        0.39076602778326847,
        0.8214426792935183,
        0.464802161041014,
        0.36227970156094386,
        0.4859604596481412,
        0.4572815710216128,
        0.4763810330042852,
        0.5564314213448567,
        0.2044599213357961,
        0.10422499667625851,
        0.25519955739332334,
        0.6047140836112007,
        0.4007049666085193,
        0.31306830363144816,
        0.14803120467245387,
        0.0,
        0.6293202665038995,
        0.3508505851996794,
        0.16602587330086724,
        0.22132696144941816,
        0.4225428009436283,
        0.4406996910035588,
        1.0270196777478187,
        0.3996029296109155,
        1.0670490600358595
      ],
      [
        0.660286593693222,
        0.6307603097346416,
        1.0607475574035132,
        0.545891029789973,
        0.897944435303066,
        0.34302586492649356,
        0.9280147120205612,
        0.8867049770037018,
        1.1216928352385478,
        0.6898842301957303,
        0.5398871393711345,
        0.9183486917259635,
        0.6310390935081716,
        0.7267811065619776,
        0.5654065004015282,
        0.33886485915640596,
        0.724457375778143,
        0.2136305230305043,
        0.3117494906016885,
        0.20832407844024758,
        0.28856668869939933,
        0.9653919625092141,
        0.17810846732998906,
        0.832818733876732,
        0.7075539691995345,
        0.41962182851823576,
        0.5505380928155148,
        0.9357176355772397,
        0.5338059847201319,
        0.6520636452883334,
        0.6293202665038995,
        0.0,
        0.9792301702752899,
        0.5685140153739785,
        0.8506472279533177,
        0.9558218414812476,
        0.32178241003926894,
        0.5755537778808363,
        0.6820265041058678,
        0.6152224071667078
      ],
      [
        0.34971656175672217,
        0.3848231523172649,
        0.5942691805755366,
        0.8086479931446703,
        0.5813295872867693,
        0.8563424395460858,
        0.14250928591271358,
        0.18052794300669464,
        0.7211807805695503,
        0.39553350895149786,
        0.4968825236555769,
        0.48828270797157125,
        0.46296282834555647,
        0.25816141944156124,
        0.42583663751797785,
        0.7084150815429264,
        0.8469113202060982,
        0.7700031391536716,
        0.6674806796736015,
        0.7904923984499954,
        0.7325116699368247,
        0.1741618386839703,
        0.8871478924605088,
        0.14641143639855794,
        0.41902700678264815,
        0.5596083417570542,
        0.6740791274644395,
        0.13153788329207372,
        0.5342041803446224,
        0.481142614570902,
        0.3508505851996794,
        0.9792301702752899,
        0.0,
        0.5167440529774516,
        0.19676961458729847,
        0.12571273747889655,
        0.7899910341946318,
        1.2461987160226566,
        0.4226574596106818,
        1.2741118898035444
      ],
      [
        0.17276826526616498,
        0.13485435017870606,
        0.8736767532850387,
        0.6761502831798055,
        0.7617548604503832,
        0.5472207872151013,
        0.5851254603009223,
        0.615672859386727,
        0.9462120637936593,
        0.4704977786620127,
        0.24463979576500186,
        0.7287033916809725,
        0.46264129770816714,
        0.26200903121446534,
        0.13547157874208335,
        0.34318519223427923,
        0.83631918764737,
        0.395119921878593,
        0.29259746239852286,
        0.4191884598213599,
        0.395416912301951,
        0.642336267208955,
        0.3904055480439894,
        0.3704151555404659,
        0.1418882881976138,
        0.1956808710838466,
        0.5826739178567505,
        0.566660200813189,
        0.3571054882930949,
        0.0995875483370834,
        0.16602587330086724,
        0.5685140153739785,
        0.5167440529774516,
        0.0,
        0.3760450707795239,
        0.588498035148298,
        0.27548040829133436,
        0.9665123242413167,
        0.4876753818133037,
        1.0043672745024885
      ],
      [
        0.2049226839744759,
        0.26506907381410916,
        0.7566180489496894,
        0.8786318267132462,
        0.7351125408472481,
        0.7820998298629793,
        0.30889232345432693,
        0.3342608941848789,
        0.8780308848343734,
        0.5556468679321298,
        0.36179691437197276,
        0.6428268723465602,
        0.5284501518995915,
        0.13002463112976917,
        0.3223856832141205,
        0.5886297812226562,
        0.9592168394430939,
        0.6736546746744801,
        0.57113221519441,
        0.697320815486477,
        0.6583030081185621,
        0.35853263895183285,
        0.7664506188235134,
        0.11246107639239984,
        0.25091305674071895,
        0.4678070995973826,
        0.7424882437607763,
        0.2916512422727056,
        0.4581046756850889,
        0.31488639932856693,
        0.22132696144941816,
        0.8506472279533177,
        0.19676961458729847,
        0.3760450707795239,
        0.0,
        0.30467893150015235,
        0.6496014020687276,
        1.2248834311872063,
        0.579437562497288,
        1.2649128134752472
      ],
      [
        0.42210447622558633,
        0.45747409540400974,
        0.4685900102636235,
        0.7074483325308469,
        0.4627218231291455,
