{
  "sol": {
    "z": 4.09500407187162,
    "tours": [
      [
        0,
        11,
        14,
        7,
        5,
        6,
        8,
        13,
        3,
        2,
        15,
        10,
        12,
        9
      ],
      [
        4,
        1
      ]
    ]
  },
  "params": {
    "gm": [
      [
        0.0,
        0.5018550781013004,
        0.296015558472777,
        0.33298498041026203,
        0.670497245969752,
        0.3288582259321584,
        0.29779972140657796,
        0.36839953708788,
        0.37609132443351,
        0.5616244258319795,
        0.7933516622578585,
        0.01829415701444216,
        0.5429242264460358,
        0.4485799373696428,
        0.17875095360118187,
        0.3448256199970248,
        0.5068796542343711,
        0.6247875813376005,
        0.38458092068438476,
        0.532597857541539,
        0.6642021392228866,
        0.4369535800749906,
        0.5262345579776109,
        1.1814254346119126,
        0.5510825249207769,
        0.6755302183089222,
        0.3612574842199845,
        0.8330110073932067,
        0.5321835083305082,
        0.39813546201595873,
        0.5891309170114043,
        0.6662915329265713,
        0.5091781577825818,
        0.2727881960976125,
        0.11453668443086952,
        0.4462022091392429,
        0.5165316561031289,
        0.3851224202196941,
        0.2339318959522478,
        0.9524386990721158
      ],
      [
        0.5018550781013004,
        0.0,
        0.39182600835368325,
        0.7616794333630712,
        0.32941645462743246,
        0.7977419818581446,
        0.7896684856859232,
        0.8632769245114095,
        0.8779295794255548,
        0.2241516302677943,
        0.9394954261443288,
        0.5093104329630712,
        0.1691034520904834,
        0.949743656958927,
        0.6761273984328499,
        0.4325580674130374,
        0.09869148713475966,
        0.6363914707344258,
        0.8801721578747592,
        0.5858825746451166,
        0.2898742930626944,
        0.5186488844671646,
        0.5523411827771327,
        0.926467410194754,
        0.16004357089546487,
        0.6861021611956339,
        0.8185393198198344,
        1.0354604562810694,
        0.5267297646848625,
        0.17856025668031608,
        0.5525151747799847,
        0.5194826019804577,
        0.6031189745525114,
        0.7643429957945644,
        0.609414071854399,
        0.11187335422388844,
        1.0176953756924132,
        0.8765679535752632,
        0.33946682387060284,
        1.090548813250934
      ],
      [
        0.296015558472777,
        0.39182600835368325,
        0.0,
        0.40248635857377035,
        0.4901476669315401,
        0.4385489070688437,
        0.593815279879355,
        0.6185636006178488,
        0.6715128581847339,
        0.3859361038501563,
        0.5864146581243187,
        0.31430971548721914,
        0.36266567761300417,
        0.7367227495857083,
        0.46189171383041056,
        0.04881006152424784,
        0.3388239538340005,
        0.32877202286482354,
        0.6805964791571617,
        0.236582299068762,
        0.48758977334057246,
        0.14093802160221358,
        0.23021899950483388,
        0.8854098761391358,
        0.35039168701327017,
        0.3795146598361452,
        0.45572017469936354,
        0.7189528071774279,
        0.23616794985773124,
        0.2177858829777469,
        0.29311535853862736,
        0.37027597445379434,
        0.21316259930980483,
        0.4639617992816242,
        0.4105522429036465,
        0.28780769777633475,
        0.8046744683191943,
        0.6811379786924712,
        0.0954424709506613,
        0.7415871716010936
      ],
      [
        0.33298498041026203,
        0.7616794333630712,
        0.40248635857377035,
        0.0,
        0.7905675115937263,
        0.03606254849507334,
        0.39047359172141394,
        0.21607724204407844,
        0.4210051697120625,
        0.7884224624239267,
        0.6801937786140247,
        0.3155836272037433,
        0.7651520361867745,
        0.4862150611130368,
        0.2113840253577391,
        0.4512964200980182,
        0.7413103124077709,
        0.5309080389596778,
        0.45482671500215505,
        0.4215052362010564,
        0.8478435140513243,
        0.36106714237603854,
        0.4936807665590447,
        1.1488716431933466,
        0.7528780455870405,
        0.5612369864602641,
        0.05685988645676323,
        0.5321678763332689,
        0.5168222700104098,
        0.6202722415515173,
        0.5806092635560764,
        0.6957107054119611,
        0.2841044354525708,
        0.06379384560330723,
        0.3162223454019707,
        0.6902940563501051,
        0.5541667798465229,
        0.46513211738746146,
        0.4979288295244316,
        0.6523369410311186
      ],
      [
        0.670497245969752,
        0.32941645462743246,
        0.4901476669315401,
        0.7905675115937263,
        0.0,
        0.754504963098653,
        0.9682969226998794,
        0.5913337313033126,
        1.0194934985092123,
        0.11192280399781357,
        0.7252432351476292,
        0.6723123726658724,
        0.1625868387756127,
        1.0847033899101866,
        0.8098723541548889,
        0.5255953982598178,
        0.23494460240318707,
        0.4209964509409543,
        1.0523880703045996,
        0.44674356346402483,
        0.06593561486796896,
        0.49718792312544824,
        0.36095955296603804,
        0.7025287320000285,
        0.16956709814024604,
        0.45202700243343086,
        0.7889632909603411,
        0.8359986217780221,
        0.33534813487376786,
        0.27236178395379324,
        0.3091579478699402,
        0.23022907228403958,
        0.5697570674057274,
        0.746861146766561,
        0.7848653779439563,
        0.2659496518027251,
        1.1526551086436727,
        1.0555907408749636,
        0.44817875541178565,
        0.889855472440125
      ],
      [
        0.3288582259321584,
        0.7977419818581446,
        0.4385489070688437,
        0.03606254849507334,
        0.754504963098653,
        0.0,
        0.3795974804832713,
        0.1935192885607341,
        0.43529489148964307,
        0.8244850109190001,
        0.6578289976100681,
        0.3109377621548575,
        0.7815987092716516,
        0.5005047828906174,
        0.2256737471353197,
        0.41859014978744646,
        0.7773728609028443,
        0.4949475858875172,
        0.4691164367797357,
        0.3854463915917504,
        0.8129188302102422,
        0.32614245853495644,
        0.45787770404753525,
        1.113068580681837,
        0.7889405940821139,
        0.5255947563310903,
        0.034458327861688086,
        0.5098030953293122,
        0.4811244352230456,
        0.6563347900465906,
        0.544770833638304,
        0.6601567410051026,
        0.24812627351895972,
        0.057227078786629366,
        0.32470256674144116,
        0.7263566048451784,
        0.5684565016241035,
        0.46713068262564994,
        0.5339913780195049,
        0.6297289560236453
      ],
      [
        0.29779972140657796,
        0.7896684856859232,
        0.593815279879355,
        0.39047359172141394,
        0.9682969226998794,
        0.3795974804832713,
        0.0,
        0.39590746489129913,
        0.13091719224579884,
        0.858762845088055,
        1.0374264780933395,
        0.29697474392941103,
        0.8407106291128617,
        0.21027801903071583,
        0.17908956636367485,
        0.5921712186698376,
        0.8030555881964264,
        0.8271355055944799,
        0.09167129281147232,
        0.7131985315430616,
        0.9611382369762507,
        0.6699022123792223,
        0.7820096750925846,
        1.4372005517268864,
        0.8487517391908082,
        0.8644062136438797,
        0.41405580834495936,
        0.8894005758125836,
        0.7913657848538465,
        0.6959351387460863,
        0.8523229818605129,
        0.9406363157285741,
        0.5747027463534382,
        0.3523604791017571,
        0.18360710158617302,
        0.74267557232041,
        0.2777249224136561,
        0.08753320214237865,
        0.5262001908206863,
        1.0093264365069166
      ],
      [
        0.36839953708788,
        0.8632769245114095,
        0.6185636006178488,
        0.21607724204407844,
        0.5913337313033126,
        0.1935192885607341,
        0.39590746489129913,
        0.0,
        0.42815976720589977,
        0.7032565353011262,
        0.8418403464919744,
        0.3695804477665499,
        0.7539205700789253,
        0.4933696586068741,
        0.21853862285157638,
        0.5709988843951491,
        0.8262783337064996,
        0.6649851736020315,
        0.46105433900128706,
        0.5512458641768032,
        0.6572693461712815,
        0.47855119314265904,
        0.6168646482662619,
        1.2720555249005638,
        0.7609008294435586,
        0.6997667153424013,
        0.2163955431388138,
        0.6938144442112185,
        0.6386371247363523,
        0.7663664466471736,
        0.7037326840343446,
        0.8153155083560822,
        0.41291883021606324,
        0.15552741546324847,
        0.2538628526570105,
        0.8130822002164633,
        0.5613213773403603,
        0.47224161419993854,
        0.5927227995698061,
        0.8138840623154696
      ],
      [
        0.37609132443351,
        0.8779295794255548,
        0.6715128581847339,
        0.4210051697120625,
        1.0194934985092123,
        0.43529489148964307,
        0.13091719224579884,
        0.42815976720589977,
        0.0,
        0.9200055641027904,
        1.0189794966248635,
        0.3695125035559437,
        0.9088337965921531,
        0.08116422053647093,
        0.20962114435432339,
        0.6227027966604861,
        0.8793496741267545,
        0.8583064563299811,
        0.0867552985865817,
        0.7443694822785628,
        1.021156499178451,
        0.7010731631147236,
        0.8125412530832331,
        1.467732129717535,
        0.9185461106138495,
        0.895577164379381,
        0.46928286675078085,
        0.8888154149129708,
        0.821897362844495,
        0.7647058412995793,
        0.8828545598511615,
        0.9711678937192226,
        0.6058736970889395,
        0.38289205709240565,
        0.272798436637138,
        0.8184982056063411,
        0.14738536239774438,
        0.11294661872561025,
        0.5838044817337816,
        1.0063976144900695
      ],
      [
        0.5616244258319795,
        0.2241516302677943,
        0.3859361038501563,
        0.7884224624239267,
        0.11192280399781357,
        0.8244850109190001,
        0.858762845088055,
        0.7032565353011262,
        0.9200055641027904,
        0.0,
        0.7575885684192012,
        0.5618011388154814,
        0.055266134829370386,
        0.9852203792509078,
        0.7103893434956101,
        0.41827469431357556,
        0.12645362435764246,
        0.5152409962117646,
        0.942918172647253,
        0.5586663674618384,
        0.10273213849964172,
        0.5083662450652275,
        0.4728823569638516,
        0.7393252556317013,
        0.06710346685958828,
        0.5328059842630111,
        0.8314348486826563,
        0.905614470699957,
        0.4472709388715814,
        0.16815022087240944,
        0.4172428974903146,
        0.29681888469194984,
        0.5888772732930976,
        0.8168337016469747,
        0.6761389096026242,
        0.1541090594424967,
        1.053172097984394,
        0.9455965360656075,
        0.3362559514139721,
        0.922205557838387
      ],
      [
        0.7933516622578585,
        0.9394954261443288,
        0.5864146581243187,
        0.6801937786140247,
        0.7252432351476292,
        0.6578289976100681,
        1.0374264780933395,
        0.8418403464919744,
        1.0189794966248635,
        0.7575885684192012,
        0.0,
        0.7750575052434163,
        0.8128547032485716,
        0.9395458529606051,
        0.8815158273001387,
        0.5376234821708725,
        0.847965899029546,
        0.31026591542987986,
        1.083974812963386,
        0.3536128514992122,
        0.7896878354329195,
        0.446793176421863,
        0.40111729246832395,
        1.0563081691026257,
        0.8212532169861848,
        0.2733944041614591,
        0.6254448033531605,
        0.14802590228075585,
        0.4163070135575337,
        0.7609351694640127,
        0.419290469692308,
        0.5040655606874925,
        0.49210863668883553,
        0.70824871357635,
        0.8907751003529558,
        0.8310454645727978,
        0.8715941342271191,
        1.109240503382181,
        0.6794857780003447,
        0.16461698941918582
      ],
      [
        0.01829415701444216,
        0.5093104329630712,
        0.31430971548721914,
        0.3155836272037433,
        0.6723123726658724,
        0.3109377621548575,
        0.29697474392941103,
        0.3695804477665499,
        0.3695125035559437,
        0.5618011388154814,
        0.7750575052434163,
        0.0,
        0.5448294353320914,
        0.44043822030150076,
        0.16809288288747778,
        0.36311977701146697,
        0.510960876497522,
        0.6430817383520426,
        0.3820363609641006,
        0.5508920145559811,
        0.6641642178267664,
        0.4552477370894327,
        0.544528714992053,
        1.199719591626355,
        0.5534360955386843,
        0.6938243753233644,
        0.3432178933296735,
        0.8152553741270874,
        0.5504776653449504,
        0.3999505887120792,
        0.6074250740258464,
        0.6845856899410134,
        0.512423977584308,
        0.2550325628314932,
        0.11571759510953945,
        0.45015323724862705,
        0.5083899390349869,
        0.3838424937527498,
        0.2307216239323886,
        0.9346830658059965
      ],
      [
        0.5429242264460358,
        0.1691034520904834,
        0.36266567761300417,
        0.7651520361867745,
        0.1625868387756127,
        0.7815987092716516,
        0.8407106291128617,
        0.7539205700789253,
        0.9088337965921531,
        0.055266134829370386,
        0.8128547032485716,
        0.5448294353320914,
        0.0,
        0.9726957594283177,
        0.6995977027819439,
        0.3630085594842052,
        0.07243246081476587,
        0.5688012614097889,
        0.9268627899049064,
        0.5516161809660507,
        0.1362460873070244,
        0.4554562507366952,
        0.5186607207320739,
        0.7728392044390839,
        0.015911606331108736,
        0.5637704191558345,
        0.7761687138532859,
        0.92322750988024,
        0.49304930263980373,
        0.14487979463525727,
        0.47080316268833905,
        0.35037914988997426,
        0.5336111384637272,
        0.7784800284161058,
        0.657211629448531,
        0.11086061714592715,
        1.0406474781618038,
        0.928042391706103,
        0.32713766297512203,
        0.9774716926677574
      ],
      [
        0.4485799373696428,
        0.949743656958927,
        0.7367227495857083,
        0.4862150611130368,
        1.0847033899101866,
        0.5005047828906174,
        0.21027801903071583,
        0.4933696586068741,
        0.08116422053647093,
        0.9852203792509078,
        0.9395458529606051,
        0.44043822030150076,
        0.9726957594283177,
        0.0,
        0.2748310357552977,
        0.6879126880614604,
        0.9467795403114418,
        0.9235163477309555,
        0.145691157305021,
        0.8095793736795371,
        1.0863672299181966,
        0.7662830545156979,
        0.8777511444842074,
        1.5329420211185094,
        0.9843646214826405,
        0.9607870557803553,
        0.5344927581517551,
        0.8076511943764998,
        0.8871072542454693,
        0.8306399604566199,
        0.9480644512521357,
        1.036377785120197,
        0.6710835884899138,
        0.44810194849338,
        0.34996673827047997,
        0.8859983645278422,
        0.0679517187334861,
        0.17154437587282373,
        0.6490152124735273,
        0.9252333939535985
      ],
      [
        0.17875095360118187,
        0.6761273984328499,
        0.46189171383041056,
        0.2113840253577391,
        0.8098723541548889,
        0.2256737471353197,
        0.17908956636367485,
        0.21853862285157638,
        0.20962114435432339,
        0.7103893434956101,
        0.8815158273001387,
        0.16809288288747778,
        0.6995977027819439,
        0.2748310357552977,
        0.0,
        0.4130816523061627,
        0.6719485045561441,
        0.6486853119756577,
        0.24344268964441595,
        0.5347483379242394,
        0.8115361941628989,
        0.4914520187604002,
        0.6029201087289097,
        1.2581109853632115,
        0.7095335857273427,
        0.6859560200250576,
        0.25966172239645746,
        0.7334899250193828,
        0.6122762184901717,
        0.5558089247013223,
        0.673233415496838,
        0.7615467493648993,
        0.39625255273461607,
        0.17327091273808226,
        0.11159292085715328,
        0.6111673287725444,
        0.3427827544887838,
        0.25374809202972237,
        0.3741841767182297,
        0.8529073439076655
      ],
      [
        0.3448256199970248,
        0.4325580674130374,
        0.04881006152424784,
        0.4512964200980182,
        0.5255953982598178,
        0.41859014978744646,
        0.5921712186698376,
        0.5709988843951491,
        0.6227027966604861,
        0.41827469431357556,
        0.5376234821708725,
        0.36311977701146697,
        0.3630085594842052,
        0.6879126880614604,
        0.4130816523061627,
        0.0,
        0.3729774288728897,
        0.2849677889404736,
        0.6565243419505786,
        0.1886076214818455,
        0.49925464679122955,
        0.09244769125249004,
        0.18983845642274697,
        0.8450293330570489,
        0.3789201658153139,
        0.33526557155186554,
        0.4131601543690807,
        0.678572264095341,
        0.1991945661840089,
        0.2555652372234908,
        0.2601517631906753,
        0.3484650970587365,
        0.170602578979522,
        0.4154714689319006,
        0.45936230442789433,
        0.3255276584293886,
        0.7558644067949465,
        0.666829744335885,
        0.1431003830230607,
        0.6936124940141771
      ],
      [
        0.5068796542343711,
        0.09869148713475966,
        0.3388239538340005,
        0.7413103124077709,
        0.23494460240318707,
        0.7773728609028443,
        0.8030555881964264,
        0.8262783337064996,
        0.8793496741267545,
        0.12645362435764246,
        0.847965899029546,
        0.510960876497522,
        0.07243246081476587,
        0.9467795403114418,
        0.6719485045561441,
        0.3729774288728897,
        0.0,
        0.5376999835996662,
        0.891246141840296,
        0.505839434669385,
        0.20362629173176883,
        0.4638171834284035,
        0.4973820853324019,
        0.8402194088638284,
        0.0668248201286288,
        0.5887251548532361,
        0.7844456728387319,
        0.9528118961125511,
        0.4717706672401317,
        0.12360115923558532,
        0.49755607733525387,
        0.42281161070474016,
        0.5418880974491732,
        0.7659934393290152,
        0.6196892157134037,
        0.06085295289972718,
        1.014731259044928,
        0.8905881511562611,
        0.3087874888761133,
        1.0108443072017166
      ],
      [
        0.6247875813376005,
        0.6363914707344258,
        0.32877202286482354,
        0.5309080389596778,
        0.4209964509409543,
        0.4949475858875172,
        0.8271355055944799,
        0.6649851736020315,
        0.8583064563299811,
        0.5152409962117646,
        0.31026591542987986,
        0.6430817383520426,
        0.5688012614097889,
        0.9235163477309555,
        0.6486853119756577,
        0.2849677889404736,
        0.5376999835996662,
        0.0,
        0.8783768713755595,
        0.1167791175050275,
        0.48379784686619787,
        0.21755215097738162,
        0.10318046325391134,
        0.7583713398882133,
        0.5820908817514392,
        0.051025171253569916,
        0.4831461684823966,
        0.41511191251288493,
        0.11068364047905874,
        0.45885314848360514,
        0.1118388644512542,
        0.2184221115198147,
        0.2524327592410417,
        0.509457758138783,
        0.73932426576847,
        0.5289634435923902,
        0.9914680664644416,
        0.9024334040053802,
        0.42332042832477024,
        0.4735397064076409
      ],
      [
        0.38458092068438476,
        0.8801721578747592,
        0.6805964791571617,
        0.45482671500215505,
        1.0523880703045996,
        0.4691164367797357,
        0.09167129281147232,
        0.46105433900128706,
        0.0867552985865817,
        0.942918172647253,
        1.083974812963386,
        0.3820363609641006,
        0.9268627899049064,
        0.145691157305021,
        0.24344268964441595,
        0.6565243419505786,
        0.891246141840296,
        0.8783768713755595,
        0.0,
        0.762227483388188,
        1.0448850204814424,
        0.7348947084048162,
        0.8463627983733256,
        1.5015536750076275,
        0.9353737995536067,
        0.9224970520965659,
        0.5031044120408734,
        0.9533423516815208,
        0.8557189081345875,
        0.7819830755064362,
        0.916676105141254,
        1.0049894390093153,
        0.6396952423790321,
        0.4167136023824982,
        0.2718254125181138,
        0.8306596683514718,
        0.21238067873626676,
        0.026709880745506943,
        0.6081484111964052,
        1.0709245512586194
      ],
      [
        0.532597857541539,
        0.5858825746451166,
        0.236582299068762,
        0.4215052362010564,
        0.44674356346402483,
        0.3854463915917504,
        0.7131985315430616,
        0.5512458641768032,
        0.7443694822785628,
        0.5586663674618384,
        0.3536128514992122,
        0.5508920145559811,
        0.5516161809660507,
        0.8095793736795371,
        0.5347483379242394,
        0.1886076214818455,
        0.505839434669385,
        0.1167791175050275,
        0.762227483388188,
        0.0,
        0.5126791783319937,
        0.10654813065376105,
        0.08583116834816308,
        0.7410220449824649,
        0.5611970870247274,
        0.16026956870837783,
        0.37705767270412976,
        0.501638753779968,
        0.11139542859025696,
        0.40732231796480056,
        0.16580111058149366,
        0.28596874126548666,
        0.13849578518962333,
        0.39571844871355477,
        0.6463412587813927,
        0.47743261307358564,
        0.8775310924130233,
        0.7884964299539619,
        0.3316698425783886,
        0.5050048725323316
      ],
      [
        0.6642021392228866,
        0.2898742930626944,
        0.48758977334057246,
        0.8478435140513243,
        0.06593561486796896,
        0.8129188302102422,
        0.9611382369762507,
        0.6572693461712815,
        1.021156499178451,
        0.10273213849964172,
        0.7896878354329195,
        0.6641642178267664,
        0.1362460873070244,
        1.0863672299181966,
        0.8115361941628989,
        0.49925464679122955,
        0.20362629173176883,
        0.48379784686619787,
        1.0448850204814424,
        0.5126791783319937,
        0.0,
        0.4867763716752858,
        0.426895167834007,
        0.6365931171320596,
        0.1371980863273023,
        0.5163146598889392,
        0.8133880499217507,
        0.8982489437336496,
        0.4012837497417368,
        0.27027232720206323,
        0.3721174805779944,
        0.29616171236567507,
        0.58197583770107,
        0.8098001493546965,
        0.7786924197726106,
        0.24696011255512523,
        1.1543189486516827,
        1.0478613860971129,
        0.4373520174446692,
        0.954255758391753
      ],
      [
        0.4369535800749906,
        0.5186488844671646,
        0.14093802160221358,
        0.36106714237603854,
        0.49718792312544824,
        0.32614245853495644,
        0.6699022123792223,
        0.47855119314265904,
        0.7010731631147236,
        0.5083662450652275,
        0.446793176421863,
        0.4552477370894327,
        0.4554562507366952,
        0.7662830545156979,
        0.4914520187604002,
        0.09244769125249004,
        0.4638171834284035,
        0.21755215097738162,
        0.7348947084048162,
        0.10654813065376105,
        0.4867763716752858,
        0.0,
        0.1424888154034841,
        0.797679692037786,
        0.47136785706780393,
        0.2646423895855467,
        0.32661167824646486,
        0.5948190787026189,
        0.1618397882516804,
        0.34021602419281816,
        0.227586076938894,
        0.3367673668222843,
        0.09519946602578411,
        0.3230237776794106,
        0.5514902645058601,
        0.4091725222991046,
        0.834234773249184,
        0.7452001107901226,
        0.2327033159922511,
        0.6114101658410488
      ],
      [
        0.5262345579776109,
        0.5523411827771327,
        0.23021899950483388,
        0.4936807665590447,
        0.36095955296603804,
        0.45787770404753525,
        0.7820096750925846,
        0.6168646482662619,
        0.8125412530832331,
        0.4728823569638516,
        0.40111729246832395,
        0.544528714992053,
        0.5186607207320739,
        0.8777511444842074,
        0.6029201087289097,
        0.18983845642274697,
        0.4973820853324019,
        0.10318046325391134,
        0.8463627983733256,
        0.08583116834816308,
        0.426895167834007,
        0.1424888154034841,
        0.0,
        0.6551908766343019,
        0.5276556951567434,
        0.1538860610010953,
        0.45298417907907806,
        0.48873380767259406,
        0.025611418092270202,
        0.3737809260968166,
        0.08702229878760052,
        0.20399245251945486,
        0.21046657986261444,
        0.4613372328030134,
        0.6407712424084804,
        0.4438912212056017,
        0.9457028632176935,
        0.856668200758632,
        0.32326787317235073,
        0.5606061518441289
      ],
      [
        1.1814254346119126,
        0.926467410194754,
        0.8854098761391358,
        1.1488716431933466,
        0.7025287320000285,
        1.113068580681837,
        1.4372005517268864,
        1.2720555249005638,
        1.467732129717535,
        0.7393252556317013,
        1.0563081691026257,
        1.199719591626355,
        0.7728392044390839,
        1.5329420211185094,
        1.2581109853632115,
        0.8450293330570489,
        0.8402194088638284,
        0.7583713398882133,
        1.5015536750076275,
        0.7410220449824649,
        0.6365931171320596,
        0.797679692037786,
        0.6551908766343019,
        0.0,
        0.7737912034593619,
        0.8090769376353972,
        1.1081750557133798,
        1.143924684306896,
        0.680802294726572,
        0.9068654443341229,
        0.7422131754219023,
        0.8591833291537567,
        0.8656574564969163,
        1.1165281094373154,
        1.2959621190427821,
        0.8835532296871849,
        1.6008937398519953,
        1.511859077392934,
        0.9784587498066526,
        1.2157970284784307
      ],
      [
        0.5510825249207769,
        0.16004357089546487,
        0.35039168701327017,
        0.7528780455870405,
        0.16956709814024604,
        0.7889405940821139,
        0.8487517391908082,
        0.7609008294435586,
        0.9185461106138495,
        0.06710346685958828,
        0.8212532169861848,
        0.5534360955386843,
        0.015911606331108736,
        0.9843646214826405,
        0.7095335857273427,
        0.3789201658153139,
        0.0668248201286288,
        0.5820908817514392,
        0.9353737995536067,
        0.5611970870247274,
        0.1371980863273023,
        0.47136785706780393,
        0.5276556951567434,
        0.7737912034593619,
        0.0,
        0.5478588128247257,
        0.7920803201843946,
        0.9073159035491313,
        0.5020442770644732,
        0.15387476905992675,
        0.4787250460101863,
        0.36366877023162447,
        0.5495227447948359,
        0.7943916347472145,
        0.6651678789397883,
        0.1130557862732671,
        1.0523163402161266,
        0.9361647570650641,
        0.3380775506669775,
        0.9858001915742014
      ],
      [
        0.6755302183089222,
        0.6861021611956339,
        0.3795146598361452,
        0.5612369864602641,
        0.45202700243343086,
        0.5255947563310903,
        0.8644062136438797,
        0.6997667153424013,
        0.895577164379381,
        0.5328059842630111,
        0.2733944041614591,
        0.6938243753233644,
        0.5637704191558345,
        0.9607870557803553,
        0.6859560200250576,
        0.33526557155186554,
        0.5887251548532361,
        0.051025171253569916,
        0.9224970520965659,
        0.16026956870837783,
        0.5163146598889392,
        0.2646423895855467,
        0.1538860610010953,
        0.8090769376353972,
        0.5478588128247257,
        0.0,
        0.511151799593763,
        0.38976576137425917,
        0.15937239651077148,
        0.5075419045153179,
        0.14695594127991965,
        0.2359870995710613,
        0.2897034672904415,
        0.5442392998791529,
        0.7900669027397917,
        0.577652199624103,
        1.0287387745138414,
        0.93970411205478,
        0.47420638799808096,
        0.43794137874947564
      ],
      [
        0.3612574842199845,
        0.8185393198198344,
        0.45572017469936354,
        0.05685988645676323,
        0.7889632909603411,
        0.034458327861688086,
        0.41405580834495936,
        0.2163955431388138,
        0.46928286675078085,
        0.8314348486826563,
        0.6254448033531605,
        0.3432178933296735,
        0.7761687138532859,
        0.5344927581517551,
        0.25966172239645746,
        0.4131601543690807,
        0.7844456728387319,
        0.4831461684823966,
        0.5031044120408734,
        0.37705767270412976,
        0.8133880499217507,
        0.32661167824646486,
        0.45298417907907806,
        1.1081750557133798,
        0.7920803201843946,
        0.511151799593763,
        0.0,
        0.4774189010724047,
        0.47695430137574907,
        0.666827702439283,
        0.5393482012661828,
        0.6565156056017991,
        0.2425575753895587,
        0.09133081006485833,
        0.3591583519819578,
        0.7357842005455695,
        0.6024444768852413,
        0.5015890104873381,
        0.5511626456500248,
        0.5974885191766558
      ],
      [
        0.8330110073932067,
        1.0354604562810694,
        0.7189528071774279,
        0.5321678763332689,
        0.8359986217780221,
        0.5098030953293122,
        0.8894005758125836,
        0.6938144442112185,
        0.8888154149129708,
        0.905614470699957,
        0.14802590228075585,
        0.8152553741270874,
        0.92322750988024,
        0.8076511943764998,
        0.7334899250193828,
        0.678572264095341,
        0.9528118961125511,
        0.41511191251288493,
        0.9533423516815208,
        0.501638753779968,
        0.8982489437336496,
        0.5948190787026189,
        0.48873380767259406,
        1.143924684306896,
        0.9073159035491313,
        0.38976576137425917,
        0.4774189010724047,
        0.0,
        0.5087306915962069,
        0.8569001996007533,
        0.526910530810671,
        0.6257471614292005,
        0.6401345389695914,
        0.5602228112955941,
        0.8224075458078967,
        0.9270104947095383,
        0.7831693394072714,
        0.9769337779549623,
        0.8120016808449448,
        0.1201865996524394
      ],
      [
        0.5321835083305082,
        0.5267297646848625,
        0.23616794985773124,
        0.5168222700104098,
        0.33534813487376786,
        0.4811244352230456,
        0.7913657848538465,
        0.6386371247363523,
        0.821897362844495,
        0.4472709388715814,
        0.4163070135575337,
        0.5504776653449504,
        0.49304930263980373,
        0.8871072542454693,
        0.6122762184901717,
        0.1991945661840089,
        0.4717706672401317,
        0.11068364047905874,
        0.8557189081345875,
        0.11139542859025696,
        0.4012837497417368,
        0.1618397882516804,
        0.025611418092270202,
        0.680802294726572,
        0.5020442770644732,
        0.15937239651077148,
        0.47695430137574907,
        0.5087306915962069,
        0.0,
        0.34816950800454644,
        0.06577111048815029,
        0.17958990439004538,
        0.23440893253195952,
        0.48310970927310376,
        0.6467201927613777,
        0.4182798031133315,
        0.9550589729789554,
        0.8660243105198939,
        0.3268892012533062,
        0.5773504534420737
      ],
      [
        0.39813546201595873,
        0.17856025668031608,
        0.2177858829777469,
        0.6202722415515173,
        0.27236178395379324,
        0.6563347900465906,
        0.6959351387460863,
        0.7663664466471736,
        0.7647058412995793,
        0.16815022087240944,
        0.7609351694640127,
        0.3999505887120792,
        0.14487979463525727,
        0.8306399604566199,
        0.5558089247013223,
        0.2555652372234908,
        0.12360115923558532,
        0.45885314848360514,
        0.7819830755064362,
        0.40732231796480056,
        0.27027232720206323,
        0.34021602419281816,
        0.3737809260968166,
        0.9068654443341229,
        0.15387476905992675,
        0.5075419045153179,
        0.666827702439283,
        0.8569001996007533,
        0.34816950800454644,
        0.0,
        0.3739549180996686,
        0.4649691055643593,
        0.4260646160005733,
        0.6549831515435725,
        0.5125035939901631,
        0.07011029510878507,
        0.8985916791901061,
        0.7832289569211704,
        0.18661470623927337,
        0.911988556570618
      ],
      [
        0.5891309170114043,
        0.5525151747799847,
        0.29311535853862736,
        0.5806092635560764,
        0.3091579478699402,
        0.544770833638304,
        0.8523229818605129,
        0.7037326840343446,
        0.8828545598511615,
        0.4172428974903146,
        0.419290469692308,
        0.6074250740258464,
        0.47080316268833905,
        0.9480644512521357,
        0.673233415496838,
        0.2601517631906753,
        0.49755607733525387,
        0.1118388644512542,
        0.916676105141254,
        0.16580111058149366,
        0.3721174805779944,
        0.227586076938894,
        0.08702229878760052,
        0.7422131754219023,
        0.4787250460101863,
        0.14695594127991965,
        0.5393482012661828,
        0.526910530810671,
        0.06577111048815029,
        0.3739549180996686,
        0.0,
        0.12042401279836479,
        0.297045109822677,
        0.5482052685710962,
        0.7036676014422738,
        0.44406521320845366,
        1.0160161699856218,
        0.9269815075265604,
        0.37968738538572083,
        0.5834398558901651
      ],
      [
        0.6662915329265713,
        0.5194826019804577,
        0.37027597445379434,
        0.6957107054119611,
        0.23022907228403958,
        0.6601567410051026,
        0.9406363157285741,
        0.8153155083560822,
        0.9711678937192226,
        0.29681888469194984,
        0.5040655606874925,
        0.6845856899410134,
        0.35037914988997426,
        1.036377785120197,
        0.7615467493648993,
        0.3484650970587365,
        0.42281161070474016,
        0.2184221115198147,
        1.0049894390093153,
        0.28596874126548666,
        0.29616171236567507,
        0.3367673668222843,
        0.20399245251945486,
        0.8591833291537567,
        0.36366877023162447,
        0.2359870995710613,
        0.6565156056017991,
        0.6257471614292005,
        0.17958990439004538,
        0.4649691055643593,
        0.12042401279836479,
        0.0,
        0.4139893480990091,
        0.6597880928928338,
        0.7808282173574408,
        0.45092794413444653,
        1.1043295038536831,
        1.0152948413946215,
        0.4657184454044556,
        0.6680947180005014
      ],
      [
        0.5091781577825818,
        0.6031189745525114,
        0.21316259930980483,
        0.2841044354525708,
        0.5697570674057274,
        0.24812627351895972,
        0.5747027463534382,
        0.41291883021606324,
        0.6058736970889395,
        0.5888772732930976,
        0.49210863668883553,
        0.512423977584308,
        0.5336111384637272,
        0.6710835884899138,
        0.39625255273461607,
        0.170602578979522,
        0.5418880974491732,
        0.2524327592410417,
        0.6396952423790321,
        0.13849578518962333,
        0.58197583770107,
        0.09519946602578411,
        0.21046657986261444,
        0.8656574564969163,
        0.5495227447948359,
        0.2897034672904415,
        0.2425575753895587,
        0.6401345389695914,
        0.23440893253195952,
        0.4260646160005733,
        0.297045109822677,
        0.4139893480990091,
        0.0,
        0.2573914147528148,
        0.5078454735917693,
        0.4959240660557225,
        0.7390353072233999,
        0.6500006447643385,
        0.30860507026046613,
        0.643500657721955
      ],
      [
        0.2727881960976125,
        0.7643429957945644,
        0.4639617992816242,
        0.06379384560330723,
        0.746861146766561,
        0.057227078786629366,
        0.3523604791017571,
        0.15552741546324847,
        0.38289205709240565,
        0.8168337016469747,
        0.70824871357635,
        0.2550325628314932,
        0.7784800284161058,
        0.44810194849338,
        0.17327091273808226,
        0.4154714689319006,
        0.7659934393290152,
        0.509457758138783,
        0.4167136023824982,
        0.39571844871355477,
        0.8098001493546965,
        0.3230237776794106,
        0.4613372328030134,
        1.1165281094373154,
        0.7943916347472145,
        0.5442392998791529,
        0.09133081006485833,
        0.5602228112955941,
        0.48310970927310376,
        0.6549831515435725,
        0.5482052685710962,
        0.6597880928928338,
        0.2573914147528148,
        0.0,
        0.26846203931846924,
        0.7051858000801203,
        0.5160536672268661,
        0.42701900476780463,
        0.4857541867638818,
        0.6796505029745032
      ],
      [
        0.11453668443086952,
        0.609414071854399,
        0.4105522429036465,
        0.3162223454019707,
        0.7848653779439563,
        0.32470256674144116,
        0.18360710158617302,
        0.2538628526570105,
        0.272798436637138,
        0.6761389096026242,
        0.8907751003529558,
        0.11571759510953945,
        0.657211629448531,
        0.34996673827047997,
        0.11159292085715328,
        0.45936230442789433,
        0.6196892157134037,
        0.73932426576847,
        0.2718254125181138,
        0.6463412587813927,
        0.7786924197726106,
        0.5514902645058601,
        0.6407712424084804,
        1.2959621190427821,
        0.6651678789397883,
        0.7900669027397917,
        0.3591583519819578,
        0.8224075458078967,
        0.6467201927613777,
        0.5125035939901631,
        0.7036676014422738,
        0.7808282173574408,
        0.5078454735917693,
        0.26846203931846924,
        0.0,
        0.5592193475594528,
        0.4084067600828866,
        0.2710905878846617,
        0.34643770210372665,
        0.942594145460336
      ],
      [
        0.4462022091392429,
        0.11187335422388844,
        0.28780769777633475,
        0.6902940563501051,
        0.2659496518027251,
        0.7263566048451784,
        0.74267557232041,
        0.8130822002164633,
        0.8184982056063411,
