{
  "sol": {
    "z": 2.5018432756245716,
    "tours": [
      [
        0,
        14,
        5,
        4,
        8,
        10,
        11,
        12,
        7,
        15,
        9,
        1
      ],
      [
        2,
        6
      ],
      [
        3
      ],
      [
        13
      ]
    ]
  },
  "params": {
    "gm": [
      [
        0.0,
        0.5186311323130008,
        0.33494683931408326,
        0.7248574003204385,
        0.13660982273875696,
        0.11310409033124544,
        0.5496534618649064,
        0.6423990484838842,
        0.17243388223401077,
        0.3630618391215906,
        0.23309592372724758,
        0.455148045173965,
        0.5825508758450979,
        0.6205751162213551,
        0.10607509607092407,
        0.7145215237453372,
        0.09222522787488813,
        0.14518431446514835,
        0.27735453351723455,
        0.5142104711910749,
        0.7640944162613499,
        0.28365172937138516,
        0.4472185373375648,
        0.6905620466426744,
        0.5396273106971418,
        0.5230041858202793,
        0.19998802938880406,
        0.7631397841939161,
        0.6800106207986167,
        0.4978745029234192,
        0.08373462903145454,
        0.46401661506017045,
        0.21286591614623795,
        0.40651880605572294,
        0.6347655241999324,
        0.7112127985533335,
        0.5632437093057301,
        0.09338675726878883,
        0.46162842713940283,
        0.6385991392133753
      ],
      [
        0.5186311323130008,
        0.0,
        0.8535779716270842,
        0.828246112380086,
        0.5732144875400869,
        0.6199557640031809,
        0.9960760682436771,
        0.3964723814430225,
        0.3699839276439799,
        0.15573567103113514,
        0.31940590831858745,
        0.44978840376203966,
        0.5718020899789059,
        0.49055989532361943,
        0.5704942495108856,
        0.39575180458851034,
        0.5107811215654952,
        0.6197520366096464,
        0.7911896420804644,
        1.0280455797543047,
        0.8738499034714156,
        0.7759389974170711,
        0.08429025211590681,
        0.8663751019519885,
        0.5340465099959754,
        0.5154623856814345,
        0.6185469184250382,
        0.2462249038296038,
        0.16137948848561595,
        0.026538638150422754,
        0.6019447586204263,
        0.9721717558099612,
        0.30580358460777485,
        0.1419111238709946,
        0.6154461081563338,
        0.23144578410160283,
        0.09092043498951387,
        0.5410810416614814,
        0.4550156455144386,
        0.6767726948843551
      ],
      [
        0.33494683931408326,
        0.8535779716270842,
        0.0,
        0.5364193082620751,
        0.4715566620528402,
        0.44805092964532867,
        0.22730240155239678,
        0.7498055291760946,
        0.507380721548094,
        0.6980086784356738,
        0.5680427630413308,
        0.5362837702453905,
        0.5011357206610011,
        0.9555219555354384,
        0.44102193538500734,
        0.8186989613566823,
        0.4271720671889714,
        0.4801311537792316,
        0.6123013728313178,
        0.5243972948606348,
        0.5624284877399461,
        0.6185985686854685,
        0.7821653766516481,
        0.46525418641222255,
        0.5320427965924484,
        0.5183610553415444,
        0.5349348687028873,
        0.8587744373042376,
        0.9612400214619781,
        0.8328213422375025,
        0.41868146834553777,
        0.6064986276038782,
        0.5478127554603212,
        0.7414656453698062,
        0.6094122209884236,
        0.9107014229448203,
        0.8981905486198134,
        0.42833359658287207,
        0.539925911604741,
        0.9735459785274585
      ],
      [
        0.7248574003204385,
        0.828246112380086,
        0.5364193082620751,
        0.0,
        0.5938792270944955,
        0.6929148785932163,
        0.4078751204623391,
        0.5978006988451491,
        0.8078402948916279,
        0.9346423087371674,
        0.8687146472840178,
        0.6462043714071177,
        0.578497953196474,
        1.1525185216397005,
        0.6380185014892693,
        0.6316296529038069,
        0.8129457565131083,
        0.6554751862580597,
        0.8283733556206143,
        0.6929259440611344,
        0.045603791091329525,
        0.7298323950249085,
        0.881444280517401,
        0.09935943068131925,
        0.5735687431046474,
        0.5959806804561392,
        0.9207115533726513,
        0.7509613091685526,
        0.8328935918025556,
        0.8547847505305088,
        0.7501935476303424,
        0.7664751931784849,
        0.8612901300268075,
        0.9701572362510806,
        0.46658689238115025,
        0.802649905529906,
        0.9191665473695999,
        0.6362683986063403,
        0.6400673107845505,
        1.283550562482445
      ],
      [
        0.13660982273875696,
        0.5732144875400869,
        0.4715566620528402,
        0.5938792270944955,
        0.0,
        0.11596080239909641,
        0.42286158070359026,
        0.5985985071564992,
        0.215040710186794,
        0.4176078614897051,
        0.27591506257918397,
        0.461132869455433,
        0.5786053993684764,
        0.5624495997713712,
        0.04794957962094015,
        0.671626568863405,
        0.22873945413572458,
        0.06658992012226278,
        0.26437938099661584,
        0.5012353186704561,
        0.63180455710262,
        0.2870537327781696,
        0.5041006993654069,
        0.5553462306761804,
        0.5343787539919207,
        0.5187941751606047,
        0.3364272064093287,
        0.7517591174799028,
        0.7345939760257029,
        0.5524794903105867,
        0.15971319376270196,
        0.4580423191352484,
        0.26741090293231207,
        0.4661370077290357,
        0.6281329058933954,
        0.7657577853394076,
        0.6207588626105653,
        0.04346881390150648,
        0.4546524874899952,
        0.6934816406141159
      ],
      [
        0.11310409033124544,
        0.6199557640031809,
        0.44805092964532867,
        0.6929148785932163,
        0.11596080239909641,
        0.0,
        0.46202866207824816,
        0.7141217548095283,
        0.25557396465066634,
        0.465900894622402,
        0.3164483170430563,
        0.5099261068137133,
        0.6273986367267568,
        0.5838065838049159,
        0.06930656365448483,
        0.7800994077333802,
        0.18556014682672026,
        0.17030118232769326,
        0.1713365791344867,
        0.408192516808327,
        0.7282800185756199,
        0.17109293037907317,
        0.5443389253605921,
        0.6446739909596366,
        0.583171991350201,
        0.567587412518885,
        0.2854419411200137,
        0.8240179666735797,
        0.7813352524887969,
        0.600722195525732,
        0.06581506979565617,
        0.35221599180678037,
        0.3170821349777597,
        0.5151954946776229,
        0.6769261432516758,
        0.8154290173848553,
        0.670281182172305,
        0.09226205125978681,
        0.5034457248482755,
        0.6203956303111787
      ],
      [
        0.5496534618649064,
        0.9960760682436771,
        0.22730240155239678,
        0.4078751204623391,
        0.42286158070359026,
        0.46202866207824816,
        0.0,
        0.8097061552649102,
        0.6325523677825603,
        0.8404694421932953,
        0.6934267201749502,
        0.6152011065998513,
        0.5344853700806758,
        0.9581155716268399,
        0.4436155514764088,
        0.8695279621882321,
        0.6403835558688983,
        0.4611122344046377,
        0.5339508309820784,
        0.297094893308238,
        0.4179651502009358,
        0.6324917915777841,
        0.923582141738651,
        0.3144007687894438,
        0.5792729232551332,
        0.5737190870719029,
        0.7474706031982619,
        0.9368046600570762,
        1.0392702442148165,
        0.975341071014177,
        0.5278437318739043,
        0.3791962260514814,
        0.6902724836359023,
        0.8889985884326259,
        0.6463964308959995,
        0.9887316456976588,
        1.0436204433141556,
        0.4609804714972728,
        0.6166387113631548,
        1.082424292389427
      ],
      [
        0.6423990484838842,
        0.3964723814430225,
        0.7498055291760946,
        0.5978006988451491,
        0.5985985071564992,
        0.7141217548095283,
        0.8097061552649102,
        0.0,
        0.4701774771490266,
        0.5089817704852942,
        0.4093031247566366,
        0.21492903775438973,
        0.27663417080809943,
        0.8824691234937168,
        0.6465480867774394,
        0.07302806170690578,
        0.6775224773268966,
        0.665188427278762,
        0.862977888153115,
        0.9917737949760015,
        0.6393054922700764,
        0.8852146851886015,
        0.4807626335589293,
        0.6971601295264683,
        0.23043549257512178,
        0.23749730491965204,
        0.7852882741864396,
        0.15316061032340353,
        0.23509289295740654,
        0.42298602175939726,
        0.723248522169239,
        1.0566408262917477,
        0.5063162136438809,
        0.5377198599323755,
        0.21897372671331136,
        0.20484920668475695,
        0.4400530117208567,
        0.6218597035497415,
        0.21067602996125281,
        1.0705891796967166
      ],
      [
        0.17243388223401077,
        0.3699839276439799,
        0.507380721548094,
        0.8078402948916279,
        0.215040710186794,
        0.25557396465066634,
        0.6325523677825603,
        0.4701774771490266,
        0.0,
        0.22173097063228858,
        0.06087435239238995,
        0.28271416293995427,
        0.41011699361108717,
        0.6188488636865592,
        0.20096840149630837,
        0.5422999524104796,
        0.21585045276015702,
        0.25024289123345245,
        0.42614504804465453,
        0.6630009857184949,
        0.8461132757478533,
        0.42666689502973953,
        0.29102977405192165,
        0.7702834518139385,
        0.3671934284631311,
        0.3505703035862686,
        0.32361624961970004,
        0.6052048299988013,
        0.5313634161295959,
        0.3531675227067251,
        0.2530739347368057,
        0.6077899564574467,
        0.09533990660060666,
        0.28581384348253375,
        0.4623316419659217,
        0.5936867890077022,
        0.4303672013884788,
        0.17157189628528752,
        0.2891945449053921,
        0.8079384449187264
      ],
      [
        0.3630618391215906,
        0.15573567103113514,
        0.6980086784356738,
        0.9346423087371674,
        0.4176078614897051,
        0.465900894622402,
        0.8404694421932953,
        0.5089817704852942,
        0.22173097063228858,
        0.0,
        0.17996381886559354,
        0.2940527327309045,
        0.4160664189477708,
        0.39711789305427064,
        0.4193937824805827,
        0.5514874756196455,
        0.3572339195977951,
        0.4687909568319263,
        0.6368207190157569,
        0.8736766566895973,
        0.8890385176458379,
        0.6369938250014752,
        0.09502977980167336,
        0.8771146296377551,
        0.3783108389648402,
        0.35972671465029943,
        0.4649997164573381,
        0.40196057486073894,
        0.31711515951675107,
        0.13498330127848607,
        0.4462679029308173,
        0.8181168864291823,
        0.150196958557393,
        0.07939741910168652,
        0.4680554163560171,
        0.38718145513273794,
        0.2086396082339935,
        0.39011996188376136,
        0.29927997448330346,
        0.5880851806858597
      ],
      [
        0.23309592372724758,
        0.31940590831858745,
        0.5680427630413308,
        0.8687146472840178,
        0.27591506257918397,
        0.3164483170430563,
        0.6934267201749502,
        0.4093031247566366,
        0.06087435239238995,
        0.17996381886559354,
        0.0,
        0.23166640877096306,
        0.35906923944209596,
        0.5770817119198641,
        0.2618427538886983,
        0.4814256000180896,
        0.27032462549635006,
        0.3111172436258424,
        0.4870194004370445,
        0.7238753381108849,
        0.8264046139870698,
        0.48754124742212945,
        0.2377825294473087,
        0.8311578042063285,
        0.31614567429413987,
        0.2995225494172774,
        0.3780904223558931,
        0.5541570758298102,
        0.4807853968042034,
        0.3048484946926993,
        0.31394539741260236,
        0.6686643088498366,
        0.0970130888872443,
        0.2522932022866894,
        0.40542151269724896,
        0.5508516924201903,
        0.38638851079257497,
        0.23244624867767746,
        0.23814556342848198,
        0.7680489995514532
      ],
      [
        0.455148045173965,
        0.44978840376203966,
        0.5362837702453905,
        0.6462043714071177,
        0.461132869455433,
        0.5099261068137133,
        0.6152011065998513,
        0.21492903775438973,
        0.28271416293995427,
        0.2940527327309045,
        0.23166640877096306,
        0.0,
        0.1274028306711329,
        0.667540085739327,
        0.4470826185223067,
        0.28615911251673787,
        0.4985646157001113,
        0.4963350505020915,
        0.6747779002212329,
        0.842542454839035,
        0.6006005803157881,
        0.6810190371927864,
        0.38908251253257786,
        0.7042832397337286,
        0.08447926552317679,
        0.06785614064631433,
        0.6063304125596544,
        0.3224906670588471,
        0.4249562512165875,
        0.42903603400939055,
        0.53578809767676,
        0.8621420986204937,
        0.31735325124120256,
        0.36851335801610324,
        0.17961747902596742,
        0.3744176526994297,
        0.502692340964898,
        0.41766405555392655,
        0.006480381965437814,
        0.8585312720362466
      ],
      [
        0.5825508758450979,
        0.5718020899789059,
        0.5011357206610011,
        0.578497953196474,
        0.5786053993684764,
        0.6273986367267568,
        0.5344853700806758,
        0.27663417080809943,
        0.41011699361108717,
        0.4160664189477708,
        0.35906923944209596,
        0.1274028306711329,
        0.0,
        0.7725093582611386,
        0.56455514843535,
        0.33508126669274285,
        0.6259674463712441,
        0.6138075804151348,
        0.7922504301342763,
        0.7151396241679021,
        0.5328941621051444,
        0.7984915671058299,
        0.5110961987494441,
        0.6365768215230849,
        0.05102735842544274,
        0.059871613407929715,
        0.6755386835454551,
        0.41442268192233966,
        0.511727063765506,
        0.5510497202262569,
        0.6575319642502567,
        0.8019354508209402,
        0.41345893028960234,
        0.49259731819981634,
        0.1119110608153237,
        0.4612378898240767,
        0.6247060271817643,
        0.53513658546697,
        0.12395291187848122,
        0.9635005445580582
      ],
      [
        0.6205751162213551,
        0.49055989532361943,
        0.9555219555354384,
        1.1525185216397005,
        0.5624495997713712,
        0.5838065838049159,
        0.9581155716268399,
        0.8824691234937168,
        0.6188488636865592,
        0.39711789305427064,
        0.5770817119198641,
        0.667540085739327,
        0.7725093582611386,
        0.0,
        0.5145000201504311,
        0.8863116999121298,
        0.7112680245429206,
        0.6168190183480291,
        0.7433455668333734,
        0.9802015045072137,
        1.1896417158615238,
        0.754899514183989,
        0.4789674150104046,
        1.110619791608738,
        0.7464278806023722,
        0.7249904828174315,
        0.818511767703924,
        0.7367847991532233,
        0.6509392252939613,
        0.46445067535282414,
        0.6274165706111529,
        0.9360225756116962,
        0.5473148516116637,
        0.3553463982402881,
        0.8471474265127197,
        0.7218239185091669,
        0.46334057340645723,
        0.5439185831188111,
        0.6736676151992231,
        0.19099118629691964
      ],
      [
        0.10607509607092407,
        0.5704942495108856,
        0.44102193538500734,
        0.6380185014892693,
        0.04794957962094015,
        0.06930656365448483,
        0.4436155514764088,
        0.6465480867774394,
        0.20096840149630837,
        0.4193937824805827,
        0.2618427538886983,
        0.4470826185223067,
        0.56455514843535,
        0.5145000201504311,
        0.0,
        0.7107928440788953,
        0.1967680043924895,
        0.102318998197598,
        0.22884554668294235,
        0.4657014843567827,
        0.6751416957110926,
        0.24039949403355798,
        0.4919959697734993,
        0.596119771458307,
        0.5203285030587944,
        0.5047439242274784,
        0.304011747553493,
        0.761174478382173,
        0.7318737379965015,
        0.5528690120046017,
        0.11291655046072177,
        0.4215225554612652,
        0.2751864034521484,
        0.4755607350069526,
        0.6140826549602691,
        0.773533285859244,
        0.6269096600416463,
        0.02941856296838011,
        0.44060223655686886,
        0.6455320609931757
      ],
      [
        0.7145215237453372,
        0.39575180458851034,
        0.8186989613566823,
        0.6316296529038069,
        0.671626568863405,
        0.7800994077333802,
        0.8695279621882321,
        0.07302806170690578,
        0.5422999524104796,
        0.5514874756196455,
        0.4814256000180896,
        0.28615911251673787,
        0.33508126669274285,
        0.8863116999121298,
        0.7107928440788953,
        0.0,
        0.7505505390338024,
        0.7382164889856678,
        0.9360059498600208,
        1.050220890860645,
        0.6709731702157617,
        0.9511923381124533,
        0.48004205670441713,
        0.7309890835851262,
        0.2925391961734741,
        0.3024335298788574,
        0.8583163358933454,
        0.1495269007589065,
        0.24853530781351774,
        0.42229044273893307,
        0.795370997430692,
        1.1296688879986534,
        0.5784386889053339,
        0.5376629284595049,
        0.2597842949932627,
        0.19874522415074292,
        0.43877788046214244,
        0.6927658410287099,
        0.2815821674402211,
        1.0725244994728653
      ],
      [
        0.09222522787488813,
        0.5107811215654952,
        0.4271720671889714,
        0.8129457565131083,
        0.22873945413572458,
        0.18556014682672026,
        0.6403835558688983,
        0.6775224773268966,
        0.21585045276015702,
        0.3572339195977951,
        0.27032462549635006,
        0.4985646157001113,
        0.6259674463712441,
        0.7112680245429206,
        0.1967680043924895,
        0.7505505390338024,
        0.0,
        0.22947562263468352,
        0.32493039946656865,
        0.5485645090033232,
        0.8529301371006283,
        0.35341661595736945,
        0.4492377339596177,
        0.781366837568521,
        0.5830438812232881,
        0.5664207563464256,
        0.10776579685954303,
        0.757006025395099,
        0.672160610051111,
        0.4873679224782646,
        0.12860058252785384,
        0.5181347077263428,
        0.21551495735356324,
        0.3834916276802561,
        0.675746138193599,
        0.7138618397606589,
        0.5412689831728096,
        0.18560441474528136,
        0.5050449976655491,
        0.6834650927097745
      ],
      [
        0.14518431446514835,
        0.6197520366096464,
        0.4801311537792316,
        0.6554751862580597,
        0.06658992012226278,
        0.17030118232769326,
        0.4611122344046377,
        0.665188427278762,
        0.25024289123345245,
        0.4687909568319263,
        0.3111172436258424,
        0.4963350505020915,
        0.6138075804151348,
        0.6168190183480291,
        0.102318998197598,
        0.7382164889856678,
        0.22947562263468352,
        0.0,
        0.3289949641946834,
        0.5658509018685237,
        0.6242188022859618,
        0.34139411270676645,
        0.5412726651895432,
        0.5561157555767404,
        0.5695809350385792,
        0.5539963562072632,
        0.3330708681662918,
        0.8104269103619579,
        0.7811315250952624,
        0.6021665865968588,
        0.1975250750417728,
        0.5225171741344736,
        0.3252271114205432,
        0.5255782215849513,
        0.6633350869400538,
        0.8235739938276389,
        0.6764549522955776,
        0.07867099494816494,
        0.48985466853665366,
        0.7478510591907738
      ],
      [
        0.27735453351723455,
        0.7911896420804644,
        0.6123013728313178,
        0.8283733556206143,
        0.26437938099661584,
        0.1713365791344867,
        0.5339508309820784,
        0.862977888153115,
        0.42614504804465453,
        0.6368207190157569,
        0.4870194004370445,
        0.6747779002212329,
        0.7922504301342763,
        0.7433455668333734,
        0.22884554668294235,
        0.9360059498600208,
        0.32493039946656865,
        0.3289949641946834,
        0.0,
        0.23685593767384033,
        0.7827695645292848,
        0.09854096059570583,
        0.7156347779377557,
        0.8160105700941234,
        0.7480237847577206,
        0.7324392059264045,
        0.40151621314114483,
        0.9888697600810993,
        0.9525691305660804,
        0.7717407187172031,
        0.20031683702204198,
        0.19366293813863256,
        0.48741454161508996,
        0.6837362166469999,
        0.8417779366591953,
        0.9857614240221855,
        0.8399452018382354,
        0.2571138446673063,
        0.6682975182557951,
        0.7018460875496295
      ],
      [
        0.5142104711910749,
        1.0280455797543047,
        0.5243972948606348,
        0.6929259440611344,
        0.5012353186704561,
        0.408192516808327,
        0.297094893308238,
        0.9917737949760015,
        0.6630009857184949,
        0.8736766566895973,
        0.7238753381108849,
        0.842542454839035,
        0.7151396241679021,
        0.9802015045072137,
        0.4657014843567827,
        1.050220890860645,
        0.5485645090033232,
        0.5658509018685237,
        0.23685593767384033,
        0.0,
        0.7088721000863845,
        0.33539689826954616,
        0.952490715611596,
        0.6054821208139115,
        0.7661669825933448,
        0.7750112375758318,
        0.6344364458897881,
        1.1295623060902418,
        1.1623382553030235,
        1.0085966563910433,
        0.43717277469588234,
        0.08679582665303813,
        0.7242704792889303,
        0.9205921543208402,
        0.8216058723060461,
        1.1763775139919788,
        1.0768011395120758,
        0.49396978234114663,
        0.8390925360463833,
        0.9381466566514418
      ],
      [
        0.7640944162613499,
        0.8738499034714156,
        0.5624284877399461,
        0.045603791091329525,
        0.63180455710262,
        0.7282800185756199,
        0.4179651502009358,
        0.6393054922700764,
        0.8461132757478533,
        0.8890385176458379,
        0.8264046139870698,
        0.6006005803157881,
        0.5328941621051444,
        1.1896417158615238,
        0.6751416957110926,
        0.6709731702157617,
        0.8529301371006283,
        0.6242188022859618,
        0.7827695645292848,
        0.7088721000863845,
        0.0,
        0.684228603933579,
        0.8857675092540223,
        0.10368265941794053,
        0.527964952013318,
        0.5503768893648096,
        0.9572740776987648,
        0.7917726830536989,
        0.8743983852274829,
        0.9003885416218383,
        0.7867474310720486,
        0.7849393574938985,
        0.899215460034932,
        0.9594257476945891,
        0.42098310128982075,
        0.8427621809902682,
        0.9647703384609294,
        0.6745413794625659,
        0.594463519693221,
        1.3206737567042683
      ],
      [
        0.28365172937138516,
        0.7759389974170711,
        0.6185985686854685,
        0.7298323950249085,
        0.2870537327781696,
        0.17109293037907317,
        0.6324917915777841,
        0.8852146851886015,
        0.42666689502973953,
        0.6369938250014752,
        0.48754124742212945,
        0.6810190371927864,
        0.7984915671058299,
        0.754899514183989,
        0.24039949403355798,
        0.9511923381124533,
        0.35341661595736945,
        0.34139411270676645,
        0.09854096059570583,
        0.33539689826954616,
        0.684228603933579,
        0.0,
        0.6916487453011643,
        0.7879112633515195,
        0.7542649217292742,
        0.7386803428979581,
        0.4459527413643101,
        0.9951108970526529,
        0.9373184859026871,
        0.7695682572179846,
        0.22553504785090228,
        0.2922038987343384,
        0.48817506535683286,
        0.6862884250566961,
        0.8480190736307489,
        0.9865219477639284,
        0.8413741125513782,
        0.26335498163885995,
        0.6745386552273487,
        0.7669518070610936
      ],
      [
        0.4472185373375648,
        0.08429025211590681,
        0.7821653766516481,
        0.881444280517401,
        0.5041006993654069,
        0.5443389253605921,
        0.923582141738651,
        0.4807626335589293,
        0.29102977405192165,
        0.09502977980167336,
        0.2377825294473087,
        0.38908251253257786,
        0.5110961987494441,
        0.4789674150104046,
        0.4919959697734993,
        0.48004205670441713,
        0.4492377339596177,
        0.5412726651895432,
        0.7156347779377557,
        0.952490715611596,
        0.8857675092540223,
        0.6916487453011643,
        0.0,
        0.7820848498360817,
        0.47334061876651357,
        0.4547564944519728,
        0.5570035308191608,
        0.3305151559455106,
        0.24566974060152275,
        0.0779195119168203,
        0.5309451332936612,
        0.8965549171673726,
        0.2366897964330949,
        0.12687519895722849,
        0.5630851961576905,
        0.3157360362175096,
        0.16693730279436947,
        0.46260167024137827,
        0.39430975428497683,
        0.6693869772496097
      ],
      [
        0.6905620466426744,
        0.8663751019519885,
        0.46525418641222255,
        0.09935943068131925,
        0.5553462306761804,
        0.6446739909596366,
        0.3144007687894438,
        0.6971601295264683,
        0.7702834518139385,
        0.8771146296377551,
        0.8311578042063285,
        0.7042832397337286,
        0.6365768215230849,
        1.110619791608738,
        0.596119771458307,
        0.7309890835851262,
        0.781366837568521,
        0.5561157555767404,
        0.8160105700941234,
        0.6054821208139115,
        0.10368265941794053,
        0.7879112633515195,
        0.7820848498360817,
        0.0,
        0.6316476114312585,
        0.6540595487827501,
        0.8876671266522435,
        0.8503207398498719,
        0.9322530224838749,
        0.8600043617529021,
        0.705573370768362,
        0.6821954953907051,
        0.8227571336084925,
        0.9089600487933103,
        0.5246657607077613,
        0.9020093362112253,
        0.9490221526304512,
        0.598711555528651,
        0.6981461791111615,
        1.2416518324514827
      ],
      [
        0.5396273106971418,
        0.5340465099959754,
        0.5320427965924484,
        0.5735687431046474,
        0.5343787539919207,
        0.583171991350201,
        0.5792729232551332,
        0.23043549257512178,
        0.3671934284631311,
        0.3783108389648402,
        0.31614567429413987,
        0.08447926552317679,
        0.05102735842544274,
        0.7464278806023722,
        0.5203285030587944,
        0.2925391961734741,
        0.5830438812232881,
        0.5695809350385792,
        0.7480237847577206,
        0.7661669825933448,
        0.527964952013318,
        0.7542649217292742,
        0.47334061876651357,
        0.6316476114312585,
        0.0,
        0.02245653952244258,
        0.638123609659968,
        0.3645505078864259,
        0.4655283855325283,
        0.5132941402433262,
        0.613305318873701,
        0.8529628092463829,
        0.39104070300679294,
        0.4529925313002312,
        0.10698185072349715,
        0.41084024841656014,
        0.5869504471988337,
        0.4909099400904143,
        0.07972626650192553,
        0.9374190668992919
      ],
      [
        0.5230041858202793,
        0.5154623856814345,
        0.5183610553415444,
        0.5959806804561392,
        0.5187941751606047,
        0.567587412518885,
        0.5737190870719029,
        0.23749730491965204,
        0.3505703035862686,
        0.35972671465029943,
        0.2995225494172774,
        0.06785614064631433,
        0.059871613407929715,
        0.7249904828174315,
        0.5047439242274784,
        0.3024335298788574,
        0.5664207563464256,
        0.5539963562072632,
        0.7324392059264045,
        0.7750112375758318,
        0.5503768893648096,
        0.7386803428979581,
        0.4547564944519728,
        0.6540595487827501,
        0.02245653952244258,
        0.0,
        0.6156670701375254,
        0.3656462410221647,
        0.46811182517990507,
        0.4947100159287855,
        0.597720740042385,
        0.8618070642288699,
        0.3690018556893224,
        0.4352471670408883,
        0.12939378807498886,
        0.4175732266627473,
        0.5683663228842929,
        0.4753253612590982,
        0.06414168767060949,
        0.9159816691143512
      ],
      [
        0.19998802938880406,
        0.6185469184250382,
        0.5349348687028873,
        0.9207115533726513,
        0.3364272064093287,
        0.2854419411200137,
        0.7474706031982619,
        0.7852882741864396,
        0.32361624961970004,
        0.4649997164573381,
        0.3780904223558931,
        0.6063304125596544,
        0.6755386835454551,
        0.818511767703924,
        0.304011747553493,
        0.8583163358933454,
        0.10776579685954303,
        0.3330708681662918,
        0.40151621314114483,
        0.6344364458897881,
        0.9572740776987648,
        0.4459527413643101,
        0.5570035308191608,
        0.8876671266522435,
        0.638123609659968,
        0.6156670701375254,
        0.0,
        0.7372177373503889,
        0.7799264069106541,
        0.5951337193378077,
        0.22230309536675044,
        0.5941858921891437,
        0.32328075421310626,
        0.4912574245397991,
        0.7450608582125142,
        0.7891447229909715,
        0.6490347800323526,
        0.29335648315002094,
        0.6128107945250921,
        0.7771676055486711
      ],
      [
        0.7631397841939161,
        0.2462249038296038,
        0.8587744373042376,
        0.7509613091685526,
        0.7517591174799028,
        0.8240179666735797,
        0.9368046600570762,
        0.15316061032340353,
        0.6052048299988013,
        0.40196057486073894,
        0.5541570758298102,
        0.3224906670588471,
        0.41442268192233966,
        0.7367847991532233,
        0.761174478382173,
        0.1495269007589065,
        0.757006025395099,
        0.8104269103619579,
        0.9888697600810993,
        1.1295623060902418,
        0.7917726830536989,
        0.9951108970526529,
        0.3305151559455106,
        0.8503207398498719,
        0.3645505078864259,
        0.3656462410221647,
        0.7372177373503889,
        0.0,
        0.10246558415774039,
        0.27276354198002656,
        0.8464223861665328,
        1.1762339584803603,
        0.5502738680476782,
        0.3881360277005984,
        0.37085506732487283,
        0.05192698564058265,
        0.30409496583685947,
        0.7317559154137929,
        0.3205722418253042,
        0.9229975987139589
      ],
      [
        0.6800106207986167,
        0.16137948848561595,
        0.9612400214619781,
        0.8328935918025556,
        0.7345939760257029,
        0.7813352524887969,
        1.0392702442148165,
        0.23509289295740654,
        0.5313634161295959,
        0.31711515951675107,
        0.4807853968042034,
        0.4249562512165875,
        0.511727063765506,
        0.6509392252939613,
        0.7318737379965015,
        0.24853530781351774,
        0.672160610051111,
        0.7811315250952624,
        0.9525691305660804,
        1.1623382553030235,
        0.8743983852274829,
        0.9373184859026871,
        0.24566974060152275,
        0.9322530224838749,
        0.4655283855325283,
        0.46811182517990507,
        0.7799264069106541,
        0.10246558415774039,
        0.0,
        0.18789312880199074,
        0.7633242471060422,
        1.0755424286499853,
        0.4671830730933908,
        0.30262696697496894,
        0.45406661967071793,
        0.07176361818285286,
        0.20496011876345016,
        0.7024605301470974,
        0.42303782598304457,
        0.8354962867393101
      ],
      [
        0.4978745029234192,
        0.026538638150422754,
        0.8328213422375025,
        0.8547847505305088,
        0.5524794903105867,
        0.600722195525732,
        0.975341071014177,
        0.42298602175939726,
        0.3531675227067251,
        0.13498330127848607,
        0.3048484946926993,
        0.42903603400939055,
        0.5510497202262569,
        0.46445067535282414,
        0.5528690120046017,
        0.42229044273893307,
        0.4873679224782646,
        0.6021665865968588,
        0.7717407187172031,
        1.0085966563910433,
        0.9003885416218383,
        0.7695682572179846,
        0.0779195119168203,
        0.8600043617529021,
        0.5132941402433262,
        0.4947100159287855,
        0.5951337193378077,
        0.27276354198002656,
        0.18789312880199074,
        0.0,
        0.5809008893522927,
        0.9529381873325125,
        0.2850685873782747,
        0.11549240762625416,
        0.6030387176345031,
        0.25779217262360693,
        0.08901797435131446,
        0.5234955916486939,
        0.4342632757617895,
        0.6510848517720159
      ],
      [
        0.08373462903145454,
        0.6019447586204263,
        0.41868146834553777,
        0.7501935476303424,
        0.15971319376270196,
        0.06581506979565617,
        0.5278437318739043,
        0.723248522169239,
        0.2530739347368057,
        0.4462679029308173,
        0.31394539741260236,
        0.53578809767676,
        0.6575319642502567,
        0.6274165706111529,
        0.11291655046072177,
        0.795370997430692,
        0.12860058252785384,
        0.1975250750417728,
        0.20031683702204198,
        0.43717277469588234,
        0.7867474310720486,
        0.22553504785090228,
        0.5309451332936612,
        0.705573370768362,
        0.613305318873701,
        0.597720740042385,
        0.22230309536675044,
        0.8464223861665328,
        0.7633242471060422,
        0.5809008893522927,
        0.0,
        0.39177795425450557,
        0.29614851811885456,
        0.48718628084222326,
        0.7070594707751757,
        0.7944954005259501,
        0.6446201876628507,
        0.12239537878328674,
        0.5335790523717755,
        0.5548645101819207
      ],
      [
        0.46401661506017045,
        0.9721717558099612,
        0.6064986276038782,
        0.7664751931784849,
        0.4580423191352484,
        0.35221599180678037,
        0.3791962260514814,
        1.0566408262917477,
        0.6077899564574467,
        0.8181168864291823,
        0.6686643088498366,
        0.8621420986204937,
        0.8019354508209402,
        0.9360225756116962,
        0.4215225554612652,
        1.1296688879986534,
        0.5181347077263428,
        0.5225171741344736,
        0.19366293813863256,
        0.08679582665303813,
        0.7849393574938985,
        0.2922038987343384,
        0.8965549171673726,
        0.6821954953907051,
        0.8529628092463829,
        0.8618070642288699,
        0.5941858921891437,
        1.1762339584803603,
        1.0755424286499853,
        0.9529381873325125,
        0.39177795425450557,
        0.0,
        0.6692981267845401,
        0.8674114864844034,
        0.9084016989590842,
        1.1473060468328382,
        1.0224971739790853,
        0.4444780430665672,
        0.855661716655056,
        0.8814186405467016
      ],
      [
        0.21286591614623795,
        0.30580358460777485,
        0.5478127554603212,
        0.8612901300268075,
        0.26741090293231207,
        0.3170821349777597,
        0.6902724836359023,
        0.5063162136438809,
        0.09533990660060666,
        0.150196958557393,
        0.0970130888872443,
        0.31735325124120256,
        0.41345893028960234,
        0.5473148516116637,
        0.2751864034521484,
        0.5784386889053339,
        0.21551495735356324,
        0.3252271114205432,
        0.48741454161508996,
        0.7242704792889303,
        0.899215460034932,
        0.48817506535683286,
        0.2366897964330949,
        0.8227571336084925,
        0.39104070300679294,
        0.3690018556893224,
        0.32328075421310626,
        0.5502738680476782,
        0.4671830730933908,
        0.2850685873782747,
        0.29614851811885456,
        0.6692981267845401,
        0.0,
        0.20037570863692775,
        0.4952578409030457,
        0.49834688240709557,
        0.3533479596782533,
        0.24655611647237827,
        0.32376398172285964,
        0.7382821392432527
      ],
      [
        0.40651880605572294,
        0.1419111238709946,
        0.7414656453698062,
        0.9701572362510806,
        0.4661370077290357,
        0.5151954946776229,
        0.8889985884326259,
        0.5377198599323755,
        0.28581384348253375,
        0.07939741910168652,
        0.2522932022866894,
        0.36851335801610324,
        0.49259731819981634,
        0.3553463982402881,
        0.4755607350069526,
        0.5376629284595049,
        0.3834916276802561,
        0.5255782215849513,
        0.6837362166469999,
        0.9205921543208402,
        0.9594257476945891,
        0.6862884250566961,
        0.12687519895722849,
        0.9089600487933103,
        0.4529925313002312,
        0.4352471670408883,
        0.4912574245397991,
        0.3881360277005984,
        0.30262696697496894,
        0.11549240762625416,
        0.48718628084222326,
        0.8674114864844034,
        0.20037570863692775,
        0.0,
        0.5384426464047684,
        0.3713652402766796,
        0.1580730302387811,
        0.44690722663678634,
        0.3733987847340943,
        0.5447339807796531
      ],
      [
        0.6347655241999324,
        0.6154461081563338,
        0.6094122209884236,
        0.46658689238115025,
        0.6281329058933954,
        0.6769261432516758,
        0.6463964308959995,
        0.21897372671331136,
        0.4623316419659217,
        0.4680554163560171,
        0.40542151269724896,
        0.17961747902596742,
        0.1119110608153237,
        0.8471474265127197,
        0.6140826549602691,
        0.2597842949932627,
        0.675746138193599,
        0.6633350869400538,
        0.8417779366591953,
        0.8216058723060461,
        0.42098310128982075,
        0.8480190736307489,
        0.5630851961576905,
        0.5246657607077613,
        0.10698185072349715,
        0.12939378807498886,
        0.7450608582125142,
        0.37085506732487283,
        0.45406661967071793,
        0.6030387176345031,
        0.7070594707751757,
        0.9084016989590842,
        0.4952578409030457,
        0.5384426464047684,
        0.0,
        0.421779080598443,
        0.6590267384341681,
        0.584664091991889,
        0.17348041840340023,
        1.0338317352180515
      ],
      [
        0.7112127985533335,
        0.23144578410160283,
        0.9107014229448203,
        0.802649905529906,
        0.7657577853394076,
        0.8154290173848553,
