{
  "sol": {
    "z": 3.151045294372844,
    "tours": [
      [
        0,
        3
      ],
      [
        1,
        14,
        10,
        7,
        8,
        2,
        12,
        13,
        5,
        15,
        4,
        6
      ],
      [
        9
      ],
      [
        11
      ]
    ]
  },
  "params": {
    "gm": [
      [
        0.0,
        0.8249093217032245,
        0.5448864259595684,
        0.028935418304430745,
        0.8874937190768779,
        0.46123846364524457,
        0.939031266418438,
        0.767741289655843,
        0.6877816712198438,
        0.4947871288019137,
        1.020738598124462,
        0.6344707328584139,
        0.6471255118241436,
        0.7970829554428872,
        1.020525679996731,
        0.32889413484474844,
        0.6540316459139559,
        0.7542435982319681,
        1.0131847165235333,
        0.6901297956060486,
        0.6233366423900422,
        0.6500575147968298,
        0.7126541750580546,
        0.8497347503458549,
        1.0825792688496343,
        0.4172984393080198,
        0.5749670657341981,
        1.0624189154557755,
        0.8031925268049029,
        0.6398762594317462,
        0.6400327957502484,
        0.8367547252496008,
        0.39879007319211657,
        0.7673230630231891,
        0.5961135255889316,
        0.8554712966786338,
        0.3294954536647309,
        0.8923817859059104,
        0.33925599071523127,
        0.31845977053452823
      ],
      [
        0.8249093217032245,
        0.0,
        0.37259544244019666,
        0.853405151739595,
        0.23444361187088267,
        0.6786941732807329,
        0.3949142883328457,
        0.18913462933917322,
        0.2300458074421582,
        0.8997606117249245,
        0.2798067817034811,
        0.7643010014714675,
        0.5629175134819994,
        0.7109193395285681,
        0.19561635829350657,
        0.779988906299082,
        0.5180528617572038,
        0.3933532347755104,
        0.2339646858859195,
        0.7392544750551875,
        0.5257049135094155,
        0.561794148530988,
        0.9330594724494515,
        0.7779632489928019,
        0.5230838378144615,
        0.691464275500934,
        0.4017411158057719,
        0.23750959375255107,
        0.19682209536734135,
        0.4794206001813291,
        0.46460213733203237,
        0.20273990718421744,
        0.7378246993840286,
        0.4623494041431736,
        0.6186491477137294,
        0.13990406260629962,
        0.8978910396962348,
        0.4775528262643268,
        0.9622916098383587,
        1.0478447255681396
      ],
      [
        0.5448864259595684,
        0.37259544244019666,
        0.0,
        0.5733211716358293,
        0.3426072931173095,
        0.30923840573938055,
        0.4373653265955168,
        0.2228548636962746,
        0.14289524526027542,
        0.6915222388022755,
        0.4863463570198626,
        0.5776747781980038,
        0.24631437594896738,
        0.3696889458778707,
        0.5067119160526345,
        0.4083284302679398,
        0.3718129427330199,
        0.2093571722723997,
        0.4682982905639649,
        0.4102877618001843,
        0.20267033177139976,
        0.24690012062833785,
        0.5798919288357844,
        0.4131209799552993,
        0.6074376058830293,
        0.3198037994697918,
        0.030080639774629665,
        0.5575933199143561,
        0.25830610084533456,
        0.14524973380127934,
        0.09514636979068,
        0.29186829929003244,
        0.3661642233528864,
        0.257558682743028,
        0.5183569789987548,
        0.31058487071906543,
        0.5262305636650927,
        0.44593257242006884,
        0.5906311338072165,
        0.8633461964940966
      ],
      [
        0.028935418304430745,
        0.853405151739595,
        0.5733211716358293,
        0.0,
        0.9159284647531387,
        0.4820833799211817,
        0.9598761826943751,
        0.7961760353321039,
        0.7162164168961047,
        0.5030259775090773,
        1.0414728157723976,
        0.6201188105819158,
        0.6716555802732528,
        0.8210594081716825,
        1.0472191512447289,
        0.3496283524926838,
        0.6747658635618914,
        0.782678343908229,
        1.0416194621997943,
        0.7100289236036434,
        0.6487002581337782,
        0.6746181979884459,
        0.7208930237652182,
        0.8696338783434497,
        1.1029400687741755,
        0.43765923923256106,
        0.603401811410459,
        1.090914745492146,
        0.8316272724811639,
        0.6606104770796817,
        0.6684675414265093,
        0.8651894709258617,
        0.41698122260236625,
        0.7880572806711246,
        0.6168477432368669,
        0.8839060423548948,
        0.33773430237189445,
        0.8780298636294124,
        0.3421033257561219,
        0.3041078482580301
      ],
      [
        0.8874937190768779,
        0.23444361187088267,
        0.3426072931173095,
        0.9159284647531387,
        0.0,
        0.6043584113174721,
        0.18727560686719652,
        0.1394271832670711,
        0.25303138530480623,
        0.9227461895875726,
        0.5061921467529342,
        0.787084839647473,
        0.44690075689774517,
        0.5884705590598525,
        0.4198133182166475,
        0.6883435130084776,
        0.5405875252958378,
        0.40830942024667266,
        0.45822694370531725,
        0.6192012167034958,
        0.40325613304069985,
        0.4475655844954425,
        0.8119984026068787,
        0.673787499636344,
        0.2886837116297265,
        0.6314467874598197,
        0.3704651300090142,
        0.46978656060991675,
        0.09406770683139681,
        0.3773613884214798,
        0.4053292307560033,
        0.05834964385337954,
        0.677705753876849,
        0.47787798946936966,
        0.6733505653629895,
        0.3155359728108793,
        0.8378735516551206,
        0.6520998963341456,
        0.895960893322413,
        1.1030958019713588
      ],
      [
        0.46123846364524457,
        0.6786941732807329,
        0.30923840573938055,
        0.4820833799211817,
        0.6043584113174721,
        0.0,
        0.47779280277319347,
        0.5139597567154792,
        0.45057573008525137,
        0.41718811340058176,
        0.7940268418448385,
        0.669978968848691,
        0.22038784475823434,
        0.3537833659255022,
        0.8159503217920151,
        0.1324598827193939,
        0.41848909877368007,
        0.5185955780117802,
        0.7775366963033454,
        0.22998113403471415,
        0.2187308185666574,
        0.22361566476928627,
        0.44065972875459763,
        0.38958608877452044,
        0.6617755576167443,
        0.04546967406809806,
        0.2853108556397989,
        0.8593217157700977,
        0.5390900108963121,
        0.22792148230530304,
        0.21409203594870055,
        0.5663687058536416,
        0.08394673559739561,
        0.5428407905241934,
        0.3746885087198554,
        0.6182653555440414,
        0.2518964382633989,
        0.6820868148532798,
        0.3162970084055228,
        0.7749792163018561
      ],
      [
        0.939031266418438,
        0.3949142883328457,
        0.4373653265955168,
        0.9598761826943751,
        0.18727560686719652,
        0.47779280277319347,
        0.0,
        0.22326454051838995,
        0.2944700813352414,
        0.8949809161737752,
        0.6379211930948285,
        0.7910030416310198,
        0.5856474357638123,
        0.4961761514438102,
        0.5905306466263522,
        0.6102526854925874,
        0.5404919930387042,
        0.45369127570884515,
        0.6288789742187653,
        0.6930219029422542,
        0.5538498987390037,
        0.5839864397976481,
        0.8956398557026062,
        0.8203805651959011,
        0.18818395975256802,
        0.5232624768412916,
        0.4662234833157243,
        0.6312296917207941,
        0.19951908897247533,
        0.517706144233843,
        0.5255366704688722,
        0.19398499564325694,
        0.5617395383705891,
        0.5196830049382684,
        0.6870798896074412,
        0.4284444594616896,
        0.7296892410365924,
        0.6939659474260323,
        0.7940898111787162,
        1.1070140039549055
      ],
      [
        0.767741289655843,
        0.18913462933917322,
        0.2228548636962746,
        0.7961760353321039,
        0.1394271832670711,
        0.5139597567154792,
        0.22326454051838995,
        0.0,
        0.11387255450906598,
        0.7835873587918323,
        0.4573236662686532,
        0.6476640720244095,
        0.376485800343111,
        0.5243913796546872,
        0.3847509876326798,
        0.6106598026866996,
        0.40184068020228536,
        0.27029931826202885,
        0.4230993152250927,
        0.5522142162199865,
        0.34131221324245264,
        0.3751592879484059,
        0.7500442692628987,
        0.6024091168069401,
        0.3855492076332954,
        0.5423844911859776,
        0.25266133149081554,
        0.41625527643238747,
        0.04546910764339194,
        0.2996776780997018,
        0.3022721299504822,
        0.08120637200368984,
        0.5887449150690722,
        0.34002030464068334,
        0.5370195843976476,
        0.20611564019672834,
        0.7488112553812785,
        0.5135389449488313,
        0.8132118255234023,
        0.9636750343482952
      ],
      [
        0.6877816712198438,
        0.2300458074421582,
        0.14289524526027542,
        0.7162164168961047,
        0.25303138530480623,
        0.45057573008525137,
        0.2944700813352414,
        0.11387255450906598,
        0.0,
        0.6697148042827663,
        0.3434511117595872,
        0.5342551940293093,
        0.35915741921151184,
        0.4997024039315753,
        0.42566216573566473,
        0.5500011924737931,
        0.28800705431504553,
        0.16330742733335218,
        0.39286810118515814,
        0.5332826444379188,
        0.3175967920210135,
        0.3587854584057684,
        0.7153968590387583,
        0.5532872922030826,
        0.47491343964379873,
        0.4614765616756451,
        0.17175340198048292,
        0.41469807465408065,
        0.15897844582664836,
        0.2646165437127577,
        0.23648369413655082,
        0.19500428423544752,
        0.5078369855587397,
        0.23230359670101539,
        0.4246456348435578,
        0.16768962545879001,
        0.6679033258709459,
        0.3996663904397654,
        0.7323038960130698,
        0.850266156353195
      ],
      [
        0.4947871288019137,
        0.8997606117249245,
        0.6915222388022755,
        0.5030259775090773,
        0.9227461895875726,
        0.41718811340058176,
        0.8949809161737752,
        0.7835873587918323,
        0.6697148042827663,
        0.0,
        1.0117732902077654,
        0.6532392087764741,
        0.5937056855255198,
        0.6193836851768512,
        1.0327050894783665,
        0.3351142907263215,
        0.6362830065024921,
        0.7705561114924275,
        1.0294972297839926,
        0.4285456409760243,
        0.6266093158223197,
        0.5954931220059875,
        0.21786704625614087,
        0.39690155840593916,
        0.925322942206179,
        0.3717184393324837,
        0.6614415990276459,
        1.084412878936847,
        0.8286932501094146,
        0.6295741647356043,
        0.6312801493492823,
        0.8647190885182139,
        0.416781903623795,
        0.756920386701641,
        0.539136678934808,
        0.8374044297415564,
        0.16529167513718285,
        0.8834374303198991,
        0.18660688524504943,
        0.8053801382095083
      ],
      [
        1.020738598124462,
        0.2798067817034811,
        0.4863463570198626,
        1.0414728157723976,
        0.5061921467529342,
        0.7940268418448385,
        0.6379211930948285,
        0.4573236662686532,
        0.3434511117595872,
        1.0117732902077654,
        0.0,
        0.49980364650829395,
        0.702608530971099,
        0.8325787445910616,
        0.08637882853628666,
        0.6918444632797137,
        0.3770428446815498,
        0.3083581077171361,
        0.04941698942557093,
        0.876733756197506,
        0.6610479037806007,
        0.7022365701653557,
        1.0588479707983454,
        0.8967384039626698,
        0.790535007352034,
        0.7500622693871318,
        0.5152045137400701,
        0.1849841421837119,
        0.47662887707082247,
        0.608067655472345,
        0.579934805896138,
        0.4825466888876986,
        0.7585100318878432,
        0.2548618191747559,
        0.5047986625597475,
        0.41971084430978073,
        0.8464816150705826,
        0.20895237586452525,
        0.9006826211676429,
        0.7828721356822035
      ],
      [
        0.6344707328584139,
        0.7643010014714675,
        0.5776747781980038,
        0.6201188105819158,
        0.787084839647473,
        0.669978968848691,
        0.7910030416310198,
        0.6476640720244095,
        0.5342551940293093,
        0.6532392087764741,
        0.49980364650829395,
        0.0,
        0.8239891541469713,
        0.9473591325862014,
        0.5758814388795057,
        0.5766273811442184,
        0.2514898700750109,
        0.38529874183189033,
        0.537467813390836,
        0.8334691955261104,
        0.7803451099694036,
        0.8245748988263417,
        0.871106255032615,
        0.9907957581533031,
        0.9791870013835877,
        0.6245092947805929,
        0.6077554179726334,
        0.6842916049816343,
        0.6930361181080793,
        0.7229245119992831,
        0.6728211479886839,
        0.7288463426113142,
        0.648053905677695,
        0.3201160954549758,
        0.39807776664374783,
        0.7019448194880993,
        0.7224812014403201,
        0.3000815199169077,
        0.7753804327271157,
        0.3160109623238857
      ],
      [
        0.6471255118241436,
        0.5629175134819994,
        0.24631437594896738,
        0.6716555802732528,
        0.44690075689774517,
        0.22038784475823434,
        0.5856474357638123,
        0.376485800343111,
        0.35915741921151184,
        0.5937056855255198,
        0.702608530971099,
        0.8239891541469713,
        0.0,
        0.15186760870267318,
        0.7527792696156483,
        0.3355747616600476,
        0.6178802962960337,
        0.4554245258354135,
        0.7143656441269787,
        0.17644417925497097,
        0.04364462385704533,
        0.0032296577761470346,
        0.375838639269379,
        0.25068722233424473,
        0.4598598003939154,
        0.2622795641914027,
        0.2352523497589089,
        0.7723137507988568,
        0.38612834679133695,
        0.1010773398270898,
        0.17532802451668966,
        0.4041944161974959,
        0.3043267731693536,
        0.5038730586919954,
        0.5950763534780897,
        0.5267813522817422,
        0.46870632838670356,
        0.6922469483690362,
        0.5331068985288274,
        0.9655852823586718
      ],
      [
        0.7970829554428872,
        0.7109193395285681,
        0.3696889458778707,
        0.8210594081716825,
        0.5884705590598525,
        0.3537833659255022,
        0.4961761514438102,
        0.5243913796546872,
        0.4997024039315753,
        0.6193836851768512,
        0.8325787445910616,
        0.9473591325862014,
        0.15186760870267318,
        0.0,
        0.746199916054775,
        0.4789931222817173,
        0.7381178480981834,
        0.5756620776375632,
        0.7846135415434446,
        0.19688305397105807,
        0.18521442601915258,
        0.14923209170628127,
        0.4015166389207103,
        0.3392148885526746,
        0.3079921916912422,
        0.398622848412379,
        0.36671762909265954,
        0.8863722114697055,
        0.5336994425314541,
        0.23508586021881758,
        0.3179164810081157,
        0.551550217941108,
        0.4357045983208662,
        0.6272430371312256,
        0.7284718746453576,
        0.6662385510768731,
        0.6050496126076799,
        0.8155167743678495,
        0.6694501827498037,
        1.1155427259774156
      ],
      [
        1.020525679996731,
        0.19561635829350657,
        0.5067119160526345,
        1.0472191512447289,
        0.4198133182166475,
        0.8159503217920151,
        0.5905306466263522,
        0.3847509876326798,
        0.42566216573566473,
        1.0327050894783665,
        0.08637882853628666,
        0.5758814388795057,
        0.7527792696156483,
        0.746199916054775,
        0.0,
        0.697590798752045,
        0.4598105142408551,
        0.2973547437802349,
        0.0384136254886697,
        0.8879167600096983,
        0.7091416741851292,
        0.7534313185900514,
        1.0866038448884192,
        0.9198328960079338,
        0.7041561788157473,
        0.786115429550193,
        0.5367925558272643,
        0.14017229541493045,
        0.39243845366084795,
        0.6517019297885586,
        0.6018582858433146,
        0.398356265477724,
        0.7792584116495185,
        0.34124064771104257,
        0.5911774910960341,
        0.33552042089980616,
        0.8674134143411837,
        0.2819364679708202,
        0.9308034675618312,
        0.8522283672746329
      ],
      [
        0.32889413484474844,
        0.779988906299082,
        0.4083284302679398,
        0.3496283524926838,
        0.6883435130084776,
        0.1324598827193939,
        0.6102526854925874,
        0.6106598026866996,
        0.5500011924737931,
        0.3351142907263215,
        0.6918444632797137,
        0.5766273811442184,
        0.3355747616600476,
        0.4789931222817173,
        0.697590798752045,
        0.0,
        0.3251375110692075,
        0.4875932815298277,
        0.7360044242407147,
        0.361438861012852,
        0.3220171612351162,
        0.3387360579874532,
        0.5529813369824624,
        0.5210438157526582,
        0.7538054603397625,
        0.08852463079814799,
        0.37824779049331014,
        0.8377630941669755,
        0.6291691798483654,
        0.3109821245869978,
        0.3465519186680944,
        0.6535104203359932,
        0.08166761289747351,
        0.4384289281784407,
        0.2672193907441831,
        0.717690817932583,
        0.16982261558913866,
        0.585233351494638,
        0.2332126688097862,
        0.6437979103876333
      ],
      [
        0.6540316459139559,
        0.5180528617572038,
        0.3718129427330199,
        0.6747658635618914,
        0.5405875252958378,
        0.41848909877368007,
        0.5404919930387042,
        0.40184068020228536,
        0.28800705431504553,
        0.6362830065024921,
        0.3770428446815498,
        0.2514898700750109,
        0.6178802962960337,
        0.7381178480981834,
        0.4598105142408551,
        0.3251375110692075,
        0.0,
        0.16245577046062024,
        0.4213968887521854,
        0.5819793254510995,
        0.5742427008655145,
        0.6185323452704368,
        0.792657920170983,
        0.7415842801909058,
        0.7286692895584609,
        0.373019424705582,
        0.4018935825076496,
        0.5620269868652616,
        0.4467086932743505,
        0.5168029564689439,
        0.46695931252369993,
        0.4828402548500325,
        0.3965640356026841,
        0.1243516917505133,
        0.14658789656873697,
        0.45569667977383554,
        0.4709913313653093,
        0.2635998959125517,
        0.5238905626521048,
        0.5675008323988966
      ],
      [
        0.7542435982319681,
        0.3933532347755104,
        0.2093571722723997,
        0.782678343908229,
        0.40830942024667266,
        0.5185955780117802,
        0.45369127570884515,
        0.27029931826202885,
        0.16330742733335218,
        0.7705561114924275,
        0.3083581077171361,
        0.38529874183189033,
        0.4554245258354135,
        0.5756620776375632,
        0.2973547437802349,
        0.4875932815298277,
        0.16245577046062024,
        0.0,
        0.2589411182915652,
        0.619644934072584,
        0.41178693040489434,
        0.45607657480981656,
        0.7892491011081841,
        0.622478152227699,
        0.6370938176509382,
        0.5291609717421915,
        0.23943781204702935,
        0.4076173405528457,
        0.31549499071892856,
        0.35434718600832366,
        0.3045035420630797,
        0.35010446571157766,
        0.5590198060633044,
        0.06972562774782097,
        0.308999806726355,
        0.3309970527921422,
        0.6052644363552446,
        0.24379047608747284,
        0.6632327211220375,
        0.7010025681283647
      ],
      [
        1.0131847165235333,
        0.2339646858859195,
        0.4682982905639649,
        1.0416194621997943,
        0.45822694370531725,
        0.7775366963033454,
        0.6288789742187653,
        0.4230993152250927,
        0.39286810118515814,
        1.0294972297839926,
        0.04941698942557093,
        0.537467813390836,
        0.7143656441269787,
        0.7846135415434446,
        0.0384136254886697,
        0.7360044242407147,
        0.4213968887521854,
        0.2589411182915652,
        0.0,
        0.8495031345210287,
        0.6707280486964595,
        0.7150176931013817,
        1.0481902193997494,
        0.8814192705192642,
        0.742569804304417,
        0.7881020900337568,
        0.49837893033859454,
        0.1486762222612805,
        0.43078678125326086,
        0.6132883042998889,
        0.5634446603546449,
        0.436704593070137,
        0.8079270213134141,
        0.30427880860032686,
        0.5542156519853184,
        0.3738687484922191,
        0.8642055546468098,
        0.25330135493301864,
        0.9221738394136026,
        0.8263411352193846
      ],
      [
        0.6901297956060486,
        0.7392544750551875,
        0.4102877618001843,
        0.7100289236036434,
        0.6192012167034958,
        0.22998113403471415,
        0.6930219029422542,
        0.5522142162199865,
        0.5332826444379188,
        0.4285456409760243,
        0.876733756197506,
        0.8334691955261104,
        0.17644417925497097,
        0.19688305397105807,
        0.8879167600096983,
        0.361438861012852,
        0.5819793254510995,
        0.619644934072584,
        0.8495031345210287,
        0.0,
        0.215945083662796,
        0.1774804719615626,
        0.21067859471988348,
        0.1596049547398063,
        0.5048379431896861,
        0.27292028221279396,
        0.3930808525039947,
        0.947540531407146,
        0.559490268217611,
        0.26934537140404424,
        0.32400553550074884,
        0.5797985981963893,
        0.3139278696321098,
        0.6678464445432123,
        0.5955869088955097,
        0.700346525974612,
        0.4793470464080948,
        0.8455792213636513,
        0.5437476165502186,
        1.0048917722570836
      ],
      [
        0.6233366423900422,
        0.5257049135094155,
        0.20267033177139976,
        0.6487002581337782,
        0.40325613304069985,
        0.2187308185666574,
        0.5538498987390037,
        0.34131221324245264,
        0.3175967920210135,
        0.6266093158223197,
        0.6610479037806007,
        0.7803451099694036,
        0.04364462385704533,
        0.18521442601915258,
        0.7091416741851292,
        0.3220171612351162,
        0.5742427008655145,
        0.41178693040489434,
        0.6707280486964595,
        0.215945083662796,
        0.0,
        0.044309451454742646,
        0.4087422695661788,
        0.27055251594968505,
        0.49320661771039476,
        0.25671859204949327,
        0.19199877164323653,
        0.7316121681946404,
        0.35433080976652837,
        0.05744361499056151,
        0.13443748761652222,
        0.37490784328150095,
        0.3012776609009003,
        0.46022901451442777,
        0.5892365519792993,
        0.4849911570857192,
        0.46314535624479414,
        0.6486029041914686,
        0.527545926386918,
        0.9417964129245704
      ],
      [
        0.6500575147968298,
        0.561794148530988,
        0.24690012062833785,
        0.6746181979884459,
        0.4475655844954425,
        0.22361566476928627,
        0.5839864397976481,
        0.3751592879484059,
        0.3587854584057684,
        0.5954931220059875,
        0.7022365701653557,
        0.8245748988263417,
        0.0032296577761470346,
        0.14923209170628127,
        0.7534313185900514,
        0.3387360579874532,
        0.6185323452704368,
        0.45607657480981656,
        0.7150176931013817,
        0.1774804719615626,
        0.044309451454742646,
        0.0,
        0.3776260757498466,
        0.25341622038845396,
        0.45722428339752347,
        0.2655067245833493,
        0.23620293361097447,
        0.771717492111062,
        0.38446735082517275,
        0.1017307542603754,
        0.17684825762351128,
        0.4023181262348267,
        0.30755503462290246,
        0.5044588033713658,
        0.5983041734891417,
        0.5264394726381187,
        0.47193348877865016,
        0.6928326930484067,
        0.536334058920774,
        0.9685172853313581
      ],
      [
        0.7126541750580546,
        0.9330594724494515,
        0.5798919288357844,
        0.7208930237652182,
        0.8119984026068787,
        0.44065972875459763,
        0.8956398557026062,
        0.7500442692628987,
        0.7153968590387583,
        0.21786704625614087,
        1.0588479707983454,
        0.871106255032615,
        0.375838639269379,
        0.4015166389207103,
        1.0866038448884192,
        0.5529813369824624,
        0.792657920170983,
        0.7892491011081841,
        1.0481902193997494,
        0.21067859471988348,
        0.4087422695661788,
        0.3776260757498466,
        0.0,
        0.1790345121497983,
        0.7074558959500382,
        0.48359887693267745,
        0.5567153376375784,
        1.130094933692839,
        0.7618210741041193,
        0.4538307179903466,
        0.48565233727721063,
        0.7798753947740116,
        0.5246064643519932,
        0.8374506115788125,
        0.7570037251909488,
        0.8830864844975483,
        0.38315872139332374,
        1.0258245012558533,
        0.404019037146546,
        1.023247184465649
      ],
      [
        0.8497347503458549,
        0.7779632489928019,
        0.4131209799552993,
        0.8696338783434497,
        0.673787499636344,
        0.38958608877452044,
        0.8203805651959011,
        0.6024091168069401,
        0.5532872922030826,
        0.39690155840593916,
        0.8967384039626698,
        0.9907957581533031,
        0.25068722233424473,
        0.3392148885526746,
        0.9198328960079338,
        0.5210438157526582,
        0.7415842801909058,
        0.622478152227699,
        0.8814192705192642,
        0.1596049547398063,
        0.27055251594968505,
        0.25341622038845396,
        0.1790345121497983,
        0.0,
        0.6472070802439168,
        0.43252523695260026,
        0.3891962687439262,
        0.963207128874225,
        0.6208614762234258,
        0.3030499913550662,
        0.3179774490528278,
        0.6437535050757781,
        0.4735328243719161,
        0.6706796626983274,
        0.755191863635316,
        0.7209769176618726,
        0.562193233543122,
        0.8590535523753682,
        0.5830535492963443,
        1.16449672699689
      ],
      [
        1.0825792688496343,
        0.5230838378144615,
        0.6074376058830293,
        1.1029400687741755,
        0.2886837116297265,
        0.6617755576167443,
        0.18818395975256802,
        0.3855492076332954,
        0.47491343964379873,
        0.925322942206179,
        0.790535007352034,
        0.9791870013835877,
        0.4598598003939154,
        0.3079921916912422,
        0.7041561788157473,
        0.7538054603397625,
        0.7286692895584609,
        0.6370938176509382,
        0.742569804304417,
        0.5048379431896861,
        0.49320661771039476,
        0.45722428339752347,
        0.7074558959500382,
        0.6472070802439168,
        0.0,
        0.6652808295416145,
        0.6365926650837762,
        0.7580252581035556,
        0.3491315050376948,
        0.5430780519100598,
        0.6259086726993579,
        0.3275937887128218,
        0.7116412534247091,
        0.7044661349542168,
        0.8752571861271978,
        0.5891397861087103,
        0.8717075937369153,
        0.8745798300835641,
        0.9361081638790392,
        1.2951979637074733
      ],
      [
        0.4172984393080198,
        0.691464275500934,
        0.3198037994697918,
        0.43765923923256106,
        0.6314467874598197,
        0.04546967406809806,
        0.5232624768412916,
        0.5423844911859776,
        0.4614765616756451,
        0.3717184393324837,
        0.7500622693871318,
        0.6245092947805929,
        0.2622795641914027,
        0.398622848412379,
        0.786115429550193,
        0.08852463079814799,
        0.373019424705582,
        0.5291609717421915,
        0.7881020900337568,
        0.27292028221279396,
        0.25671859204949327,
        0.2655067245833493,
        0.48359887693267745,
        0.43252523695260026,
        0.6652808295416145,
        0.0,
        0.28972315969516216,
        0.863734019825461,
        0.5619062760312417,
        0.2589204840292051,
        0.2595617100167986,
        0.5907567892741845,
        0.04636042388309458,
        0.49737111645609533,
        0.3419503794433465,
        0.6291661871344351,
        0.20642676419530084,
        0.6366171407851817,
        0.2708273343374247,
        0.732245709820536
      ],
      [
        0.5749670657341981,
        0.4017411158057719,
        0.030080639774629665,
        0.603401811410459,
        0.3704651300090142,
        0.2853108556397989,
        0.4662234833157243,
        0.25266133149081554,
        0.17175340198048292,
        0.6614415990276459,
        0.5152045137400701,
        0.6077554179726334,
        0.2352523497589089,
        0.36671762909265954,
        0.5367925558272643,
        0.37824779049331014,
        0.4018935825076496,
        0.23943781204702935,
        0.49837893033859454,
        0.3930808525039947,
        0.19199877164323653,
        0.23620293361097447,
        0.5567153376375784,
        0.3891962687439262,
        0.6365926650837762,
        0.28972315969516216,
        0.0,
        0.5740108601302989,
        0.2874611600460814,
        0.1351309647558659,
        0.07121881969109836,
        0.32063026534183786,
        0.33608358357825674,
        0.28763932251765767,
        0.5484376187733844,
        0.3394430274392729,
        0.496149923890463,
        0.4760132121946985,
        0.5605504940325868,
        0.8934268362687263
      ],
      [
        1.0624189154557755,
        0.23750959375255107,
        0.5575933199143561,
        1.090914745492146,
        0.46978656060991675,
        0.8593217157700977,
        0.6312296917207941,
        0.41625527643238747,
        0.41469807465408065,
        1.084412878936847,
        0.1849841421837119,
        0.6842916049816343,
        0.7723137507988568,
        0.8863722114697055,
        0.14017229541493045,
        0.8377630941669755,
        0.5620269868652616,
        0.4076173405528457,
        0.1486762222612805,
        0.947540531407146,
        0.7316121681946404,
        0.771717492111062,
        1.130094933692839,
        0.963207128874225,
        0.7580252581035556,
        0.863734019825461,
        0.5740108601302989,
        0.0,
        0.4319065246018293,
        0.6793056480846125,
        0.6452296798213972,
        0.44018833837410765,
        0.9100944437085556,
        0.4398459613584678,
        0.6897828047434593,
        0.3774136563588507,
        1.007585709756114,
        0.39292963581606477,
        1.070850061674883,
        0.966405529405722
      ],
      [
        0.8031925268049029,
        0.19682209536734135,
        0.25830610084533456,
        0.8316272724811639,
        0.09406770683139681,
        0.5390900108963121,
        0.19951908897247533,
        0.04546910764339194,
        0.15897844582664836,
        0.8286932501094146,
        0.47662887707082247,
        0.6930361181080793,
        0.38612834679133695,
        0.5336994425314541,
        0.39243845366084795,
        0.6291691798483654,
        0.4467086932743505,
        0.31549499071892856,
        0.43078678125326086,
        0.559490268217611,
        0.35433080976652837,
        0.38446735082517275,
        0.7618210741041193,
        0.6208614762234258,
        0.3491315050376948,
        0.5619062760312417,
        0.2874611600460814,
        0.4319065246018293,
        0.0,
        0.31818705526136765,
        0.3311166024755064,
        0.03618528768949142,
        0.6076125898635418,
        0.38519493661319254,
        0.5806892101161886,
        0.24002763807523822,
        0.7683330402265425,
        0.5586448362664137,
        0.8327336103686663,
        1.009047080431965
      ],
      [
        0.6398762594317462,
        0.4794206001813291,
        0.14524973380127934,
        0.6606104770796817,
        0.3773613884214798,
        0.22792148230530304,
        0.517706144233843,
        0.2996776780997018,
        0.2646165437127577,
        0.6295741647356043,
        0.608067655472345,
        0.7229245119992831,
        0.1010773398270898,
        0.23508586021881758,
        0.6517019297885586,
        0.3109821245869978,
        0.5168029564689439,
        0.35434718600832366,
        0.6132883042998889,
        0.26934537140404424,
        0.05744361499056151,
        0.1017307542603754,
        0.4538307179903466,
        0.3030499913550662,
        0.5430780519100598,
        0.2589204840292051,
        0.1351309647558659,
        0.6793056480846125,
        0.31818705526136765,
        0.0,
        0.08386163026795518,
        0.34252829574899535,
        0.3051535425531817,
        0.4028084165443073,
        0.5782015153311809,
        0.4311526908580556,
        0.46428248959842144,
        0.5911823062213482,
        0.5280484356197532,
        0.9547800349746312
      ],
      [
        0.6400327957502484,
        0.46460213733203237,
        0.09514636979068,
        0.6684675414265093,
        0.4053292307560033,
        0.21409203594870055,
        0.5255366704688722,
        0.3022721299504822,
        0.23648369413655082,
        0.6312801493492823,
        0.579934805896138,
        0.6728211479886839,
        0.17532802451668966,
        0.3179164810081157,
        0.6018582858433146,
        0.3465519186680944,
        0.46695931252369993,
        0.3045035420630797,
        0.5634446603546449,
        0.32400553550074884,
        0.13443748761652222,
        0.17684825762351128,
        0.48565233727721063,
        0.3179774490528278,
        0.6259086726993579,
        0.2595617100167986,
        0.07121881969109836,
        0.6452296798213972,
        0.3311166024755064,
        0.08386163026795518,
        0.0,
        0.3612121470265021,
        0.29803877154609615,
        0.352705052533708,
        0.5887805446685559,
        0.40417331959534086,
        0.46598847421209943,
        0.5410789422107488,
        0.5303890443542233,
        0.9584925662847766
      ],
      [
        0.8367547252496008,
        0.20273990718421744,
        0.29186829929003244,
        0.8651894709258617,
        0.05834964385337954,
        0.5663687058536416,
        0.19398499564325694,
        0.08120637200368984,
        0.19500428423544752,
        0.8647190885182139,
        0.4825466888876986,
        0.7288463426113142,
        0.4041944161974959,
        0.551550217941108,
        0.398356265477724,
        0.6535104203359932,
        0.4828402548500325,
        0.35010446571157766,
        0.436704593070137,
        0.5797985981963893,
        0.37490784328150095,
        0.4023181262348267,
        0.7798753947740116,
        0.6437535050757781,
        0.3275937887128218,
        0.5907567892741845,
        0.32063026534183786,
        0.44018833837410765,
        0.03618528768949142,
        0.34252829574899535,
        0.3612121470265021,
        0.0,
        0.6367140609927334,
        0.41971917438944956,
        0.6168128369155017,
        0.2646971657162305,
        0.7971835534694853,
        0.5938949417990504,
        0.8615841236116092,
        1.0448573049352
      ],
      [
        0.39879007319211657,
        0.7378246993840286,
        0.3661642233528864,
        0.41698122260236625,
        0.677705753876849,
        0.08394673559739561,
        0.5617395383705891,
        0.5887449150690722,
        0.5078369855587397,
        0.416781903623795,
        0.7585100318878432,
        0.648053905677695,
        0.3043267731693536,
        0.4357045983208662,
        0.7792584116495185,
        0.08166761289747351,
        0.3965640356026841,
        0.5590198060633044,
        0.8079270213134141,
        0.3139278696321098,
        0.3012776609009003,
        0.30755503462290246,
        0.5246064643519932,
        0.4735328243719161,
        0.7116412534247091,
        0.04636042388309458,
        0.33608358357825674,
        0.9100944437085556,
        0.6076125898635418,
        0.3051535425531817,
        0.29803877154609615,
        0.6367140609927334,
        0.0,
        0.5036482127130872,
        0.34855426096947,
        0.6437632622108083,
        0.2514902284866122,
        0.659220154744838,
        0.3148802817072597,
        0.7164833512641968
      ],
      [
        0.7673230630231891,
        0.4623494041431736,
        0.257558682743028,
        0.7880572806711246,
        0.47787798946936966,
        0.5428407905241934,
        0.5196830049382684,
        0.34002030464068334,
        0.23230359670101539,
        0.756920386701641,
        0.2548618191747559,
        0.3201160954549758,
        0.5038730586919954,
        0.6272430371312256,
        0.34124064771104257,
        0.4384289281784407,
        0.1243516917505133,
        0.06972562774782097,
        0.30427880860032686,
        0.6678464445432123,
        0.46022901451442777,
        0.5044588033713658,
        0.8374506115788125,
        0.6706796626983274,
        0.7044661349542168,
        0.49737111645609533,
        0.28763932251765767,
        0.4398459613584678,
        0.38519493661319254,
        0.4028084165443073,
        0.352705052533708,
        0.41971917438944956,
        0.5036482127130872,
        0.0,
        0.26423111557289825,
        0.3999932221598054,
        0.5916287115644581,
        0.18855553449061205,
        0.6462103327570904,
        0.6347839663857316
      ],
      [
        0.5961135255889316,
        0.6186491477137294,
        0.5183569789987548,
        0.6168477432368669,
        0.6733505653629895,
        0.3746885087198554,
        0.6870798896074412,
        0.5370195843976476,
        0.4246456348435578,
        0.539136678934808,
        0.5047986625597475,
        0.39807776664374783,
        0.5950763534780897,
        0.7284718746453576,
        0.5911774910960341,
        0.2672193907441831,
        0.14658789656873697,
        0.308999806726355,
        0.5542156519853184,
        0.5955869088955097,
        0.5892365519792993,
        0.5983041734891417,
        0.7570037251909488,
        0.755191863635316,
        0.8752571861271978,
        0.3419503794433465,
        0.5484376187733844,
        0.6897828047434593,
        0.5806892101161886,
        0.5782015153311809,
        0.5887805446685559,
        0.6168128369155017,
        0.34855426096947,
        0.26423111557289825,
        0.0,
        0.47874508510742975,
        0.3738450037976251,
        0.3485375152714492,
        0.41661145128867677,
        0.7140887289676335
      ],
      [
        0.8554712966786338,
        0.13990406260629962,
        0.31058487071906543,
        0.8839060423548948,
        0.3155359728108793,
        0.6182653555440414,
        0.4284444594616896,
