{
  "sol": {
    "z": 2.361310819386235,
    "tours": [
      [
        0,
        11,
        12,
        1,
        3,
        15,
        10,
        7,
        13,
        14
      ],
      [
        9,
        5,
        4
      ],
      [
        2,
        6
      ],
      [
        8
      ]
    ]
  },
  "params": {
    "gm": [
      [
        0.0,
        0.24117293591812394,
        0.37628298538227567,
        0.27143498973615826,
        0.10411021708087273,
        0.6906135335756185,
        0.4287487933299884,
        0.6345062570559415,
        0.7889346024197481,
        0.8674778310865429,
        0.5419093545563965,
        0.06115215995529446,
        0.14614958910779463,
        0.6180613720456883,
        0.7708918486403031,
        0.47288560479332875,
        0.5262438946911835,
        0.5082438359722768,
        0.8593191279428243,
        0.10121770526222008,
        0.640867942132729,
        0.3270324412410154,
        0.44195838150613,
        0.8090290376612306,
        0.7080113394921694,
        0.8054767789348712,
        0.7791982772722226,
        0.20146019916950586,
        0.551768802822935,
        0.7145475738433928,
        0.5725281415760314,
        0.8409038872240528,
        0.41140503702913106,
        0.6488568545953279,
        0.6113050696149718,
        0.3142912948011783,
        0.5840250001800639,
        0.3652317399177116,
        0.3187672956872187,
        0.5856216489613902
      ],
      [
        0.24117293591812394,
        0.0,
        0.6174559213003996,
        0.4664144558129539,
        0.2832526921653983,
        0.7024947049695002,
        0.6699217292481123,
        0.6463874284498232,
        0.9996187664284377,
        0.8976469086783527,
        0.735444542634287,
        0.2546873480331849,
        0.1779602046573556,
        0.6628323134600764,
        0.8156627900546912,
        0.6601358806373074,
        0.5694394725911419,
        0.7381431950215493,
        0.8920809181185505,
        0.21010386829751207,
        0.765268583848805,
        0.40955821503426443,
        0.6637315903425005,
        0.9825845405282758,
        0.6871228832090855,
        0.8267871957522254,
        0.773301338316465,
        0.10145018944674508,
        0.7467482688997306,
        0.7230948210548545,
        0.687477980501763,
        0.8799352224037379,
        0.19061330303513258,
        0.7967182631746306,
        0.8524780055330957,
        0.5387104059631279,
        0.5738112554705042,
        0.15585519492941524,
        0.5336645657623396,
        0.3468414896848288
      ],
      [
        0.37628298538227567,
        0.6174559213003996,
        0.0,
        0.44621274455260784,
        0.4803932024631484,
        0.48274502418423665,
        0.05246580794771273,
        0.42663774766455964,
        0.9794564489961056,
        0.577615559425477,
        0.5157803995223995,
        0.4374351453375701,
        0.5224325744900703,
        0.42716532530345763,
        0.5799958018980724,
        0.6479044834899899,
        0.22245959018599362,
        0.7427194443124507,
        0.5715285705261265,
        0.47750069064449574,
        0.5956095083978271,
        0.3474580118959211,
        0.06567539612385428,
        0.7798168929953886,
        0.5001428301007875,
        0.6145807321926405,
        0.5713297678808407,
        0.5777431845517815,
        0.49287035687211794,
        0.5301448875650329,
        0.1962451561937557,
        0.5578888653283103,
        0.6401843758790686,
        0.6160344021548951,
        0.8734630860837185,
        0.5593132608826028,
        0.25532173450678536,
        0.6235109427186447,
        0.6950502810694943,
        0.38256549678152596
      ],
      [
        0.27143498973615826,
        0.4664144558129539,
        0.44621274455260784,
        0.0,
        0.3433498521669823,
        0.49730866057455403,
        0.49867855250032056,
        0.4750454503360785,
        0.5332437044434978,
        0.8048615956487047,
        0.29820962057517386,
        0.22419686574829714,
        0.2936806318823353,
        0.49131624463461165,
        0.6441467212292264,
        0.20169173893738207,
        0.6666524619180327,
        0.29650669975984284,
        0.7954356935280127,
        0.25642320189886714,
        0.39257108638047783,
        0.48223793787766245,
        0.5118881406764622,
        0.5653293036800078,
        0.5025748310508575,
        0.6291083865742992,
        0.58020562524989,
        0.3810628967339401,
        0.2803338130867767,
        0.47055092874060045,
        0.6424579007463636,
        0.7742875337840807,
        0.6570277588480864,
        0.3888069939011837,
        0.42725034153111074,
        0.11310051632999502,
        0.7015344790593931,
        0.6222696507423691,
        0.5902022854233769,
        0.7786645770674585
      ],
      [
        0.10411021708087273,
        0.2832526921653983,
        0.4803932024631484,
        0.3433498521669823,
        0.0,
        0.7463060819901217,
        0.49952491364999857,
        0.7363925502690924,
        0.8765935566104801,
        0.971578894095304,
        0.6415594727421561,
        0.16321964550985746,
        0.2420691637681147,
        0.7199476652588392,
        0.872778141853454,
        0.5388811428351862,
        0.6289314610582946,
        0.6123540530531496,
        0.9634259397978673,
        0.203103998475371,
        0.7359209385474601,
        0.4289187344541663,
        0.5460685985870027,
        0.90867915584699,
        0.7637038879066727,
        0.8880127769761086,
        0.8348908256867258,
        0.27728525292644696,
        0.623683665253759,
        0.793705945370918,
        0.6605356089482302,
        0.9450134809463815,
        0.47386599520053085,
        0.732156846068166,
        0.7154152866958445,
        0.418401511882051,
        0.6857127300809456,
        0.4285336316034625,
        0.25045019440085914,
        0.6274879789231875
      ],
      [
        0.6906135335756185,
        0.7024947049695002,
        0.48274502418423665,
        0.49730866057455403,
        0.7463060819901217,
        0.0,
        0.4349697597309667,
        0.056107276519677,
        0.6814649489744733,
        0.35046268389930324,
        0.21707389898755444,
        0.6519632068617983,
        0.5530859997038392,
        0.07255216152993021,
        0.17629162528055503,
        0.41325004482836725,
        0.30350088597285013,
        0.6384145880218594,
        0.3422976361172059,
        0.5893958283133984,
        0.2101508144976058,
        0.5658611833121464,
        0.5378049794933822,
        0.42583784158779364,
        0.017397805916550924,
        0.14170669498598693,
        0.08858474369660407,
        0.6010445155227551,
        0.21697484748777732,
        0.04739986338079624,
        0.44390905669087644,
        0.32465850095055354,
        0.8325564432869814,
        0.24155205525085388,
        0.5009869079691872,
        0.5667317892279339,
        0.368427085634473,
        0.7863831461755619,
        0.9967562763909809,
        0.8527989195153761
      ],
      [
        0.4287487933299884,
        0.6699217292481123,
        0.05246580794771273,
        0.49867855250032056,
        0.49952491364999857,
        0.4349697597309667,
        0.0,
        0.3788624832112897,
        1.0018581650606115,
        0.5264257912345556,
        0.48014713330435693,
        0.4899009532852828,
        0.5299554762055684,
        0.3785433664151682,
        0.531373843009783,
        0.654371841867494,
        0.17010732515179056,
        0.7951852522601635,
        0.5201934644509782,
        0.5208069399270037,
        0.555814460143178,
        0.2949922039482084,
        0.10339054223365313,
        0.7462310576739318,
        0.4523675656475176,
        0.5659587733043511,
        0.5235545034275708,
        0.6050525234843407,
        0.45794336848557005,
        0.4823696231117629,
        0.16101069529823162,
        0.5062538847886044,
        0.6697808345931718,
        0.5776300179075893,
        0.8370648706259226,
        0.6117790688303155,
        0.2056514769406635,
        0.6236075374817523,
        0.747516089017207,
        0.42018717501362157
      ],
      [
        0.6345062570559415,
        0.6463874284498232,
        0.42663774766455964,
        0.4750454503360785,
        0.7363925502690924,
        0.056107276519677,
        0.3788624832112897,
        0.0,
        0.6926629598074014,
        0.3715625975565786,
        0.2009249264260598,
        0.5958559303421214,
        0.4969787231841622,
        0.016444885010253207,
        0.16927536160486795,
        0.3892501339234608,
        0.24739360945317312,
        0.6129460643279241,
        0.3627221964134184,
        0.5332885517937215,
        0.22009454583936247,
        0.5653027546609188,
        0.4816977029737053,
        0.4370358524207218,
        0.07350508243622793,
        0.19781397150566393,
        0.14469202021628108,
        0.5449372390030781,
        0.19471163724930182,
        0.10350713990047325,
        0.3878017801711994,
        0.343282275534232,
        0.7764491667673044,
        0.25016956212311847,
        0.5096044148414518,
        0.5444685789894584,
        0.31231980911479595,
        0.7302758696558849,
        0.9532735527431602,
        0.7966916429956992
      ],
      [
        0.7889346024197481,
        0.9996187664284377,
        0.9794564489961056,
        0.5332437044434978,
        0.8765935566104801,
        0.6814649489744733,
        1.0018581650606115,
        0.6926629598074014,
        0.0,
        0.9591883581876511,
        0.5227467904915136,
        0.7520421350937188,
        0.826016186032373,
        0.7091078448176547,
        0.7627399635765928,
        0.5346912681857184,
        0.9219430850802408,
        0.309502680169537,
        0.9538617546295631,
        0.789543960242343,
        0.4729430640661505,
        0.8286534328806912,
        1.0451318451199598,
        0.25562710738667965,
        0.6767932527188308,
        0.7532708134983441,
        0.7287489701369017,
        0.9129037721381674,
        0.5441174537849635,
        0.635242823692754,
        1.0615650809780708,
        0.9362226194629107,
        1.0964527069318597,
        0.4424944927070143,
        0.5335650641656818,
        0.4763721349321743,
        0.9684389222811374,
        1.1426260040432792,
        0.7359400018810228,
        1.3110001312174961
      ],
      [
        0.8674778310865429,
        0.8976469086783527,
        0.577615559425477,
        0.8048615956487047,
        0.971578894095304,
        0.35046268389930324,
        0.5264257912345556,
        0.3715625975565786,
        0.9591883581876511,
        0.0,
        0.5255609595574228,
        0.8100857549689082,
        0.7430786284987175,
        0.3551177125463254,
        0.2022872359517107,
        0.7209562559438519,
        0.35937315996895414,
        0.9457085994025616,
        0.009427148610091663,
        0.7707294155021426,
        0.5064833660661964,
        0.6772823051766999,
        0.6028764425139576,
        0.7084947875628179,
        0.36772944005211994,
        0.20875598891331634,
        0.26224184634907677,
        0.8305941064447766,
        0.524527782561928,
        0.36731583319098576,
        0.4187542081431885,
        0.030574061864624053,
        0.787965010860357,
        0.5370899089706899,
        0.7965247616890232,
        0.8742847243020846,
        0.32383565320784863,
        0.7417917137489375,
        1.1862451267737615,
        0.8655403402334791
      ],
      [
        0.5419093545563965,
        0.735444542634287,
        0.5157803995223995,
        0.29820962057517386,
        0.6415594727421561,
        0.21707389898755444,
        0.48014713330435693,
        0.2009249264260598,
        0.5227467904915136,
        0.5255609595574228,
        0.0,
        0.4807571946011021,
        0.5918902524575091,
        0.2168175991818194,
        0.3696480757764341,
        0.197853603310886,
        0.4037058320622265,
        0.4227375427233147,
        0.5349881081675144,
        0.543324573149502,
        0.09895858757633241,
        0.454668956390873,
        0.5799068841603724,
        0.26711968310483397,
        0.20436521047568362,
        0.34378745362462476,
        0.2966293351702769,
        0.6716256322917695,
        0.024245398867534806,
        0.18583822640146008,
        0.5418041595928919,
        0.5181991195648388,
        0.8481713633535144,
        0.10694750003893133,
        0.36638235275726466,
        0.3622964297493253,
        0.4548517520184095,
        0.8728078125594984,
        0.8505734707390259,
        0.8967969848180442
      ],
      [
        0.06115215995529446,
        0.2546873480331849,
        0.4374351453375701,
        0.22419686574829714,
        0.16321964550985746,
        0.6519632068617983,
        0.4899009532852828,
        0.5958559303421214,
        0.7520421350937188,
        0.8100857549689082,
        0.4807571946011021,
        0.0,
        0.11514652004113218,
        0.5794110453318682,
        0.732241521926483,
        0.4254292622374357,
        0.47372132314739035,
        0.4834827021253507,
        0.8018109983713826,
        0.06256737854839985,
        0.5797157821774346,
        0.28838211452719514,
        0.5031105414614244,
        0.7478768777059361,
        0.6693610127783493,
        0.7668264522210511,
        0.7405479505584024,
        0.19086843769066747,
        0.5045306788350739,
        0.6665954210025622,
        0.5214130644964861,
        0.7831425542885702,
        0.44530065106831745,
        0.5877046946400335,
        0.5985705195237931,
        0.28442069432267736,
        0.5332246320415996,
        0.4105425429626001,
        0.3799194556425131,
        0.5883375658852181
      ],
      [
        0.14614958910779463,
        0.1779602046573556,
        0.5224325744900703,
        0.2936806318823353,
        0.2420691637681147,
        0.5530859997038392,
        0.5299554762055684,
        0.4969787231841622,
        0.826016186032373,
        0.7430786284987175,
        0.5918902524575091,
        0.11514652004113218,
        0.0,
        0.5049777919473307,
        0.6578082685419455,
        0.48317242341293315,
        0.39147926793378635,
        0.577898627800041,
        0.7354132482056749,
        0.052642898235449376,
        0.5906736410719006,
        0.23496327225735997,
        0.5881079706139246,
        0.8079895977513714,
        0.5704838056203901,
        0.6923931988365136,
        0.6416707434004433,
        0.08751547794605904,
        0.574014444969112,
        0.5683979847355982,
        0.5318874386518126,
        0.7181254526820627,
        0.3685735076924882,
        0.6221233203977261,
        0.6920450021179769,
        0.3778951769168612,
        0.44573230350675297,
        0.33381539958677087,
        0.4649168847950133,
        0.48498394518512317
      ],
      [
        0.6180613720456883,
        0.6628323134600764,
        0.42716532530345763,
        0.49131624463461165,
        0.7199476652588392,
        0.07255216152993021,
        0.3785433664151682,
        0.016444885010253207,
        0.7091078448176547,
        0.3551177125463254,
        0.2168175991818194,
        0.5794110453318682,
        0.5049777919473307,
        0.0,
        0.15283047659461474,
        0.40567297701206106,
        0.26383849446342633,
        0.6293909491894198,
        0.3462773114031652,
        0.5168436667834683,
        0.23653943084961568,
        0.581747639671172,
        0.4808904910513058,
        0.453480737430975,
        0.08994996744648114,
        0.18741540688918285,
        0.1611369052265343,
        0.5613821240133313,
        0.21098243154783497,
        0.11995202491072646,
        0.4042466651814526,
        0.3268373905239788,
        0.7928940517775576,
        0.2666144471333717,
        0.526049299851705,
        0.5607393732879915,
        0.32876469412504916,
        0.7467207546661381,
        0.936828667732907,
        0.7948572035419049
      ],
      [
        0.7708918486403031,
        0.8156627900546912,
        0.5799958018980724,
        0.6441467212292264,
        0.872778141853454,
        0.17629162528055503,
        0.531373843009783,
        0.16927536160486795,
        0.7627399635765928,
        0.2022872359517107,
        0.3696480757764341,
        0.732241521926483,
        0.6578082685419455,
        0.15283047659461474,
        0.0,
        0.5303237744062553,
        0.41666897105804107,
        0.7555123624224368,
        0.1934468348085505,
        0.6696741433780831,
        0.30419613011448565,
        0.6599064989290262,
        0.6337209676459206,
        0.5071128561899132,
        0.19355838143337167,
        0.03458493029456812,
        0.08807078773032852,
        0.7142126006079461,
        0.3638129081424497,
        0.19314477457223755,
        0.5570771417760674,
        0.17400691392936407,
        0.9442602385151062,
        0.33480267301897915,
        0.5942375257373125,
        0.7135698498826063,
        0.48013088086259786,
        0.8980869414036867,
        1.0896591443275219,
        0.9476876801365197
      ],
      [
        0.47288560479332875,
        0.6601358806373074,
        0.6479044834899899,
        0.20169173893738207,
        0.5388811428351862,
        0.41325004482836725,
        0.654371841867494,
        0.3892501339234608,
        0.5346912681857184,
        0.7209562559438519,
        0.197853603310886,
        0.4254292622374357,
        0.48317242341293315,
        0.40567297701206106,
        0.5303237744062553,
        0.0,
        0.5827471222131799,
        0.22518858801618144,
        0.7115303538231599,
        0.45244900871012417,
        0.25897990336024984,
        0.6146902721747904,
        0.7135798796138442,
        0.42843262845637087,
        0.40221881378656965,
        0.5414669857857967,
        0.4944416046524798,
        0.5706879013589922,
        0.19642847338192387,
        0.3836915644073077,
        0.7179424010747735,
        0.6903821940792279,
        0.8236964666424433,
        0.24156524313603625,
        0.4492509720123263,
        0.20361589464275784,
        0.6042756760435146,
        0.8159910755667227,
        0.6530245160318926,
        0.9681563685980563
      ],
      [
        0.5262438946911835,
        0.5694394725911419,
        0.22245959018599362,
        0.6666524619180327,
        0.6289314610582946,
        0.30350088597285013,
        0.17010732515179056,
        0.24739360945317312,
        0.9219430850802408,
        0.35937315996895414,
        0.4037058320622265,
        0.47372132314739035,
        0.39147926793378635,
        0.26383849446342633,
        0.41666897105804107,
        0.5827471222131799,
        0.0,
        0.7441290151293117,
        0.3526528019162009,
        0.4258329053013273,
        0.45630124212106404,
        0.3179091452077457,
        0.26021492240107896,
        0.6663159776935612,
        0.32089869188940107,
        0.44520758095883706,
        0.3920856296694542,
        0.47899474587984536,
        0.38631864883125605,
        0.35090074935364635,
        0.14040817071802628,
        0.33774502742695284,
        0.5290555573141312,
        0.483398634925922,
        0.7428334876442553,
        0.7360755905714127,
        0.06492619966162286,
        0.48288226020271174,
        0.8450111903784021,
        0.5624776284231844
      ],
      [
        0.5082438359722768,
        0.7381431950215493,
        0.7427194443124507,
        0.29650669975984284,
        0.6123540530531496,
        0.6384145880218594,
        0.7951852522601635,
        0.6129460643279241,
        0.309502680169537,
        0.9457085994025616,
        0.4227375427233147,
        0.4834827021253507,
        0.577898627800041,
        0.6293909491894198,
        0.7555123624224368,
        0.22518858801618144,
        0.7441290151293117,
        0.0,
        0.9362814507924699,
        0.5326751294777472,
        0.48416849137643125,
        0.7584898654565425,
        0.808394840436305,
        0.5651297875562167,
        0.6271027531989983,
        0.7657026630485025,
        0.7193495509515607,
        0.6646427100158154,
        0.42150224746247295,
        0.6084818907532535,
        0.884537185847338,
        0.9154559681597769,
        0.8203407143417845,
        0.4667538311522177,
        0.22406238399614484,
        0.20026014234209893,
        0.8090552147909346,
        0.866514011453204,
        0.4278359280157112,
        1.062882572985164
      ],
      [
        0.8593191279428243,
        0.8920809181185505,
        0.5715285705261265,
        0.7954356935280127,
        0.9634259397978673,
        0.3422976361172059,
        0.5201934644509782,
        0.3627221964134184,
        0.9538617546295631,
        0.009427148610091663,
        0.5349881081675144,
        0.8018109983713826,
        0.7354132482056749,
        0.3462773114031652,
        0.1934468348085505,
        0.7115303538231599,
        0.3526528019162009,
        0.9362814507924699,
        0.0,
        0.7627505889520604,
        0.49764296492303617,
        0.6705619471239466,
        0.5975618646178321,
        0.6999230648834841,
        0.35956439227002257,
        0.20059094113121897,
        0.2540767985669794,
        0.822928726151734,
        0.515101880441236,
        0.3591507854088884,
        0.4145414996494969,
        0.02114815974393205,
        0.7823990203005547,
        0.5282495078275297,
        0.787684360545863,
        0.8648588221813925,
        0.3182696626480464,
        0.7362257231891353,
        1.178086423630043,
        0.8622701798810418
      ],
      [
        0.10121770526222008,
        0.21010386829751207,
        0.47750069064449574,
        0.25642320189886714,
        0.203103998475371,
        0.5893958283133984,
        0.5208069399270037,
        0.5332885517937215,
        0.789543960242343,
        0.7707294155021426,
        0.543324573149502,
        0.06256737854839985,
        0.052642898235449376,
        0.5168436667834683,
        0.6696741433780831,
        0.45244900871012417,
        0.4258329053013273,
        0.5326751294777472,
        0.7627505889520604,
        0.0,
        0.5815251047933359,
        0.22581473597879528,
        0.54317608676835,
        0.7988410614728068,
        0.6067936342299494,
        0.7042590736726512,
        0.6779805720100025,
        0.13315846550152563,
        0.5367570149856438,
        0.6210408829710476,
        0.5662410760193536,
        0.7447514088984544,
        0.4007171713326446,
        0.6129747841191615,
        0.6465741601787771,
        0.33242433497766133,
        0.4830287597714802,
        0.3659590632269273,
        0.41998500094943875,
        0.5324506629421731
      ],
      [
        0.640867942132729,
        0.765268583848805,
        0.5956095083978271,
        0.39257108638047783,
        0.7359209385474601,
        0.2101508144976058,
        0.555814460143178,
        0.22009454583936247,
        0.4729430640661505,
        0.5064833660661964,
        0.09895858757633241,
        0.5797157821774346,
        0.5906736410719006,
        0.23653943084961568,
        0.30419613011448565,
        0.25897990336024984,
        0.45630124212106404,
        0.48416849137643125,
        0.49764296492303617,
        0.5815251047933359,
        0.0,
        0.3557103688145406,
        0.6579586598160565,
        0.21731595667947082,
        0.20433072351062057,
        0.3055271600431971,
        0.2682920221352532,
        0.6657706883506729,
        0.12194030994264772,
        0.16545326350727607,
        0.596697119225081,
        0.4782030440438497,
        0.7726735426404088,
        0.0314496793258256,
        0.2908845320441589,
        0.4457483464155697,
        0.49891531324662136,
        0.8188468397518283,
        0.9120044193921424,
        0.9748487604737281
      ],
      [
        0.3270324412410154,
        0.40955821503426443,
        0.3474580118959211,
        0.48223793787766245,
        0.4289187344541663,
        0.5658611833121464,
        0.2949922039482084,
        0.5653027546609188,
        0.8286534328806912,
        0.6772823051766999,
        0.454668956390873,
        0.28838211452719514,
        0.23496327225735997,
        0.581747639671172,
        0.6599064989290262,
        0.6146902721747904,
        0.3179091452077457,
        0.7584898654565425,
        0.6705619471239466,
        0.22581473597879528,
        0.3557103688145406,
        0.0,
        0.3758382837167117,
        0.5730263254940114,
        0.5600410923251612,
        0.6612375288577377,
        0.6240023909497938,
        0.3100603195361323,
        0.4776506787571883,
        0.5211636323218167,
        0.41947352337572463,
        0.6556541726346985,
        0.600171518069397,
        0.3871600481403662,
        0.6465949008586995,
        0.5582390709564566,
        0.3828266601139714,
        0.5654134099636796,
        0.645799736928234,
        0.6927283843743834
      ],
      [
        0.44195838150613,
        0.6637315903425005,
        0.06567539612385428,
        0.5118881406764622,
        0.5460685985870027,
        0.5378049794933822,
        0.10339054223365313,
        0.4816977029737053,
        1.0451318451199598,
        0.6028764425139576,
        0.5799068841603724,
        0.5031105414614244,
        0.5881079706139246,
        0.4808904910513058,
        0.6337209676459206,
        0.7135798796138442,
        0.26021492240107896,
        0.808394840436305,
        0.5975618646178321,
        0.54317608676835,
        0.6579586598160565,
        0.3758382837167117,
        0.0,
        0.8446477854409433,
        0.5552027854099332,
        0.6683058979404887,
        0.6263897231899864,
        0.6434185806756358,
        0.5572071731075932,
        0.5852048428741785,
        0.19569304215312433,
        0.5856684326468403,
        0.5745089797552143,
        0.6791058668172214,
        0.9385407195355547,
        0.6249886570064571,
        0.27954504727610335,
        0.5578355465947904,
        0.7607256771933486,
        0.3168901006576717
      ],
      [
        0.8090290376612306,
        0.9825845405282758,
        0.7798168929953886,
        0.5653293036800078,
        0.90867915584699,
        0.42583784158779364,
        0.7462310576739318,
        0.4370358524207218,
        0.25562710738667965,
        0.7084947875628179,
        0.26711968310483397,
        0.7478768777059361,
        0.8079895977513714,
        0.453480737430975,
        0.5071128561899132,
        0.42843262845637087,
        0.6663159776935612,
        0.5651297875562167,
        0.6999230648834841,
        0.7988410614728068,
        0.21731595667947082,
        0.5730263254940114,
        0.8446477854409433,
        0.0,
        0.4211661453321512,
        0.5008185377883061,
        0.47312186275022194,
        0.8830866450301438,
        0.2884903463982838,
        0.3796157163060743,
        0.8059379735913911,
        0.6809579625843278,
        0.9280912486349178,
        0.18686738532033464,
        0.446302238038668,
        0.6213639068789283,
        0.7128118148944577,
        0.9742645457463373,
        0.9915671092677025,
        1.161537886098615
      ],
      [
        0.7080113394921694,
        0.6871228832090855,
        0.5001428301007875,
        0.5025748310508575,
        0.7637038879066727,
        0.017397805916550924,
        0.4523675656475176,
        0.07350508243622793,
        0.6767932527188308,
        0.36772944005211994,
        0.20436521047568362,
        0.6693610127783493,
        0.5704838056203901,
        0.08994996744648114,
        0.19355838143337167,
        0.40221881378656965,
        0.32089869188940107,
        0.6271027531989983,
        0.35956439227002257,
        0.6067936342299494,
        0.20433072351062057,
        0.5600410923251612,
        0.5552027854099332,
        0.4211661453321512,
        0.0,
        0.15897345113880357,
        0.10573218367878962,
        0.5856726937623404,
        0.22861060934321842,
        0.04915448450895221,
        0.46130686260742737,
        0.3419252571033702,
        0.8499542492035324,
        0.23551868163353024,
        0.49495353435186357,
        0.5666616402250089,
        0.38582489155102395,
        0.8037809520921129,
        1.0141540823075317,
        0.870196725431927
      ],
      [
        0.8054767789348712,
        0.8267871957522254,
        0.6145807321926405,
        0.6291083865742992,
        0.8880127769761086,
        0.14170669498598693,
        0.5659587733043511,
        0.19781397150566393,
        0.7532708134983441,
        0.20875598891331634,
        0.34378745362462476,
        0.7668264522210511,
        0.6923931988365136,
        0.18741540688918285,
        0.03458493029456812,
        0.5414669857857967,
        0.44520758095883706,
        0.7657026630485025,
        0.20059094113121897,
        0.7042590736726512,
        0.3055271600431971,
        0.6612375288577377,
        0.6683058979404887,
        0.5008185377883061,
        0.15897345113880357,
        0.0,
        0.0534858574357604,
        0.7253370063054803,
        0.3487745734875226,
        0.15855984427766942,
        0.5856157516768633,
        0.18295180596456662,
        0.9532051305503088,
        0.3351731319879166,
        0.59460798470625,
        0.69204156899506,
        0.4890757728978004,
        0.9070318334388893,
        1.1242440746220899,
        0.9822726104310878
      ],
      [
        0.7791982772722226,
        0.773301338316465,
        0.5713297678808407,
        0.58020562524989,
        0.8348908256867258,
        0.08858474369660407,
        0.5235545034275708,
        0.14469202021628108,
        0.7287489701369017,
        0.26224184634907677,
        0.2966293351702769,
        0.7405479505584024,
        0.6416707434004433,
        0.1611369052265343,
        0.08807078773032852,
        0.4944416046524798,
        0.3920856296694542,
        0.7193495509515607,
        0.2540767985669794,
        0.6779805720100025,
        0.2682920221352532,
        0.6240023909497938,
        0.6263897231899864,
        0.47312186275022194,
        0.10573218367878962,
        0.0534858574357604,
        0.0,
        0.6718511488697199,
        0.2998718121631133,
        0.1109347673876736,
        0.5324938003874805,
        0.23643766340032701,
        0.9211411869835855,
        0.2990445258939533,
        0.5584793786122866,
        0.6403287433020568,
        0.4570118293310771,
        0.874967889872166,
        1.085341020087585,
        0.9413836632119803
      ],
      [
        0.20146019916950586,
        0.10145018944674508,
        0.5777431845517815,
        0.3810628967339401,
        0.27728525292644696,
        0.6010445155227551,
        0.6050525234843407,
        0.5449372390030781,
        0.9129037721381674,
        0.8305941064447766,
        0.6716256322917695,
        0.19086843769066747,
        0.08751547794605904,
        0.5613821240133313,
        0.7142126006079461,
        0.5706879013589922,
        0.47899474587984536,
        0.6646427100158154,
        0.822928726151734,
        0.13315846550152563,
        0.6657706883506729,
        0.3100603195361323,
        0.6434185806756358,
        0.8830866450301438,
        0.5856726937623404,
        0.7253370063054803,
        0.6718511488697199,
        0.0,
        0.6613967098207167,
        0.6216446316081093,
        0.6194029165978716,
        0.8056409306281218,
        0.2920634924818777,
        0.6972203676764985,
        0.7786032135987165,
        0.4644533883976008,
        0.533247781452812,
        0.25730538437616035,
        0.5178930896386607,
        0.3993066298862184
      ],
      [
        0.551768802822935,
        0.7467482688997306,
        0.49287035687211794,
        0.2803338130867767,
        0.623683665253759,
        0.21697484748777732,
        0.45794336848557005,
        0.19471163724930182,
        0.5441174537849635,
        0.524527782561928,
        0.024245398867534806,
        0.5045306788350739,
        0.574014444969112,
        0.21098243154783497,
        0.3638129081424497,
        0.19642847338192387,
        0.38631864883125605,
        0.42150224746247295,
        0.515101880441236,
        0.5367570149856438,
        0.12194030994264772,
        0.4776506787571883,
        0.5572071731075932,
        0.2884903463982838,
        0.22861060934321842,
        0.3487745734875226,
        0.2998718121631133,
        0.6613967098207167,
        0.0,
        0.19021711565382374,
        0.5234242646913914,
        0.4939537206973039,
        0.8723756310246221,
        0.13115176771003903,
        0.39058662042837233,
        0.3497569417401566,
        0.43910242175121234,
        0.8570584822923012,
        0.8493381754781841,
        0.8740972737652648
      ],
      [
        0.7145475738433928,
        0.7230948210548545,
        0.5301448875650329,
        0.47055092874060045,
        0.793705945370918,
        0.04739986338079624,
        0.4823696231117629,
        0.10350713990047325,
        0.635242823692754,
        0.36731583319098576,
        0.18583822640146008,
        0.6665954210025622,
        0.5683979847355982,
        0.11995202491072646,
        0.19314477457223755,
        0.3836915644073077,
        0.35090074935364635,
        0.6084818907532535,
        0.3591507854088884,
        0.6210408829710476,
        0.16545326350727607,
        0.5211636323218167,
        0.5852048428741785,
        0.3796157163060743,
        0.04915448450895221,
        0.15855984427766942,
        0.1109347673876736,
        0.6216446316081093,
        0.19021711565382374,
        0.0,
        0.4669855506988731,
        0.34151165024223606,
        0.8799563066677776,
        0.1968946096668777,
        0.456329462385211,
        0.5355094517018326,
        0.4158269490152692,
        0.8337830095563581,
        1.0333148695306116,
        0.9001987828961724
      ],
      [
        0.5725281415760314,
        0.687477980501763,
        0.1962451561937557,
        0.6424579007463636,
        0.6605356089482302,
        0.44390905669087644,
        0.16101069529823162,
        0.3878017801711994,
        1.0615650809780708,
        0.4187542081431885,
        0.5418041595928919,
        0.5214130644964861,
        0.5318874386518126,
        0.4042466651814526,
        0.5570771417760674,
        0.7179424010747735,
        0.14040817071802628,
        0.884537185847338,
        0.4145414996494969,
        0.5662410760193536,
        0.596697119225081,
        0.41947352337572463,
        0.19569304215312433,
        0.8059379735913911,
        0.46130686260742737,
        0.5856157516768633,
        0.5324938003874805,
        0.6194029165978716,
        0.5234242646913914,
        0.4669855506988731,
        0.0,
        0.40535104566566604,
        0.5777960826837673,
        0.6236755421858257,
        0.883110394904159,
        0.7555584170763585,
        0.1136667250312589,
        0.5316227855723478,
        0.89129543726325,
        0.45202076710027134
      ],
      [
        0.8409038872240528,
        0.8799352224037379,
        0.5578888653283103,
        0.7742875337840807,
        0.9450134809463815,
        0.32465850095055354,
        0.5062538847886044,
        0.343282275534232,
        0.9362226194629107,
        0.030574061864624053,
        0.5181991195648388,
        0.7831425542885702,
        0.7181254526820627,
        0.3268373905239788,
        0.17400691392936407,
        0.6903821940792279,
        0.33774502742695284,
        0.9154559681597769,
        0.02114815974393205,
        0.7447514088984544,
        0.4782030440438497,
        0.6556541726346985,
        0.5856684326468403,
        0.6809579625843278,
        0.3419252571033702,
        0.18295180596456662,
        0.23643766340032701,
        0.8056409306281218,
        0.4939537206973039,
        0.34151165024223606,
        0.40535104566566604,
        0.0,
        0.7702533245857421,
        0.5088095869483432,
        0.7682444396666765,
        0.8437106624374605,
        0.3061239669332338,
        0.7240800274743227,
        1.1596711829112716,
        0.8548763200264463
      ],
      [
        0.41140503702913106,
        0.19061330303513258,
        0.6401843758790686,
        0.6570277588480864,
        0.47386599520053085,
        0.8325564432869814,
        0.6697808345931718,
        0.7764491667673044,
        1.0964527069318597,
        0.787965010860357,
        0.8481713633535144,
        0.44530065106831745,
        0.3685735076924882,
        0.7928940517775576,
        0.9442602385151062,
        0.8236964666424433,
        0.5290555573141312,
        0.8203407143417845,
        0.7823990203005547,
        0.4007171713326446,
        0.7726735426404088,
        0.600171518069397,
        0.5745089797552143,
        0.9280912486349178,
        0.8499542492035324,
        0.9532051305503088,
        0.9211411869835855,
        0.2920634924818777,
        0.8723756310246221,
        0.8799563066677776,
        0.5777960826837673,
        0.7702533245857421,
        0.0,
        0.7412238633145831,
        0.9342303972008013,
        0.6200805719996855,
        0.46412935765250835,
        0.046173297111419466,
        0.722420607934608,
        0.2576188790975426
      ],
      [
        0.6488568545953279,
        0.7967182631746306,
        0.6160344021548951,
        0.3888069939011837,
        0.732156846068166,
        0.24155205525085388,
        0.5776300179075893,
        0.25016956212311847,
        0.4424944927070143,
        0.5370899089706899,
        0.10694750003893133,
        0.5877046946400335,
        0.6221233203977261,
        0.2666144471333717,
        0.33480267301897915,
        0.24156524313603625,
        0.483398634925922,
        0.4667538311522177,
        0.5282495078275297,
        0.6129747841191615,
        0.0314496793258256,
        0.3871600481403662,
        0.6791058668172214,
        0.18686738532033464,
        0.23551868163353024,
        0.3351731319879166,
        0.2990445258939533,
        0.6972203676764985,
        0.13115176771003903,
        0.1968946096668777,
        0.6236755421858257,
        0.5088095869483432,
        0.7412238633145831,
        0.0,
        0.25943485271833333,
        0.4344965215585936,
        0.5274516023095903,
        0.7873971604260026,
        0.8845671053908163,
        0.995995967474893
      ],
      [
        0.6113050696149718,
        0.8524780055330957,
        0.8734630860837185,
        0.42725034153111074,
        0.7154152866958445,
        0.5009869079691872,
        0.8370648706259226,
        0.5096044148414518,
        0.5335650641656818,
        0.7965247616890232,
        0.36638235275726466,
        0.5985705195237931,
        0.6920450021179769,
        0.526049299851705,
        0.5942375257373125,
        0.4492509720123263,
        0.7428334876442553,
        0.22406238399614484,
        0.787684360545863,
        0.6465741601787771,
        0.2908845320441589,
        0.6465949008586995,
        0.9385407195355547,
        0.446302238038668,
        0.49495353435186357,
        0.59460798470625,
        0.5584793786122866,
        0.7786032135987165,
        0.39058662042837233,
        0.456329462385211,
        0.883110394904159,
        0.7682444396666765,
        0.9342303972008013,
        0.25943485271833333,
        0.0,
        0.31414982520111573,
        0.7868864550279236,
        0.9765368095326834,
        0.625132252672483,
        1.1769785428153599
      ],
      [
        0.3142912948011783,
        0.5387104059631279,
        0.5593132608826028,
        0.11310051632999502,
        0.418401511882051,
        0.5667317892279339,
