{
  "sol": {
    "z": 0.5322202638111068,
    "tours": [
      [
        0,
        1,
        10,
        5
      ],
      [
        17,
        2
      ],
      [
        9,
        3,
        14
      ],
      [
        4
      ],
      [
        8,
        11,
        6,
        19
      ],
      [
        18,
        7
      ],
      [
        12
      ],
      [
        16,
        13
      ],
      [
        15
      ]
    ]
  },
  "params": {
    "gm": [
      [
        0.0,
        0.1371690770131966,
        0.6288911866483352,
        0.5701116733590504,
        0.7684332961195188,
        0.2348484911356643,
        0.5579781499227136,
        0.44665338697369006,
        0.5088455327135525,
        0.5699975908383972,
        0.20593218560724955,
        0.46662353703899484,
        0.5535292769279366,
        0.9049864593276373,
        0.523513293138617,
        0.15883464039673859,
        1.0251794480574092,
        0.5113897575013119,
        0.32420909013258753,
        0.5821824531416472,
        0.6194790834944056,
        0.43944869046901014,
        0.06778982370603197,
        0.24548495458403902,
        0.8376777970208017,
        0.11032997176741913,
        0.7744102762654245,
        0.9582023222930771,
        0.10723585620120446,
        0.48914451511357304,
        0.551951533794208,
        0.7300649409355541,
        0.48849654081010985,
        0.4290370156777219,
        0.7786959957107072,
        0.27839285622709026,
        0.5299996282466366,
        0.5038079113827165,
        0.4957407872402233,
        0.31512009942157737,
        0.8436056060423661,
        0.2432082779353979,
        0.31473105288498016,
        0.3853785077524543,
        0.5525943866123257,
        1.0008400806954623,
        0.23994223698974226,
        0.8444649904231603,
        0.4460200181558596,
        0.944529026495899
      ],
      [
        0.1371690770131966,
        0.0,
        0.5657786211716286,
        0.6242371018248783,
        0.638796107289452,
        0.1388643833068815,
        0.4346487893940853,
        0.5066907179350133,
        0.37929287163256026,
        0.6241230193042251,
        0.07629499677718272,
        0.33698634820892803,
        0.4247714486699777,
        0.8036844367452773,
        0.577638721604445,
        0.21895825996370227,
        0.9263622407350175,
        0.4678714394231355,
        0.3840343133806265,
        0.4525452643115804,
        0.6736045119602335,
        0.49357411893483805,
        0.11776200329305916,
        0.25947226695523334,
        0.7080406081907349,
        0.24460575756525663,
        0.6447730874353577,
        0.8706688977672972,
        0.16699723231095875,
        0.39754257941494986,
        0.6001818894116424,
        0.6004277521054873,
        0.3895018417681208,
        0.3840753271632922,
        0.6963419527907702,
        0.14884019514609803,
        0.5949518014953171,
        0.3741707225526497,
        0.41395399200372673,
        0.3751574303829006,
        0.7071957729024625,
        0.10679844479549423,
        0.408550443757011,
        0.4454974546871387,
        0.6112549523766884,
        0.9043306291762996,
        0.18960784942437878,
        0.7157071621652014,
        0.3095001959483447,
        0.8143565500424775
      ],
      [
        0.6288911866483352,
        0.5657786211716286,
        0.0,
        0.36894757914042187,
        0.6746754944281723,
        0.42767557682788576,
        0.2781919007764269,
        0.8340326716276911,
        0.4746234881613524,
        0.3768840216595076,
        0.5066913632403427,
        0.3756190460330584,
        0.7178971140731156,
        0.3047635003068616,
        0.39721908503845627,
        0.7567049934218884,
        0.4242274318534606,
        0.13704154159490553,
        0.9229563946611651,
        0.28210862331713005,
        0.370843614930414,
        0.4703014082802508,
        0.5611586679265544,
        0.5072558831729148,
        0.4467494898369053,
        0.6668251410211382,
        0.5809628709120559,
        0.349067844360585,
        0.7166141508667252,
        0.21514796317366194,
        0.35801375131914215,
        0.6365203776938162,
        0.8425651150787931,
        0.2049951949744075,
        0.178487113073607,
        0.6113033365991317,
        0.5423198925997749,
        0.4128034203767801,
        0.1659073935005006,
        0.9009161612189331,
        0.631639312767493,
        0.5234248992981355,
        0.611124542474339,
        0.9720316351661809,
        0.4535937905955469,
        0.3985941499750894,
        0.3903087935580582,
        0.9016498119900236,
        0.5740306190989763,
        0.9790731254117722
      ],
      [
        0.5701116733590504,
        0.6242371018248783,
        0.36894757914042187,
        0.0,
        0.8332964129051182,
        0.537256641727399,
        0.43466842670366235,
        0.9905091975549264,
        0.555056995754939,
        0.007936442519085695,
        0.6211113088724958,
        0.5323308678888196,
        0.7984776833984953,
        0.6737110794472835,
        0.1158166134493326,
        0.7278613491445849,
        0.7931750109938824,
        0.3669412870707447,
        0.8901485594387526,
        0.4874008846205883,
        0.20430474751433556,
        0.1306629828900403,
        0.5261439694489688,
        0.5296277528179263,
        0.7670126125042336,
        0.5213594164321679,
        0.7759332869282497,
        0.7180154235010069,
        0.6759006248839123,
        0.4676498708391808,
        0.0667182685927174,
        0.8190456459837813,
        0.9628073488969109,
        0.28282483084106763,
        0.5474346922140289,
        0.7346679792237969,
        0.23422948691805343,
        0.5695152422325412,
        0.4218845245380109,
        0.8837971062777944,
        0.8323011259291256,
        0.6467895419228007,
        0.307346869619746,
        0.9543782098147044,
        0.2016356830727751,
        0.7675417291155113,
        0.47976040135417986,
        1.0631506265380386,
        0.6585305900530682,
        1.1514936147261268
      ],
      [
        0.7684332961195188,
        0.638796107289452,
        0.6746754944281723,
        0.8332964129051182,
        0.0,
        0.5649289614286684,
        0.42183653803855264,
        0.7540860251048593,
        0.2992939744319182,
        0.8412328554242039,
        0.5625011105122693,
        0.35602303709057936,
        0.520789927128144,
        0.6360173388934707,
        0.9343086676210985,
        0.8572568351708126,
        0.6949785545319856,
        0.6974968982678406,
        0.8475017248739376,
        0.39256687111104227,
        0.9654059728782965,
        0.9639593957951585,
        0.730619072799624,
        0.7606561227645245,
        0.406543063453911,
        0.8695274899103207,
        0.15172866793720813,
        0.5691272743307791,
        0.8052958075180691,
        0.48799946613165857,
        0.876392302148071,
        0.038368355183964746,
        0.6465605849918741,
        0.6653748573943308,
        0.6748054402172092,
        0.5297466509183804,
        1.0675258998231716,
        0.3423420626744165,
        0.5452479219224688,
        0.8199370263804066,
        0.2179597559673271,
        0.6094157298719248,
        0.9663643614491351,
        0.8148053607967777,
        1.0155705603514131,
        0.6159750573052825,
        0.64825838991319,
        0.22985421363292027,
        0.4027675687300474,
        0.3181972018210086
      ],
      [
        0.2348484911356643,
        0.1388643833068815,
        0.42767557682788576,
        0.537256641727399,
        0.5649289614286684,
        0.0,
        0.3275118309172089,
        0.6391380219432314,
        0.3964232729847842,
        0.5440307427845754,
        0.08390769888506312,
        0.34459905031680843,
        0.43888723359140713,
        0.684689441296749,
        0.5284547386077091,
        0.35140556397192046,
        0.8048824300265209,
        0.3364862638314266,
        0.5164816173888447,
        0.3583841094481722,
        0.5561215660052079,
        0.5727705768660295,
        0.17728959030710104,
        0.1957271613358561,
        0.6379958373318174,
        0.3177081509473801,
        0.6446785355052115,
        0.7379053042621888,
        0.29944453631917695,
        0.25867819610806836,
        0.4705383731346815,
        0.6032973166126332,
        0.4347983740112509,
        0.25443181088633127,
        0.5583989776798189,
        0.20343865113004234,
        0.6348987119643466,
        0.3817834246605301,
        0.27532320678769445,
        0.5076047343911188,
        0.7053693212404792,
        0.11565815823059332,
        0.4014354000204666,
        0.5779447586953569,
        0.606229707460576,
        0.780543062664574,
        0.08332942848452152,
        0.7048840266668841,
        0.29294967868665506,
        0.8107232195746246
      ],
      [
        0.5579781499227136,
        0.4346487893940853,
        0.2781919007764269,
        0.43466842670366235,
        0.42183653803855264,
        0.3275118309172089,
        0.0,
        0.5558407708512642,
        0.19651010745527772,
        0.42673198418457664,
        0.3583537926169026,
        0.09766244118515725,
        0.43970535612117867,
        0.5004738168884737,
        0.5189596734529802,
        0.6531095172754459,
        0.6206668056182456,
        0.2778942994994077,
        0.7075570609351398,
        0.052732457916925955,
        0.5436062821886707,
        0.5572808845539636,
        0.4945369853707239,
        0.37257926563946825,
        0.3323441858005712,
        0.6249752667350971,
        0.34126486022458735,
        0.4949724753771334,
        0.6011484896227023,
        0.06883363480914054,
        0.46104330797995263,
        0.38437721928011903,
        0.61152080897295,
        0.24493674573160237,
        0.3741833532715436,
        0.38473300572637203,
        0.6603888394154038,
        0.13484681552887892,
        0.12752789254922725,
        0.6873740584033768,
        0.39763269922546335,
        0.40526841197655816,
        0.5948601488376485,
        0.7498064337487912,
        0.5966560884905402,
        0.5444903964450881,
        0.3283843521299422,
        0.6495066535763265,
        0.2960740142510752,
        0.7400337398595612
      ],
      [
        0.44665338697369006,
        0.5066907179350133,
        0.8340326716276911,
        0.9905091975549264,
        0.7540860251048593,
        0.6391380219432314,
        0.5558407708512642,
        0.0,
        0.45479205067294115,
        0.9825727550358407,
        0.5824881826298542,
        0.5538254656849992,
        0.6363029415707864,
        1.0563145877397377,
        0.926921964383736,
        0.2878394165264937,
        1.1699030716493988,
        0.8337350703506718,
        0.1517162900838757,
        0.6085732287681901,
        1.0317572889600517,
        0.8846674109398668,
        0.5039998071174275,
        0.6876855423015787,
        0.8789506802133705,
        0.5078904414718672,
        0.7498210561583487,
        1.0415789697899327,
        0.33969348562405455,
        0.6246744056604047,
        0.9848383298567636,
        0.7243844315958377,
        0.30490972894064516,
        0.8007775165828666,
        0.9300241241228078,
        0.5455713755626679,
        0.9708986237560068,
        0.5193027259067755,
        0.6833686634004914,
        0.1315332875521127,
        0.8356044473013227,
        0.6134891627305075,
        0.7445684514398466,
        0.19396566289752706,
        0.998893852731986,
        1.0910968908578875,
        0.6571553106926653,
        0.9071843289389749,
        0.5582656449710703,
        0.9911904136208654
      ],
      [
        0.5088455327135525,
        0.37929287163256026,
        0.4746234881613524,
        0.555056995754939,
        0.2992939744319182,
        0.3964232729847842,
        0.19651010745527772,
        0.45479205067294115,
        0.0,
        0.5471205532358534,
        0.35725563443371855,
        0.09903341501205813,
        0.24342068764355634,
        0.6581619440924396,
        0.6678522961376231,
        0.5982511315962625,
        0.7151110209764577,
        0.46263299827131354,
        0.6065083407568168,
        0.2063388478463776,
        0.7171211542569108,
        0.6776694536052404,
        0.49695974044028307,
        0.5690893730947459,
        0.4241586295404294,
        0.6189990812171255,
        0.2950290054854075,
        0.5867869191169917,
        0.5462901039435191,
        0.26162243135173296,
        0.6206129228857473,
        0.2695923809228965,
        0.4397634587505267,
        0.41549173384883625,
        0.5338781388331832,
        0.23045267648646223,
        0.7822636573607655,
        0.06451067523383433,
        0.318608526638345,
        0.5863253382250538,
        0.3808123966283815,
        0.31225471126321,
        0.7851167099687038,
        0.5923611673481372,
        0.7529622106343183,
        0.6363048401849464,
        0.4797527014693057,
        0.5154079422783583,
        0.10347359429812916,
        0.6174911762529267
      ],
      [
        0.5699975908383972,
        0.6241230193042251,
        0.3768840216595076,
        0.007936442519085695,
        0.8412328554242039,
        0.5440307427845754,
        0.42673198418457664,
        0.9825727550358407,
        0.5471205532358534,
        0.0,
        0.6278854099296723,
        0.5243944253697339,
        0.7905412408794097,
        0.6816475219663691,
        0.12073174290176968,
        0.7277472666239316,
        0.8011114535129681,
        0.3737153881279212,
        0.8900344769180993,
        0.4794644421015026,
        0.2110627402196109,
        0.13054890036938704,
        0.5260298869283155,
        0.529513670297273,
        0.7590761699851478,
        0.5212453339115146,
        0.767996844409164,
        0.7259518660200925,
        0.6757865423632591,
        0.4744239718963573,
        0.07349236964989395,
        0.8111092034646956,
        0.9695814499540875,
        0.28959893189824415,
        0.5553711347331145,
        0.7414420802809734,
        0.23514310412491207,
        0.5615787997134556,
        0.4286586255951874,
        0.8836830237571411,
        0.82436468341004,
        0.6535636429799772,
        0.30723278709909274,
        0.9542641272940512,
        0.2058416573984649,
        0.775478171634597,
        0.4865345024113563,
        1.0625284955142118,
        0.6505941475339826,
        1.1594300572452125
      ],
      [
        0.20593218560724955,
        0.07629499677718272,
        0.5066913632403427,
        0.6211113088724958,
        0.5625011105122693,
        0.08390769888506312,
        0.3583537926169026,
        0.5824881826298542,
        0.35725563443371855,
        0.6278854099296723,
        0.0,
        0.2606913514317453,
        0.38614692104921094,
        0.7273894399680946,
        0.612309405752806,
        0.29475572465854327,
        0.8500672439578347,
        0.4200290143220734,
        0.4598317780754675,
        0.37625026753439766,
        0.6399762331503047,
        0.5635989488462833,
        0.16811796228735476,
        0.25667865655168004,
        0.6317456114135522,
        0.3071663515365044,
        0.568478090658175,
        0.7943739009901145,
        0.24279469700579975,
        0.34258589499313147,
        0.5543930402797784,
        0.5241327553283045,
        0.3660548351403131,
        0.3382864780314282,
        0.642306676564882,
        0.12680295794725632,
        0.660085309745148,
        0.297875725775467,
        0.35923090567275756,
        0.45095489507774156,
        0.6417189944708293,
        0.046914619359655574,
        0.43907548220713516,
        0.5212949193819797,
        0.6812797822881336,
        0.8280356323991168,
        0.15869896616452103,
        0.6662880931591677,
        0.25435374517893866,
        0.7721272860669082
      ],
      [
        0.46662353703899484,
        0.33698634820892803,
        0.3756190460330584,
        0.5323308678888196,
        0.35602303709057936,
        0.34459905031680843,
        0.09766244118515725,
        0.5538254656849992,
        0.09903341501205813,
        0.5243944253697339,
        0.2606913514317453,
        0.0,
        0.3424382282961097,
        0.594229198419008,
        0.5904812465581559,
        0.5554470760902886,
        0.6620066514178351,
        0.3635995832592554,
        0.7055417557688749,
        0.11555891610265236,
        0.6180877392448527,
        0.6450677244103262,
        0.4288093137191001,
        0.4702417068246255,
        0.37105425998180686,
        0.5678577029682497,
        0.30778673922642963,
        0.533682549558369,
        0.5034860484375451,
        0.16258901633967485,
        0.5325648810851283,
        0.3209408655316898,
        0.5138583677877927,
        0.3164583188367781,
        0.4679387348020779,
        0.28707056454121477,
        0.7319104125205795,
        0.03718437434372166,
        0.21957511162628685,
        0.6853587532371119,
        0.381027643039084,
        0.3076059707914009,
        0.6925225900228058,
        0.6581546652577691,
        0.6682562154110228,
        0.5832004706263239,
        0.4193903175962663,
        0.5858772507234996,
        0.19841157306591797,
        0.6742202389115879
      ],
      [
        0.5535292769279366,
        0.4247714486699777,
        0.7178971140731156,
        0.7984776833984953,
        0.520789927128144,
        0.43888723359140713,
        0.43970535612117867,
        0.6363029415707864,
        0.24342068764355634,
        0.7905412408794097,
        0.38614692104921094,
        0.3424382282961097,
        0.0,
        0.8013323688447808,
        0.9112729837811794,
        0.64372970863368,
        0.9240101728345209,
        0.7060378115553652,
        0.533664424726661,
        0.44396850533035087,
        0.9605259675409624,
        0.9183455676048158,
        0.5419476450004228,
        0.6341688084520428,
        0.6675793171839857,
        0.6638591469367282,
        0.5068127214689191,
        0.830207606760548,
        0.5917686809809364,
        0.5050272446357845,
        0.8640336105293036,
        0.5130130685664529,
        0.3382265634549972,
        0.6588965471328878,
        0.7767116815511428,
        0.27632907134633844,
        1.004821261193783,
        0.30734421795179384,
        0.5620133399223965,
        0.5047696540186737,
        0.5974045635528786,
        0.3392858537133152,
        0.8250126077336059,
        0.5061762783462977,
        0.9963828982778746,
        0.8699456802898529,
        0.5211767582382287,
        0.2909357134952237,
        0.15508386465036267,
        0.3910591795336135
      ],
      [
        0.9049864593276373,
        0.8036844367452773,
        0.3047635003068616,
        0.6737110794472835,
        0.6360173388934707,
        0.684689441296749,
        0.5004738168884737,
        1.0563145877397377,
        0.6581619440924396,
        0.6816475219663691,
        0.7273894399680946,
        0.594229198419008,
        0.8013323688447808,
        0.0,
        0.6980802314953269,
        1.022145164626638,
        0.12267780398974015,
        0.4403686189845352,
        1.1743795758791764,
        0.5136150424356554,
        0.6565909957424088,
        0.7738062666497659,
        0.8383638870594687,
        0.7716103347370363,
        0.23400331455201012,
        0.9460657358691761,
        0.4856710886966744,
        0.08320033664808094,
        0.9701841369738944,
        0.4316401820793332,
        0.6619585632402951,
        0.6030983226882248,
        1.063696449673673,
        0.4962183132727057,
        0.12629046361693008,
        0.8230348030516502,
        0.8398613076242017,
        0.595657927216279,
        0.41026632172634764,
        1.1452750894447803,
        0.4517643099111877,
        0.7677838275239826,
        0.915069354395492,
        1.216390563392028,
        0.7459479779157872,
        0.10064619243102224,
        0.6655674499664865,
        0.8652204683655748,
        0.7513602758706095,
        0.9441712163945944
      ],
      [
        0.523513293138617,
        0.577638721604445,
        0.39721908503845627,
        0.1158166134493326,
        0.9343086676210985,
        0.5284547386077091,
        0.5189596734529802,
        0.926921964383736,
        0.6678522961376231,
        0.12073174290176968,
        0.612309405752806,
        0.5904812465581559,
        0.9112729837811794,
        0.6980802314953269,
        0.0,
        0.6390825478572423,
        0.8128090645138454,
        0.2752346576921057,
        0.805333949096519,
        0.5583889190408748,
        0.10483532457631581,
        0.08406460266960694,
        0.4795455892285354,
        0.4755833894795799,
        0.8380006469245201,
        0.44747403736509833,
        0.85719829598375,
        0.7462857971573353,
        0.6282501863222494,
        0.458847967719491,
        0.057916365473027594,
        0.8959403124371338,
        0.9540054457772211,
        0.2740229277213778,
        0.5727051422348128,
        0.725866076104107,
        0.1477045413892093,
        0.6276656209018776,
        0.40755821589496455,
        0.7953886768316233,
        0.9006276908495354,
        0.6379876388031108,
        0.2533025062813996,
        0.865626415212958,
        0.08714910550877854,
        0.7946459295758638,
        0.47095849823449,
        1.1610697467333413,
        0.7713258904357523,
        1.2517120532931738
      ],
      [
        0.15883464039673859,
        0.21895825996370227,
        0.7567049934218884,
        0.7278613491445849,
        0.8572568351708126,
        0.35140556397192046,
        0.6531095172754459,
        0.2878394165264937,
        0.5982511315962625,
        0.7277472666239316,
        0.29475572465854327,
        0.5554470760902886,
        0.64372970863368,
        1.022145164626638,
        0.6390825478572423,
        0.0,
        1.1123362533558891,
        0.649913797539959,
        0.16625140123927676,
        0.671005992192941,
        0.7439178724335581,
        0.5971983662545446,
        0.21616039059093384,
        0.39984612577508505,
        0.9265013360720955,
        0.22858061103146585,
        0.8632338153167183,
        1.0114308952949715,
        0.051961027652743526,
        0.6098570119242662,
        0.6969989133302699,
        0.8188884799868479,
        0.3296825703629135,
        0.5659317028959665,
        0.9085928805157281,
        0.3677984551098003,
        0.6849370881096544,
        0.5926314504340103,
        0.6250250153824786,
        0.156306128974381,
        0.9261540328661647,
        0.3257567047591965,
        0.46175364889380527,
        0.2265438673557157,
        0.7111202712478261,
        1.076169477755558,
        0.3693158941661716,
        0.9319571703612433,
        0.528458455912047,
        1.0159632550431337
      ],
      [
        1.0251794480574092,
        0.9263622407350175,
        0.4242274318534606,
        0.7931750109938824,
        0.6949785545319856,
        0.8048824300265209,
        0.6206668056182456,
        1.1699030716493988,
        0.7151110209764577,
        0.8011114535129681,
        0.8500672439578347,
        0.6620066514178351,
        0.9240101728345209,
        0.12267780398974015,
        0.8128090645138454,
        1.1123362533558891,
        0.0,
        0.560783822099071,
        1.278587654595166,
        0.5705641193196735,
        0.7647308042874186,
        0.8903223293797391,
        0.9585568757892406,
        0.8918033234668082,
        0.2909523914360283,
        1.0684733836728917,
        0.5434380935547712,
        0.13546761249197373,
        1.0928619409636346,
        0.5518331708091051,
        0.7791900034344013,
        0.6657277059152754,
        1.143109067948041,
        0.6185596870410979,
        0.246483452346702,
        0.9379366227328729,
        0.9520113890915791,
        0.6885446821352181,
        0.5304593104561195,
        1.265468078174552,
        0.49118437326960607,
        0.8879768162537545,
        1.0323007945895981,
        1.303123822169014,
        0.8559953428940096,
        0.07905236776577602,
        0.7857604386962584,
        0.9194550679219027,
        0.7939141834052663,
        0.9892114044990326
      ],
      [
        0.5113897575013119,
        0.4678714394231355,
        0.13704154159490553,
        0.3669412870707447,
        0.6974968982678406,
        0.3364862638314266,
        0.2778942994994077,
        0.8337350703506718,
        0.46263299827131354,
        0.3737153881279212,
        0.4200290143220734,
        0.3635995832592554,
        0.7060378115553652,
        0.4403686189845352,
        0.2752346576921057,
        0.649913797539959,
        0.560783822099071,
        0.0,
        0.8161651987792358,
        0.30575893981221236,
        0.27483977918383656,
        0.35929926036171267,
        0.44388596932189467,
        0.39799287408353634,
        0.5827194539518032,
        0.5460354526914641,
        0.5998225123576089,
        0.47863467285463684,
        0.6060744620873239,
        0.2099262716143274,
        0.3002230184780273,
        0.6595440066836572,
        0.7640989742855203,
        0.08411645622967705,
        0.31445707718850496,
        0.5359596046124063,
        0.4228931751356085,
        0.4007839576029771,
        0.15225495478741835,
        0.80621992651434,
        0.6360529523686576,
        0.44808116731141007,
        0.5285371639735053,
        0.8764576648956748,
        0.3437303395326096,
        0.5316801828943479,
        0.28104578446867967,
        0.9246734409798647,
        0.5620111563251734,
        1.0077765211367498
      ],
      [
        0.32420909013258753,
        0.3840343133806265,
        0.9229563946611651,
        0.8901485594387526,
        0.8475017248739376,
        0.5164816173888447,
        0.7075570609351398,
        0.1517162900838757,
        0.6065083407568168,
        0.8900344769180993,
        0.4598317780754675,
        0.7055417557688749,
        0.533664424726661,
        1.1743795758791764,
        0.805333949096519,
        0.16625140123927676,
        1.278587654595166,
        0.8161651987792358,
        0.0,
        0.7459598698697898,
        0.9101692736728348,
        0.7594855765487123,
        0.38241179183021057,
        0.5660975270143618,
        1.025571597753435,
        0.3776763379516658,
        0.9015373462422243,
        1.1765069487118958,
        0.21703708106966774,
        0.7749330653411903,
        0.8632503145695466,
        0.8091333696899728,
        0.20094113988206352,
        0.7321831041352432,
        1.0480891122622462,
        0.4416027865040863,
        0.8434147534143274,
        0.6710190159906512,
        0.7641132541528287,
        0.02910448643439613,
        0.9575968393774454,
        0.4908327581761207,
        0.6149619072960308,
        0.0748539225018921,
        0.8746292257098657,
        1.2377178083979519,
        0.5355672954054483,
        0.8035561339800658,
        0.5501360244248381,
        0.8868182319527771
      ],
      [
        0.5821824531416472,
        0.4525452643115804,
        0.28210862331713005,
        0.4874008846205883,
        0.39256687111104227,
        0.3583841094481722,
        0.052732457916925955,
        0.6085732287681901,
        0.2063388478463776,
        0.4794644421015026,
        0.37625026753439766,
        0.11555891610265236,
        0.44396850533035087,
        0.5136150424356554,
        0.5583889190408748,
        0.671005992192941,
        0.5705641193196735,
        0.30575893981221236,
        0.7459598698697898,
        0.0,
        0.5774028467809467,
        0.6100133424708896,
        0.5254092639016872,
        0.4240225955646768,
        0.27961172788364524,
        0.6558475452660604,
        0.29885424759492585,
        0.44224001746020747,
        0.6190449645401974,
        0.09970591334010381,
        0.5004725535678473,
        0.3544117543766862,
        0.6285061293613228,
        0.284365991319497,
        0.4050556318025069,
        0.4017183261147448,
        0.6998180850032985,
        0.15183213591725167,
        0.15384400581356997,
        0.7401065163203028,
        0.3495306894503629,
        0.42316488689405324,
        0.6463034787628571,
        0.7728024268312991,
        0.6353811356260146,
        0.4917579385281622,
        0.35925663066090546,
        0.6195411886728937,
        0.3094551196341447,
        0.7020175813245374
      ],
      [
        0.6194790834944056,
        0.6736045119602335,
        0.370843614930414,
        0.20430474751433556,
        0.9654059728782965,
        0.5561215660052079,
        0.5436062821886707,
        1.0317572889600517,
        0.7171211542569108,
        0.2110627402196109,
        0.6399762331503047,
        0.6180877392448527,
        0.9605259675409624,
        0.6565909957424088,
        0.10483532457631581,
        0.7439178724335581,
        0.7647308042874186,
        0.27483977918383656,
        0.9101692736728348,
        0.5774028467809467,
        0.0,
        0.1800303930253955,
        0.575511379584324,
        0.5777299281738267,
        0.8034553437559635,
        0.551496460914811,
        0.8739701097406658,
        0.7137653647304099,
        0.7252680350192675,
        0.4787268436564023,
        0.13759957409503262,
        0.9279824853361409,
        0.9816722731747198,
        0.3016897551188766,
        0.5351929669926653,
        0.7535329035016058,
        0.19462478300169253,
        0.6552721135885744,
        0.42384888933625997,
        0.9002240014079391,
        0.9108927315524942,
        0.6656544662006096,
        0.35544904497564644,
        0.9704617397892739,
        0.09392819200422184,
        0.7560786592795765,
        0.4986253256319888,
        1.1931119196323483,
        0.8164993123107707,
        1.279420428105484
      ],
      [
        0.43944869046901014,
        0.49357411893483805,
        0.4703014082802508,
        0.1306629828900403,
        0.9639593957951585,
        0.5727705768660295,
        0.5572808845539636,
        0.8846674109398668,
        0.6776694536052404,
        0.13054890036938704,
        0.5635989488462833,
        0.6450677244103262,
        0.9183455676048158,
        0.7738062666497659,
        0.08406460266960694,
        0.5971983662545446,
        0.8903223293797391,
        0.35929926036171267,
        0.7594855765487123,
        0.6100133424708896,
        0.1800303930253955,
        0.0,
        0.3954809865589285,
        0.398964769927886,
        0.8896250703545348,
        0.3906964335421276,
        0.8985457447785511,
        0.8183747975379428,
        0.545237641993872,
        0.5134344455716613,
        0.11250284332519783,
        0.9416581038340827,
        0.8830759607029588,
        0.32860940557354806,
        0.647781871631565,
        0.6424143140809361,
        0.1065529232084748,
        0.6822520987540479,
        0.46766909927049133,
        0.7531341233877541,
        0.954913583779427,
        0.6003725637303323,
        0.1766838867297057,
        0.8237152269246641,
        0.11768083344185036,
        0.8688795393167726,
        0.5102114168580496,
        1.1930773958835987,
        0.7811430479033696,
        1.282156597616167
      ],
      [
        0.06778982370603197,
        0.11776200329305916,
        0.5611586679265544,
        0.5261439694489688,
        0.730619072799624,
        0.17728959030710104,
        0.4945369853707239,
        0.5039998071174275,
        0.49695974044028307,
        0.5260298869283155,
        0.16811796228735476,
        0.4288093137191001,
        0.5419476450004228,
        0.8383638870594687,
        0.4795455892285354,
        0.21616039059093384,
        0.9585568757892406,
        0.44388596932189467,
        0.38241179183021057,
        0.5254092639016872,
        0.575511379584324,
        0.3954809865589285,
        0.0,
        0.18371023519988441,
        0.799863573700907,
        0.14209625625091946,
        0.7365960529455298,
        0.8915797500249085,
        0.16708075830211244,
        0.42570335056158337,
        0.5079838298841264,
        0.6922507176156593,
        0.5071687105758436,
        0.3613438724740367,
        0.7120734234425387,
        0.26650706395382084,
        0.49196734745779325,
        0.46599368806282176,
        0.42977752259009805,
        0.37246651956531485,
        0.809836956758184,
        0.21189149659014458,
        0.29316293863164683,
        0.4427042579466495,
        0.5131618200007788,
        0.9342175084272937,
        0.1728609168252227,
        0.8324130065066337,
        0.4204786585264046,
        0.9321185533355367
      ],
      [
        0.24548495458403902,
        0.25947226695523334,
        0.5072558831729148,
        0.5296277528179263,
        0.7606561227645245,
        0.1957271613358561,
        0.37257926563946825,
        0.6876855423015787,
        0.5690893730947459,
        0.529513670297273,
        0.25667865655168004,
        0.4702417068246255,
        0.6341688084520428,
        0.7716103347370363,
        0.4755833894795799,
        0.39984612577508505,
        0.8918033234668082,
        0.39799287408353634,
        0.5660975270143618,
        0.4240225955646768,
        0.5777299281738267,
        0.398964769927886,
        0.18371023519988441,
        0.0,
        0.6880667893317345,
        0.2554942259351735,
        0.7138441258640555,
        0.8248261977024761,
        0.35024206972249095,
        0.3399701526577032,
        0.47539167435337704,
        0.7569564849195873,
        0.6198858262918294,
        0.31388266012796884,
        0.6453198711201062,
        0.383066328295236,
        0.4557441951420601,
        0.5074260811683472,
        0.37477610528262717,
        0.5561522547494661,
        0.7702119648649316,
        0.3007456105111718,
        0.22228088319818026,
        0.6263899931308008,
        0.5130615628705719,
        0.8674639561048614,
        0.11694708961485664,
        0.898278154654595,
        0.48842656482238767,
        1.0047182480294665
      ],
      [
        0.8376777970208017,
        0.7080406081907349,
        0.4467494898369053,
        0.7670126125042336,
        0.406543063453911,
        0.6379958373318174,
        0.3323441858005712,
        0.8789506802133705,
        0.4241586295404294,
        0.7590761699851478,
        0.6317456114135522,
        0.37105425998180686,
        0.6675793171839857,
        0.23400331455201012,
        0.8380006469245201,
        0.9265013360720955,
        0.2909523914360283,
        0.5827194539518032,
        1.025571597753435,
        0.27961172788364524,
        0.8034553437559635,
        0.8896250703545348,
        0.799863573700907,
        0.6880667893317345,
        0.0,
        0.8974663336874587,
        0.25490800654267776,
        0.16262828957656222,
        0.8745403084193519,
        0.37931764122374906,
        0.7800842814514926,
        0.3758313405915393,
        0.8635926631843833,
        0.5639777192031423,
        0.2682623767632983,
        0.6469842312968446,
        0.9794298128869438,
        0.3975922906991898,
        0.43345573369721524,
        1.010483967765483,
        0.21865105534520593,
        0.6786602307732077,
        0.9103476725299148,
        1.015654295459136,
        0.8912517705656235,
        0.21214621064451697,
        0.6388683585445507,
        0.6340739287959938,
        0.5173569613185994,
        0.7106318220934807
      ],
      [
        0.11032997176741913,
        0.24460575756525663,
        0.6668251410211382,
        0.5213594164321679,
        0.8695274899103207,
        0.3177081509473801,
        0.6249752667350971,
        0.5078904414718672,
        0.6189990812171255,
        0.5212453339115146,
        0.3071663515365044,
        0.5678577029682497,
        0.6638591469367282,
        0.9460657358691761,
        0.44747403736509833,
        0.22858061103146585,
        1.0684733836728917,
        0.5460354526914641,
        0.3776763379516658,
        0.6558475452660604,
        0.551496460914811,
        0.3906964335421276,
        0.14209625625091946,
        0.2554942259351735,
        0.8974663336874587,
        0.0,
        0.8756444421946793,
        1.0082384877945818,
        0.18077614895715108,
        0.5561416319259566,
        0.4904140128664074,
        0.8311591347263559,
        0.5497335953082869,
        0.46191899646178713,
        0.8287321612122118,
        0.3885464047306633,
        0.4675473988855376,
        0.6050420773119713,
        0.5524846762062905,
        0.3763571539197545,
        0.9485489424205713,
        0.34815161431360303,
        0.2373032217112106,
        0.44734187656576946,
        0.5081310169763195,
        1.0467119283001982,
        0.29677728920600266,
        0.9547948604319518,
        0.5540779868270966,
        1.054853112472578
      ],
      [
        0.7744102762654245,
        0.6447730874353577,
        0.5809628709120559,
        0.7759332869282497,
        0.15172866793720813,
        0.6446785355052115,
        0.34126486022458735,
        0.7498210561583487,
        0.2950290054854075,
        0.767996844409164,
        0.568478090658175,
        0.30778673922642963,
        0.5068127214689191,
        0.4856710886966744,
        0.85719829598375,
        0.8632338153167183,
        0.5434380935547712,
        0.5998225123576089,
        0.9015373462422243,
        0.29885424759492585,
        0.8739701097406658,
        0.8985457447785511,
        0.7365960529455298,
        0.7138441258640555,
        0.25490800654267776,
        0.8756444421946793,
        0.0,
        0.4175302949914191,
        0.8112727876639747,
        0.3985427973155853,
        0.7992819305107224,
        0.1231536883721435,
        0.700923741361331,
        0.5831753682623722,
        0.523170383305976,
        0.5192098987530247,
        0.9986274619461736,
        0.31047640035996876,
        0.450565400865285,
        0.8743001827498635,
        0.09115052647548483,
        0.5605099737836373,
        0.9361250090622358,
        0.858061969035033,
        0.9341416552323402,
        0.4644057577089162,
        0.6580935146363869,
        0.3796497210503372,
        0.3517288568185564,
        0.46064787945634783
      ],
      [
        0.9582023222930771,
        0.8706688977672972,
        0.349067844360585,
        0.7180154235010069,
        0.5691272743307791,
        0.7379053042621888,
        0.4949724753771334,
        1.0415789697899327,
        0.5867869191169917,
        0.7259518660200925,
        0.7943739009901145,
        0.533682549558369,
        0.830207606760548,
        0.08320033664808094,
        0.7462857971573353,
        1.0114308952949715,
        0.13546761249197373,
        0.47863467285463684,
        1.1765069487118958,
        0.44224001746020747,
        0.7137653647304099,
        0.8183747975379428,
        0.8915797500249085,
        0.8248261977024761,
        0.16262828957656222,
        1.0082384877945818,
        0.4175302949914191,
        0.0,
        0.9594698676422281,
        0.484856045044773,
        0.7058806056002643,
        0.5380361127051982,
        1.0262209527609456,
        0.5527994088024414,
        0.1795063265823699,
        0.8096125208734068,
        0.8910546689470882,
        0.5602205802757521,
        0.4634821846917875,
        1.1676300657141698,
        0.37573995865305954,
        0.8209996904894223,
        0.9589913967554611,
        1.1782825850356984,
        0.8003467455426027,
        0.06473858246058625,
        0.7187833129319263,
        0.7966152103548879,
        0.6799852508951616,
        0.8718316823251335
      ],
      [
        0.10723585620120446,
        0.16699723231095875,
        0.7166141508667252,
        0.6759006248839123,
