{
  "sol": {
    "z": 2.6092039658361545,
    "tours": [
      [
        0,
        19,
        16,
        18,
        2,
        5,
        6,
        17,
        8,
        10,
        14,
        15
      ],
      [
        1,
        13,
        4,
        3,
        7,
        12,
        9
      ],
      [
        11
      ]
    ]
  },
  "params": {
    "gm": [
      [
        0.0,
        0.4152429795102808,
        0.3871731919817,
        0.735644730841457,
        0.5184139830116395,
        0.5952549771745,
        0.6980446144630454,
        0.8666127143268765,
        0.23044975109353627,
        0.6256472575098931,
        0.2698353928507,
        0.48124004023967937,
        0.5014486559308934,
        0.4865799164920523,
        0.3483175620407861,
        0.26875524051356775,
        0.25891816117649247,
        0.7810149903027991,
        0.3791162448086024,
        0.23995887655425788,
        0.0728990103297116,
        0.08401878782535353,
        0.5802887759829691,
        0.18087817038231271,
        0.588082294947407,
        0.7527842025394104,
        0.5361914156507052,
        0.8416168621376094,
        0.8735587048015421,
        0.6145042447287046,
        0.27464587892744824,
        0.5722535145846083,
        0.6182895733390796,
        0.3563558473094353,
        0.5560041720942276,
        0.21006611371616352,
        0.53013243510148,
        0.31960345736374185,
        0.16640265349579542,
        0.8638827115066173,
        0.6474347783630787,
        0.2863336301296529,
        0.3521996755215589,
        0.5197565161834314,
        0.2070798689103844,
        0.2640071398895385,
        0.7707118146911351,
        0.7307283184185511,
        0.37598180512310103,
        0.8341957236604292
      ],
      [
        0.4152429795102808,
        0.0,
        0.7651644465293164,
        0.5030068575057997,
        0.3057586802304863,
        0.5276728236937487,
        0.5684485670054421,
        0.6235880721007228,
        0.5520491745578138,
        0.42385720354894246,
        0.41914118108533605,
        0.8492647833040247,
        0.5313526723817521,
        0.25923823256315237,
        0.39273073789976676,
        0.22705996533426953,
        0.6359384807640389,
        0.6985228785981111,
        0.7565718401677153,
        0.6326324693299321,
        0.48814198983999235,
        0.45403420706897374,
        0.6075909213177565,
        0.3794557378203875,
        0.1728393734363594,
        0.5856011770721877,
        0.5995228681084938,
        0.6360972400468178,
        0.961264490809922,
        0.4103175169191553,
        0.689888858437729,
        0.3599417490059271,
        0.41451175497356596,
        0.12950333324044822,
        0.2905403572244945,
        0.292709467110813,
        0.9268510078687235,
        0.5527910528865108,
        0.5816456330060762,
        0.6246045040372239,
        0.6543673560440489,
        0.7015766096399336,
        0.7202244185859041,
        0.5687252321589168,
        0.3103053870624048,
        0.6320318829538838,
        0.682833635777143,
        0.5252086963277594,
        0.17046218303230928,
        1.0850857459665777
      ],
      [
        0.3871731919817,
        0.7651644465293164,
        0.0,
        0.6839776100773677,
        0.5419045065242235,
        0.29663736157776954,
        0.39601463753347027,
        0.8036093753034952,
        0.6176219536524122,
        0.9352087935785305,
        0.6043590666170654,
        0.3961288790909562,
        0.8369675526219257,
        0.588934053973216,
        0.6844898441611895,
        0.5381044811950468,
        0.12922596576527748,
        0.463129617913279,
        0.03265577428582804,
        0.15170146482016292,
        0.3378966951980107,
        0.31669242413757004,
        0.24116288817281029,
        0.5253266425971463,
        0.8167090616009529,
        0.45174784889826025,
        0.21117916329570946,
        0.5487693546343666,
        0.5513881846711828,
        0.9009546103331489,
        0.6423970888134491,
        0.6014141444439662,
        0.920669535021986,
        0.6356611132888682,
        0.6038031773064798,
        0.5116442646992608,
        0.20796191497112076,
        0.7010154559363638,
        0.47755991060507685,
        0.792857382900606,
        0.31634075206017953,
        0.35762893397121936,
        0.3399428612805487,
        0.2178368416677103,
        0.46888636987738436,
        0.2688422009421129,
        0.4557678536270667,
        0.5106091682744623,
        0.6206732401732724,
        0.4879538299658008
      ],
      [
        0.735644730841457,
        0.5030068575057997,
        0.6839776100773677,
        0.0,
        0.22363524691922168,
        0.4893585819914241,
        0.38330621911742857,
        0.131309856240232,
        0.8534138616579025,
        0.6419201452175312,
        0.6748136064357924,
        1.0705189715483407,
        0.763338143666919,
        0.2657385293760121,
        0.6922413913169208,
        0.5265706187514235,
        0.8132035758426451,
        0.37357011659501077,
        0.7166333843631957,
        0.8356790748975306,
        0.7731795019752088,
        0.6809678873874916,
        0.5254674880064919,
        0.6788746536486541,
        0.40710726026999317,
        0.3781529301973967,
        0.569166794878913,
        0.2300776893487054,
        0.8020901990553742,
        0.644585403752789,
        0.9830050157420264,
        0.165390940805416,
        0.6470552888464121,
        0.4342192764368547,
        0.2137935649520275,
        0.5875297154349833,
        0.8919395250484885,
        0.8451965195017853,
        0.9017590005836817,
        0.12823798066516037,
        0.48708982001861323,
        0.9424174759378328,
        0.9414786068302203,
        0.5614119036748785,
        0.5287739416476772,
        0.8532860711981999,
        0.36326768542889937,
        0.34096623306776375,
        0.3912447384726212,
        0.9489951751806269
      ],
      [
        0.5184139830116395,
        0.3057586802304863,
        0.5419045065242235,
        0.22363524691922168,
        0.0,
        0.30121916233179397,
        0.40931582683800943,
        0.3546579070159765,
        0.6301577406945825,
        0.4611095944671146,
        0.45610462450877265,
        0.8534756224384349,
        0.5750342556286963,
        0.04702954744899241,
        0.46959900276575733,
        0.3039282302002601,
        0.6375559783298015,
        0.5203778281943935,
        0.5668626812004162,
        0.6432214698330889,
        0.556136152865303,
        0.46392453827758573,
        0.3018322410872702,
        0.45554756816732894,
        0.27480455507672946,
        0.4587483876967043,
        0.40094685565345406,
        0.4537129362679271,
        0.7535374010974435,
        0.5122826985595254,
        0.7598933279555847,
        0.05950963791974268,
        0.47564885302365917,
        0.21488045273685594,
        0.06352851157775323,
        0.36402074295792075,
        0.7482299723271855,
        0.6267819683602989,
        0.6847891989231482,
        0.3518681984577733,
        0.41038027852829434,
        0.725374126827927,
        0.7244352577203144,
        0.3727163827171793,
        0.3117305925377714,
        0.636242722088294,
        0.5070051214568403,
        0.515971294501785,
        0.16933195603739068,
        0.8861375922140902
      ],
      [
        0.5952549771745,
        0.5276728236937487,
        0.29663736157776954,
        0.4893585819914241,
        0.30121916233179397,
        0.0,
        0.10809666450621547,
        0.5156914022762404,
        0.7200674870550801,
        0.6988544425291017,
        0.6242860675523675,
        0.6680545976535054,
        0.8011561013807433,
        0.32251263507175126,
        0.5976080743426728,
        0.43193730177717565,
        0.3363368159980076,
        0.21915866586259952,
        0.32814210841684716,
        0.3591133014614031,
        0.5298764271356234,
        0.529509765773565,
        0.14603558131343067,
        0.5454461869140871,
        0.5622639627038776,
        0.15752922536491032,
        0.10488972664322894,
        0.2592808926427187,
        0.4535370969299547,
        0.7448772142083001,
        0.8580010150130948,
        0.36072880025153664,
        0.6843151839725571,
        0.39930676223943934,
        0.36377545545101475,
        0.49785435357784447,
        0.5045992765488903,
        0.741521360916468,
        0.6931638368047226,
        0.5049394098733512,
        0.12746124136547862,
        0.573232860170865,
        0.5714446199893001,
        0.08301892128190365,
        0.4216516702582856,
        0.4841014554312321,
        0.2057859591250463,
        0.21475213216999103,
        0.35770811331565067,
        0.584934698751415
      ],
      [
        0.6980446144630454,
        0.5684485670054421,
        0.39601463753347027,
        0.38330621911742857,
        0.40931582683800943,
        0.10809666450621547,
        0.0,
        0.407594737770025,
        0.7994690872095251,
        0.7300042746524921,
        0.6540081289875583,
        0.7749567741524364,
        0.8481403462872434,
        0.43060929957796673,
        0.662942433859482,
        0.49727166129398476,
        0.444177404876491,
        0.13073782787036894,
        0.42830279157522116,
        0.46712884631077234,
        0.6251456041333339,
        0.6373503546520485,
        0.247358561752177,
        0.6250020162047442,
        0.5762876304944838,
        0.10094338817995455,
        0.18803013810543429,
        0.15322852976872314,
        0.4778041123099515,
        0.7918614591148002,
        0.9339730919002167,
        0.4688254647577521,
        0.7312994288790572,
        0.44629100714593944,
        0.4718721199572302,
        0.5330610537295292,
        0.603976552504591,
        0.8119922508315446,
        0.8011781055700435,
        0.3968427453671357,
        0.12961587621046577,
        0.6812471289361861,
        0.6795231585350595,
        0.17828809827961406,
        0.5169208472559961,
        0.5921157241965531,
        0.11528124846693508,
        0.13799440566566504,
        0.3997379606326001,
        0.6196328625218723
      ],
      [
        0.8666127143268765,
        0.6235880721007228,
        0.8036093753034952,
        0.131309856240232,
        0.3546579070159765,
        0.5156914022762404,
        0.407594737770025,
        0.0,
        0.9837126755723281,
        0.7538679330796139,
        0.8048647858136162,
        1.1825515119224614,
        0.8771273975067233,
        0.39578970875383596,
        0.8222920506814868,
        0.6566212781159896,
        0.8517721426465159,
        0.42123092857726135,
        0.8358975293452462,
        0.8747235840807973,
        0.9039384057440236,
        0.8117267911563064,
        0.6549532995222019,
        0.8093072157591038,
        0.5092689590580817,
        0.42492295677646874,
        0.5956248758754592,
        0.2768477159277774,
        0.8538250050621953,
        0.7467471025408775,
        1.1142837816759874,
        0.29668637592438013,
        0.7602930710188691,
        0.5630796731357298,
        0.33951325324139814,
        0.7181932115121563,
        1.011571290274616,
        0.970916207791156,
        1.0329814821089656,
        0.012629652082759056,
        0.5284391143449259,
        1.0731763797066476,
        1.0722375105990352,
        0.5858828360496391,
        0.659532845416492,
        0.9840449749670147,
        0.4150424131645512,
        0.3877362596468358,
        0.5212209099891747,
        1.0007696853993018
      ],
      [
        0.23044975109353627,
        0.5520491745578138,
        0.6176219536524122,
        0.8534138616579025,
        0.6301577406945825,
        0.7200674870550801,
        0.7994690872095251,
        0.9837126755723281,
        0.0,
        0.40311828253153736,
        0.20351062465189895,
        0.5703689200377732,
        0.3564274605214555,
        0.587924619235859,
        0.28307880652382156,
        0.3271612121923064,
        0.48919248450579683,
        0.930172974596178,
        0.6090320543239564,
        0.46950621628459144,
        0.2876893447606641,
        0.3065386186582402,
        0.5740319057416494,
        0.17462130014099303,
        0.6060753402083487,
        0.8283552478576965,
        0.730569675965494,
        0.9281609096104637,
        1.0943338055301435,
        0.4085462147258893,
        0.16422655601450206,
        0.6893419410901738,
        0.38859696206105115,
        0.4225458413173656,
        0.6476106427399958,
        0.266408033479996,
        0.7522717457452386,
        0.11364542736092655,
        0.23480325225162493,
        0.981567392416138,
        0.8274406979484307,
        0.3547342288854824,
        0.4259157552750871,
        0.6996767908096937,
        0.3610440418333117,
        0.44386563362511533,
        0.9144835057799658,
        0.8172723658914054,
        0.46252585259595524,
        1.0635254337969073
      ],
      [
        0.6256472575098931,
        0.42385720354894246,
        0.9352087935785305,
        0.6419201452175312,
        0.4611095944671146,
        0.6988544425291017,
        0.7300042746524921,
        0.7538679330796139,
        0.40311828253153736,
        0.0,
        0.3606031499340743,
        0.9734872025693104,
        0.12419860157899977,
        0.4157544174240852,
        0.4471661992789203,
        0.39710431238348365,
        0.805982827813253,
        0.860742102522861,
        0.9266161872169294,
        0.8026768163791462,
        0.6908076272922015,
        0.6240785541181879,
        0.7629418355543848,
        0.44793358106161557,
        0.25101783011258305,
        0.7263620724271123,
        0.7573503397295448,
        0.8139317174243014,
        1.1152426452490742,
        0.0675748926921053,
        0.566945472126433,
        0.5118323087734395,
        0.014539258556544568,
        0.29954768028966233,
        0.4364815782894605,
        0.46275381416002714,
        1.0968953549179377,
        0.3173019281120528,
        0.6379215347831623,
        0.7566010587902712,
        0.8259671870250331,
        0.7578525114170197,
        0.8290340378066244,
        0.7387925374761368,
        0.4803497341116189,
        0.8020762300030979,
        0.8452855231194272,
        0.7030431737052429,
        0.3482966604097929,
        1.2624310736832283
      ],
      [
        0.2698353928507,
        0.41914118108533605,
        0.6043590666170654,
        0.6748136064357924,
        0.45610462450877265,
        0.6242860675523675,
        0.6540081289875583,
        0.8048647858136162,
        0.20351062465189895,
        0.3606031499340743,
        0.0,
        0.6466533371043603,
        0.23640454835507452,
        0.40907507705978025,
        0.08656304934484603,
        0.1923487657751918,
        0.49005186034685455,
        0.7846807812416715,
        0.6066138217412731,
        0.47900940549858395,
        0.34261927669346326,
        0.3008732606528831,
        0.48849159661979097,
        0.08908099101913451,
        0.5205350310864902,
        0.7396196404818277,
        0.6274686366576709,
        0.7901157034564578,
        0.9912327662223204,
        0.3987366911179814,
        0.3637890424851494,
        0.5141923450417718,
        0.3532454657632607,
        0.2896378478448878,
        0.4798531633507127,
        0.126431713974523,
        0.7790603990498348,
        0.17067734385152616,
        0.37706001334850014,
        0.8028091680636475,
        0.7243396586406075,
        0.49699098998235763,
        0.5681725163719623,
        0.5965757515018704,
        0.25794300252548846,
        0.48086161271706807,
        0.7692815347640958,
        0.6792271597373993,
        0.3244806464419493,
        1.0619118774212457
      ],
      [
        0.48124004023967937,
        0.8492647833040247,
        0.3961288790909562,
        1.0705189715483407,
        0.8534756224384349,
        0.6680545976535054,
        0.7749567741524364,
        1.1825515119224614,
        0.5703689200377732,
        0.9734872025693104,
        0.6466533371043603,
        0.0,
        0.8671975309165576,
        0.8236953637094441,
        0.7332163864492064,
        0.6487541210806325,
        0.33394298200232797,
        0.8567069180806764,
        0.36467771032131724,
        0.3141306824876159,
        0.4907469842943739,
        0.3972212524143258,
        0.6298204605743696,
        0.6123693652135184,
        0.9501121581197186,
        0.8255838230184157,
        0.6012079671468082,
        0.9273237721805792,
        0.6994610826883683,
        0.9786793617125563,
        0.4350902245613035,
        0.9069190052457671,
        0.9589658820988243,
        0.7197614500635765,
        0.8940401020406877,
        0.6013502591820356,
        0.36013663027291126,
        0.6837785743475936,
        0.3355656677861482,
        1.171799519519572,
        0.7110402588691876,
        0.21563469115229075,
        0.14735215344232566,
        0.6005074322202185,
        0.5417450299006635,
        0.21723290035014084,
        0.8482805968075463,
        0.8828067298234964,
        0.7250309395788539,
        0.6953751856777018
      ],
      [
        0.5014486559308934,
        0.5313526723817521,
        0.8369675526219257,
        0.763338143666919,
        0.5750342556286963,
        0.8011561013807433,
        0.8481403462872434,
        0.8771273975067233,
        0.3564274605214555,
        0.12419860157899977,
        0.23640454835507452,
        0.8671975309165576,
        0.0,
        0.5280047081797038,
        0.32296759769992056,
        0.42875331413026635,
        0.7256479092762479,
        0.9771055879317522,
        0.840904453413082,
        0.7151953967444705,
        0.5742112563744758,
        0.5372777276096339,
        0.7231455850832722,
        0.3237349794826158,
        0.37510075099403767,
        0.8504449933085669,
        0.8521075898003464,
        0.9162333762759429,
        1.2099998953198758,
        0.16233214276290686,
        0.5122488338999972,
        0.6313609292942691,
        0.11684091740818621,
        0.40184933914130394,
        0.5569846671503399,
        0.36283626232959754,
        1.0152652813406322,
        0.2507100983863577,
        0.580475124835381,
        0.8796150599517302,
        0.9282688458766747,
        0.7004061014692384,
        0.7715876278588432,
        0.8329802998569449,
        0.494347550880563,
        0.7172660796738188,
        0.9614184125813771,
        0.8053448325568846,
        0.4505983192614345,
        1.2962025090930547
      ],
      [
        0.4865799164920523,
        0.25923823256315237,
        0.588934053973216,
        0.2657385293760121,
        0.04702954744899241,
        0.32251263507175126,
        0.43060929957796673,
        0.39578970875383596,
        0.587924619235859,
        0.4157544174240852,
        0.40907507705978025,
        0.8236953637094441,
        0.5280047081797038,
        0.0,
        0.42655876786387814,
        0.2608879952983809,
        0.6273172293241525,
        0.5416713009343508,
        0.6138922286494086,
        0.6134412111040981,
        0.5259722921819585,
        0.4341442795485949,
        0.3488617885362626,
        0.41353925564558774,
        0.24183414262515485,
        0.4800418604366616,
        0.4176090890905516,
        0.4958162187247175,
        0.7760172361778825,
        0.47931228610795074,
        0.7211383610808806,
        0.10511726798199154,
        0.4302936759806298,
        0.16938027463556138,
        0.07077808629093248,
        0.3226495925697688,
        0.7952595197761779,
        0.5797524209113064,
        0.652482631945732,
        0.39373409100386725,
        0.43824870766945373,
        0.6955938680989362,
        0.6946549989913235,
        0.38815220244183596,
        0.2819503338087806,
        0.6064624633593032,
        0.5282985941967976,
        0.4802611730494476,
        0.12551465975399748,
        0.9051892926535489
      ],
      [
        0.3483175620407861,
        0.39273073789976676,
        0.6844898441611895,
        0.6922413913169208,
        0.46959900276575733,
        0.5976080743426728,
        0.662942433859482,
        0.8222920506814868,
        0.28307880652382156,
        0.4471661992789203,
        0.08656304934484603,
        0.7332163864492064,
        0.32296759769992056,
        0.42655876786387814,
        0.0,
        0.16567077256549723,
        0.560970369799177,
        0.7855216828184979,
        0.6809611187234608,
        0.5470943515791227,
        0.4202138615362607,
        0.3677974200236195,
        0.5686437688933295,
        0.16923316329267304,
        0.4949538522972903,
        0.7162105413929963,
        0.6705834914762532,
        0.7667066043676264,
        1.0343476210409026,
        0.4852997404628274,
        0.4460913899667542,
        0.5290385861008444,
        0.43980851510810676,
        0.26322740465931854,
        0.48673869106198653,
        0.212994763319369,
        0.8465496041940574,
        0.2251772161277198,
        0.46329000612291227,
        0.82029106791227,
        0.7250693157081515,
        0.5832209827567697,
        0.6359783077198249,
        0.6396906063204528,
        0.3010578573440708,
        0.5477857720878044,
        0.7781741925124888,
        0.655818060648568,
        0.3010715473531179,
        1.1362591744034334
      ],
      [
        0.26875524051356775,
        0.22705996533426953,
        0.5381044811950468,
        0.5265706187514235,
        0.3039282302002601,
        0.43193730177717565,
        0.49727166129398476,
        0.6566212781159896,
        0.3271612121923064,
        0.39710431238348365,
        0.1923487657751918,
        0.6487541210806325,
        0.42875331413026635,
        0.2608879952983809,
        0.16567077256549723,
        0.0,
        0.4088785154297694,
        0.6280036912328312,
        0.5295118748334456,
        0.4055725039956626,
        0.32931590811630107,
        0.25162456603982647,
        0.5526678890153331,
        0.15325728341467665,
        0.32928307973179305,
        0.5505397688274991,
        0.5049127189107561,
        0.6010358318021292,
        0.8686768484754055,
        0.4431270840626821,
        0.4661527862336024,
        0.36336781353534725,
        0.38256505382693906,
        0.09755663209382133,
        0.3210679184964893,
        0.06591705180066881,
        0.699791042534454,
        0.32573108755224117,
        0.42291676480734447,
        0.6546202953467728,
        0.5593985431426542,
        0.5206526254701245,
        0.519713756362512,
        0.47401983375495554,
        0.13538708477857359,
        0.4315212207304916,
        0.6125034199469915,
        0.49014728808307084,
        0.13540077478762072,
        0.9848099305134184
      ],
      [
        0.25891816117649247,
        0.6359384807640389,
        0.12922596576527748,
        0.8132035758426451,
        0.6375559783298015,
        0.3363368159980076,
        0.444177404876491,
        0.8517721426465159,
        0.48919248450579683,
        0.805982827813253,
        0.49005186034685455,
        0.33394298200232797,
        0.7256479092762479,
        0.6273172293241525,
        0.560970369799177,
        0.4088785154297694,
        0.0,
        0.5369054396469809,
        0.12063335940367623,
        0.025811439966050218,
        0.20891636555469725,
        0.1931729497755575,
        0.37038885393808774,
        0.40692675453638943,
        0.7381615951615624,
        0.4938660413629179,
        0.2832032220649014,
        0.5952588958505559,
        0.6343387968047467,
        0.8520055994924516,
        0.5296798465013184,
        0.6970656162495442,
        0.7914435692567086,
        0.5064351475235908,
        0.6976619676553959,
        0.3824182989339833,
        0.29091252710468457,
        0.5754664953528972,
        0.3648426682929461,
        0.8410201502436268,
        0.3971065683945482,
        0.24491169165908858,
        0.23908537208548533,
        0.2757781509157283,
        0.3453668955153718,
        0.15578028691945564,
        0.5267331890866254,
        0.5510889481679986,
        0.5272250632144091,
        0.575931415083649
      ],
      [
        0.7810149903027991,
        0.6985228785981111,
        0.463129617913279,
        0.37357011659501077,
        0.5203778281943935,
        0.21915866586259952,
        0.13073782787036894,
        0.42123092857726135,
        0.930172974596178,
        0.860742102522861,
        0.7846807812416715,
        0.8567069180806764,
        0.9771055879317522,
        0.5416713009343508,
        0.7855216828184979,
        0.6280036912328312,
        0.5369054396469809,
        0.0,
        0.4956125365007762,
        0.5616207175789667,
        0.7081159799730874,
        0.7300783894225384,
        0.36518278435289925,
        0.755705903591397,
        0.685121302606983,
        0.20977706029245372,
        0.25589945253065655,
        0.14673728950483608,
        0.43284432207756973,
        0.920826700759309,
        1.0120456142945906,
        0.5389610574004268,
        0.8602646705235659,
        0.5752562487904482,
        0.5829341213136143,
        0.663764941116182,
        0.6710915328843998,
        0.9426961382181974,
        0.8997802589034475,
        0.408941034721396,
        0.14715564180214982,
        0.7798492822695899,
        0.775913869366995,
        0.26125847411936765,
        0.5998912230957496,
        0.6907178775299571,
        0.015689468816212117,
        0.21467270767446545,
        0.5280606955658018,
        0.5799516087312205
      ],
      [
        0.3791162448086024,
        0.7565718401677153,
        0.03265577428582804,
        0.7166333843631957,
        0.5668626812004162,
        0.32814210841684716,
        0.42830279157522116,
        0.8358975293452462,
        0.6090320543239564,
        0.9266161872169294,
        0.6066138217412731,
        0.36467771032131724,
        0.840904453413082,
        0.6138922286494086,
        0.6809611187234608,
        0.5295118748334456,
        0.12063335940367623,
        0.4956125365007762,
        0.0,
        0.13961872067088518,
        0.3253605920567253,
        0.31316369869984134,
        0.2651427502530523,
        0.5253363220553294,
        0.8416672362771456,
        0.4824950826972407,
        0.24381576539412989,
        0.5811633541331281,
        0.5319271261452139,
        0.9335912124315694,
        0.6212888052662445,
        0.6263723191201589,
        0.9120769286603847,
        0.627068506927267,
        0.6282062903476087,
        0.49408226534558897,
        0.18850085644515183,
        0.6960933711139354,
        0.45645162705787223,
        0.8251455369423568,
        0.3487325522774998,
        0.33652065042401474,
        0.3142399741830661,
        0.2500455800433962,
        0.46535764443965566,
        0.24739042146938384,
        0.48833487043718027,
        0.5416319820149273,
        0.6472158121386928,
        0.4552980556799727
      ],
      [
        0.23995887655425788,
        0.6326324693299321,
        0.15170146482016292,
        0.8356790748975306,
        0.6432214698330889,
        0.3591133014614031,
        0.46712884631077234,
        0.8747235840807973,
        0.46950621628459144,
        0.8026768163791462,
        0.47900940549858395,
        0.3141306824876159,
        0.7151953967444705,
        0.6134412111040981,
        0.5470943515791227,
        0.4055725039956626,
        0.025811439966050218,
        0.5616207175789667,
        0.13961872067088518,
        0.0,
        0.18644023155223718,
        0.17929693155550316,
        0.3928643529929732,
        0.3943297639214471,
        0.7329101371827057,
        0.5166425268263134,
        0.3084771437577095,
        0.6175650697074107,
        0.6434969554325642,
        0.8486995880583448,
        0.5040858259711025,
        0.696664852640421,
        0.7881375578226018,
        0.503129136089484,
        0.6837859494353415,
        0.37528407243246364,
        0.3000706857325022,
        0.5582861379084176,
        0.3392486477627303,
        0.863971591677908,
        0.422435657351829,
        0.2193176711288728,
        0.21431071235681298,
        0.30038272258042975,
        0.33149087729531745,
        0.13018626638923986,
        0.5512801583359102,
        0.5738654336313941,
        0.5133490449943547,
        0.5942632387204785
      ],
      [
        0.0728990103297116,
        0.48814198983999235,
        0.3378966951980107,
        0.7731795019752088,
        0.556136152865303,
        0.5298764271356234,
        0.6251456041333339,
        0.9039384057440236,
        0.2876893447606641,
        0.6908076272922015,
        0.34261927669346326,
        0.4907469842943739,
        0.5742112563744758,
        0.5259722921819585,
        0.4202138615362607,
        0.32931590811630107,
        0.20891636555469725,
        0.7081159799730874,
        0.3253605920567253,
        0.18644023155223718,
        0.0,
        0.0935257318800481,
        0.579059583370821,
        0.2535913183938042,
        0.635562721206597,
        0.6873212240822579,
        0.46329240532099353,
        0.7781917201798929,
        0.8080086706846366,
        0.6800677088830498,
        0.3475448892571599,
        0.6095795356726352,
        0.6762863068217153,
        0.410448166274127,
        0.5965074793236569,
        0.2752800169230058,
        0.46458240098457443,
        0.385166921518087,
        0.23930166382550702,
        0.9014174826403691,
        0.5745357680333671,
        0.3592326404593645,
        0.3617066195762535,
        0.4468575058537198,
        0.24440556032753163,
        0.2735140839442331,
        0.6978128043614235,
        0.7438555925568439,
        0.423980402163562,
        0.7773686583774914
      ],
      [
        0.08401878782535353,
        0.45403420706897374,
        0.31669242413757004,
        0.6809678873874916,
        0.46392453827758573,
        0.529509765773565,
        0.6373503546520485,
        0.8117267911563064,
        0.3065386186582402,
        0.6240785541181879,
        0.3008732606528831,
        0.3972212524143258,
        0.5372777276096339,
        0.4341442795485949,
        0.3677974200236195,
        0.25162456603982647,
        0.1931729497755575,
        0.7300783894225384,
        0.31316369869984134,
        0.17929693155550316,
        0.0935257318800481,
        0.0,
        0.5578553123103803,
        0.21514811279919258,
        0.5536132056272025,
        0.6870389911384753,
        0.4763761718404589,
        0.7884318456261135,
        0.8221784538705001,
        0.6701013257973862,
        0.35812370825429674,
        0.5173679210849178,
        0.6095392955616432,
        0.3245308738285255,
        0.5044890178798385,
        0.20727525575165107,
        0.478752184170438,
        0.3843852652340676,
        0.25042144132114896,
        0.8092058680526519,
        0.5902795181701057,
        0.26911975680381794,
        0.2681808876962054,
        0.4689511006912858,
        0.15219394573981432,
        0.17998835206418498,
        0.7199061388621828,
        0.6887986267343016,
        0.33405211343885155,
        0.768461754379814
      ],
      [
        0.5802887759829691,
        0.6075909213177565,
        0.24116288817281029,
        0.5254674880064919,
        0.3018322410872702,
        0.14603558131343067,
        0.247358561752177,
        0.6549532995222019,
        0.5740319057416494,
        0.7629418355543848,
        0.48849159661979097,
        0.6298204605743696,
        0.7231455850832722,
        0.3488617885362626,
        0.5686437688933295,
        0.5526678890153331,
        0.37038885393808774,
        0.36518278435289925,
        0.2651427502530523,
        0.3928643529929732,
        0.579059583370821,
        0.5578553123103803,
        0.0,
        0.39941060560065644,
        0.5766367961639997,
        0.2543233421160471,
        0.16887867208423288,
        0.38769267056330925,
        0.5227454810778421,
        0.8141149396467955,
        0.7149908868600117,
        0.36134187900701287,
        0.7774810941109294,
        0.5167126938241261,
        0.3630635400945563,
        0.49135156807587144,
        0.4487963974436125,
        0.5954857796030374,
        0.6985228776868018,
        0.6442013071193127,
        0.2576031678553278,
        0.5987918221440296,
        0.5793827244361184,
        0.14035656230205043,
        0.47898931127843236,
        0.5100050891149233,
        0.3516932232557861,
        0.31471582286047545,
        0.47116419712466084,
        0.669933909511996
      ],
      [
        0.18087817038231271,
        0.3794557378203875,
        0.5253266425971463,
        0.6788746536486541,
        0.45554756816732894,
        0.5454461869140871,
        0.6250020162047442,
        0.8093072157591038,
        0.17462130014099303,
        0.44793358106161557,
        0.08908099101913451,
        0.6123693652135184,
        0.3237349794826158,
        0.41353925564558774,
        0.16923316329267304,
        0.15325728341467665,
        0.40692675453638943,
        0.755705903591397,
        0.5253363220553294,
        0.3943297639214471,
        0.2535913183938042,
        0.21514811279919258,
        0.39941060560065644,
        0.0,
        0.4314540400673557,
        0.6537339477167036,
        0.5682892776848893,
        0.7539472672004308,
        0.9221560866784986,
        0.4860671222455227,
        0.3155802812593552,
        0.5147206442772971,
        0.440575896890802,
        0.24995240457993928,
        0.474310653221928,
        0.091940962475215,
        0.6938788022768893,
        0.19607517400238092,
        0.2991122720861454,
        0.8070577878273217,
        0.6570137734559842,
        0.41904324872000287,
        0.48332900049539795,
        0.5397671679027068,
        0.2030385109169852,
        0.39513646486337756,
        0.7400164347751849,
        0.6430587234813725,
        0.2883122101859224,
        0.9806343777353022
      ],
      [
        0.588082294947407,
        0.1728393734363594,
        0.8167090616009529,
        0.40710726026999317,
        0.27480455507672946,
        0.5622639627038776,
        0.5762876304944838,
        0.5092689590580817,
        0.6060753402083487,
        0.25101783011258305,
        0.5205350310864902,
        0.9501121581197186,
        0.37510075099403767,
        0.24183414262515485,
        0.4949538522972903,
        0.32928307973179305,
        0.7381615951615624,
        0.685121302606983,
        0.8416672362771456,
        0.7329101371827057,
        0.635562721206597,
        0.5536132056272025,
        0.5766367961639997,
        0.4314540400673557,
        0.0,
        0.47534424231452926,
        0.6528240710355521,
        0.6234194831632206,
        1.0147165690028699,
        0.23747814348279586,
        0.747034321326711,
        0.30828472066269486,
        0.2599019988135853,
        0.2317264476379717,
        0.2266378786826602,
        0.3949325815083365,
        1.023034527403915,
        0.5323789308477587,
        0.7305663121535011,
        0.5131553696542694,
        0.6800054747841421,
        0.8220106625092107,
        0.8210717934015981,
        0.6224966997436028,
        0.41252427226651417,
        0.7328792577695777,
        0.6698384989410094,
        0.5357367230589576,
        0.24032234030214839,
        1.1470234352787037
      ],
      [
        0.7527842025394104,
        0.5856011770721877,
        0.45174784889826025,
        0.3781529301973967,
        0.4587483876967043,
        0.15752922536491032,
        0.10094338817995455,
        0.42492295677646874,
        0.8283552478576965,
        0.7263620724271123,
        0.7396196404818277,
        0.8255838230184157,
        0.8504449933085669,
        0.4800418604366616,
        0.7162105413929963,
        0.5505397688274991,
        0.4938660413629179,
        0.20977706029245372,
        0.4824950826972407,
        0.5166425268263134,
        0.6873212240822579,
        0.6870389911384753,
        0.2543233421160471,
        0.6537339477167036,
        0.47534424231452926,
        0.0,
        0.259775019816458,
        0.1480752408486913,
        0.5770311511218439,
        0.7128223857973252,
        0.9693142289760588,
        0.518258025616447,
        0.7352462411281145,
        0.463887974160009,
        0.5213046808159251,
        0.6131879265073047,
        0.659709763869381,
        0.8498091217190845,
        0.8506930621696329,
        0.4129060482292616,
        0.22771756148788977,
        0.7307620855357755,
        0.7289738453542104,
        0.24046371822853807,
        0.57909646720492,
        0.6416306807961425,
        0.1944942566264802,
        0.06039248074442831,
        0.4151389940398784,
        0.7172953440572624
      ],
      [
        0.5361914156507052,
        0.5995228681084938,
        0.21117916329570946,
        0.569166794878913,
        0.40094685565345406,
        0.10488972664322894,
        0.18803013810543429,
        0.5956248758754592,
        0.730569675965494,
        0.7573503397295448,
        0.6274686366576709,
        0.6012079671468082,
        0.8521075898003464,
        0.4176090890905516,
        0.6705834914762532,
        0.5049127189107561,
        0.2832032220649014,
        0.25589945253065655,
        0.24381576539412989,
        0.3084771437577095,
        0.46329240532099353,
        0.4763761718404589,
        0.16887867208423288,
        0.5682892776848893,
        0.6528240710355521,
        0.259775019816458,
        0.0,
        0.33908910553020755,
        0.36381336152574684,
        0.6897754470374395,
        0.756146161763934,
        0.46045649357319673,
        0.7503374772731826,
        0.4700549200119292,
        0.46420604424987283,
        0.5013699178620408,
        0.4191410782668302,
        0.7643644516872703,
        0.647594233514888,
        0.58487288347257,
        0.11399605751246236,
        0.5276632568810304,
        0.5220900985238285,
        0.030892885155800468,
        0.3695256341321824,
        0.43853185214139756,
        0.24709276095575236,
        0.314165703117334,
        0.43372925890747355,
        0.5110017899599009
      ],
      [
        0.8416168621376094,
        0.6360972400468178,
        0.5487693546343666,
        0.2300776893487054,
        0.4537129362679271,
        0.2592808926427187,
        0.15322852976872314,
        0.2768477159277774,
        0.9281609096104637,
        0.8139317174243014,
        0.7901157034564578,
        0.9273237721805792,
        0.9162333762759429,
        0.4958162187247175,
        0.7667066043676264,
        0.6010358318021292,
        0.5952588958505559,
        0.14673728950483608,
        0.5811633541331281,
        0.6175650697074107,
        0.7781917201798929,
        0.7884318456261135,
        0.38769267056330925,
        0.7539472672004308,
        0.6234194831632206,
        0.1480752408486913,
        0.33908910553020755,
        0.0,
        0.5775337488209357,
        0.8599544891034998,
        1.0638672013387271,
        0.39546863015412137,
        0.7993924588677568,
        0.5143840371346391,
        0.44387125430073293,
        0.6636839894819347,
        0.7567312696054873,
        0.9267669193543704,
        0.9493247818131477,
        0.2648308073805703,
        0.2570121306699078,
        0.8293938051792902,
        0.8281771247328708,
        0.3313342143261731,
        0.6489209666926988,
        0.7402624004396573,
        0.13893280874796765,
        0.11088854371905835,
        0.46563505701450847,
        0.7242753057686881
      ],
      [
        0.8735587048015421,
        0.961264490809922,
        0.5513881846711828,
        0.8020901990553742,
        0.7535374010974435,
