{
  "sol": {
    "z": 2.893262066975203,
    "tours": [
      [
        0,
        14,
        4,
        9,
        15,
        6,
        18,
        3,
        12
      ],
      [
        5,
        19,
        2,
        11,
        10,
        1,
        7,
        13,
        16
      ],
      [
        8
      ],
      [
        17
      ]
    ]
  },
  "params": {
    "gm": [
      [
        0.0,
        0.7596572299637535,
        0.752092998341523,
        0.6436871663225397,
        0.29203062123399803,
        0.571604882894149,
        0.4540498306751837,
        0.6366597649856021,
        1.0131288183642162,
        0.33653851809932617,
        1.1092401033428543,
        1.016570421169694,
        0.729916495404241,
        0.665291781953656,
        0.15547911791527994,
        0.39267267982437076,
        0.41710385752868956,
        0.9768168513776291,
        0.5781310241924695,
        0.5481834232736279,
        0.6505562970444371,
        0.7991331722351072,
        0.4017558557616034,
        1.0309192582705207,
        0.23066956167622196,
        0.28707357719716087,
        0.4730681229017481,
        0.46248249639217887,
        0.21783013270330173,
        0.8999625213190751,
        0.6495429130730225,
        0.26114411136887483,
        0.2867062208921468,
        0.602346923119007,
        0.40371623999847384,
        0.251048965730847,
        0.34833559742922743,
        0.2332440934484756,
        0.20424621226670492,
        0.4328414062882153,
        0.6779917104313598,
        0.5766539370654266,
        0.9879113634212862,
        0.20260441823779507,
        0.605094981478331,
        0.7338885512469282,
        0.3457732624586045,
        0.863248501854993,
        0.25796038526656717,
        0.6746508271497578
      ],
      [
        0.7596572299637535,
        0.0,
        0.18845735183029164,
        0.5766832812909976,
        0.5500659479777577,
        0.8579190290260812,
        0.3935708593830373,
        0.18905300405273873,
        1.0317177489295573,
        0.5069396773959269,
        0.49512554603354375,
        0.3630393456885944,
        0.724511609396023,
        0.24672378855428972,
        0.6975601785001606,
        0.4869180050460742,
        0.43727373860789154,
        0.7176630442157474,
        0.36340596279874815,
        0.8421192181845182,
        0.334128051633625,
        0.46938039472163084,
        0.9320757494705909,
        0.624355925621688,
        0.9612615666341269,
        1.0069295328740582,
        0.36645058963071087,
        0.7652630367662201,
        0.9774873626670553,
        0.29769120519727604,
        0.8264000283180148,
        0.6029476520976851,
        0.6055128785027806,
        0.7740164541342511,
        0.48002645118241377,
        0.5986689794772444,
        0.5401021490764643,
        0.6257284223387358,
        0.9639034422304584,
        0.6278619332133273,
        0.40945894897408636,
        0.9008265196567202,
        0.9236207528625728,
        0.6450836610006442,
        0.8171491391485114,
        0.39646040119014275,
        0.47993950657973633,
        1.0505468597908703,
        0.9880378794017668,
        0.41596115713515064
      ],
      [
        0.752092998341523,
        0.18845735183029164,
        0.0,
        0.40768055797801134,
        0.5258954584178573,
        0.7386175992220605,
        0.31518814425166997,
        0.30725757781378277,
        0.8505830584033668,
        0.5634113892365156,
        0.3666397512465365,
        0.26715562691184047,
        0.5558775723911736,
        0.408334779448459,
        0.6112393125209354,
        0.520955217531653,
        0.36039391224186357,
        0.5348039442610325,
        0.23051162844352116,
        0.7158524860764232,
        0.4921842829736147,
        0.28652129476691585,
        0.8551959231045629,
        0.5284722068449341,
        0.8745564558403963,
        0.9206086668948331,
        0.48466835725196167,
        0.6868803216348527,
        0.9315326853237298,
        0.1584212413783381,
        0.6583488325924615,
        0.5234510106239205,
        0.4767858051011032,
        0.6050137308212649,
        0.3484326578426475,
        0.5025337341798911,
        0.4058349306887109,
        0.5373501880946545,
        0.8964303447061994,
        0.5509821068472993,
        0.24140775324853306,
        0.7745597875486252,
        0.7424860623363824,
        0.5547133000135379,
        0.6518157833073386,
        0.21360130123542778,
        0.5981440803407804,
        0.882495664065317,
        0.9008498582972103,
        0.5773421204029133
      ],
      [
        0.6436871663225397,
        0.5766832812909976,
        0.40768055797801134,
        0.0,
        0.6405996602242653,
        0.3309370412440491,
        0.39423155655378367,
        0.614669420274178,
        0.6248256995689747,
        0.6586990912453088,
        0.5880845756759876,
        0.6485486718810746,
        0.1638423799829202,
        0.7386550625675792,
        0.4882080484072598,
        0.6422510093246628,
        0.40143395463976017,
        0.35339406542742047,
        0.26708501855580136,
        0.34405270510927677,
        0.8097336140681332,
        0.2827042248140354,
        0.47958245743507194,
        0.38723209194798097,
        0.6424801313726343,
        0.6156464908170831,
        0.7627184247400262,
        0.3109952003619294,
        0.5556475640508065,
        0.5661017993563494,
        0.2507985515868959,
        0.39678760232034516,
        0.5477521392543165,
        0.19733317284325358,
        0.4697284496356574,
        0.46962623383477203,
        0.5101023292179259,
        0.5730836990150247,
        0.6787957339197035,
        0.21084576003432443,
        0.16722433231691117,
        0.38147683182071224,
        0.6579881233536005,
        0.47358108417709144,
        0.2441352253293272,
        0.21900978218011455,
        0.7108064560661262,
        0.4749453830597514,
        0.6291750323354828,
        0.8940318678102673
      ],
      [
        0.29203062123399803,
        0.5500659479777577,
        0.5258954584178573,
        0.6405996602242653,
        0.0,
        0.6309403313685572,
        0.3052305856143827,
        0.36102613778522563,
        0.8887288029503787,
        0.04450818984200698,
        0.8925352096643939,
        0.7930510853296978,
        0.7202455121217349,
        0.37337894143544537,
        0.2366932243826678,
        0.10930526403606279,
        0.29583442562656254,
        0.8807256607957389,
        0.4237528278013119,
        0.6082002300431738,
        0.36461001602920406,
        0.6327434464176305,
        0.6918084839966732,
        1.0278317521722462,
        0.4879583532582864,
        0.5387355542857191,
        0.18361535834704673,
        0.5228967662549532,
        0.5098607539372998,
        0.6843166997961955,
        0.6667955214594957,
        0.25768566203610854,
        0.09432429060437134,
        0.5992593484523443,
        0.2207398175623804,
        0.17509973918836008,
        0.15895953964212142,
        0.08123377250480764,
        0.4898502036246539,
        0.42975390018994086,
        0.5230188496566165,
        0.6666085652563356,
        0.9837519289556391,
        0.198444983772148,
        0.6242228915027,
        0.5764546924168402,
        0.07409498186062873,
        0.8891960184064872,
        0.5160046458420668,
        0.4016298008381073
      ],
      [
        0.571604882894149,
        0.8579190290260812,
        0.7386175992220605,
        0.3309370412440491,
        0.6309403313685572,
        0.0,
        0.4664373370129883,
        0.7969289783885105,
        0.4530395906993061,
        0.6566260318503376,
        0.9114503402712818,
        0.9715498639161577,
        0.2907684310924522,
        0.9233605489341195,
        0.47900958821998696,
        0.6533204408758001,
        0.42064529041818965,
        0.6169508102337048,
        0.5195541888236879,
        0.034213331190785824,
        0.9468662380686801,
        0.6133786133406338,
        0.19266393738579898,
        0.7105978565432751,
        0.38519430908957364,
        0.36102409602159224,
        0.7737829508769453,
        0.1091223865019702,
        0.3537747501908473,
        0.8615936889618351,
        0.11958168111902338,
        0.3732560548258368,
        0.5441235940124873,
        0.1356990873636968,
        0.5061845865435723,
        0.4561048806949764,
        0.5204272687682459,
        0.554423224141115,
        0.477610214548544,
        0.23005886596701514,
        0.49816137356096024,
        0.05174532780605197,
        0.48620201448393197,
        0.43912722040296015,
        0.09380955002571152,
        0.547273949569531,
        0.7044118006220739,
        0.3031592741900829,
        0.3815919143545858,
        1.0014852362707771
      ],
      [
        0.4540498306751837,
        0.3935708593830373,
        0.31518814425166997,
        0.39423155655378367,
        0.3052305856143827,
        0.4664373370129883,
        0.0,
        0.3304916413755223,
        0.8272233185300162,
        0.3013608432292146,
        0.6603599090948802,
        0.5696711837164588,
        0.533491829342133,
        0.45692321192113117,
        0.3039893191171233,
        0.25708913314130094,
        0.04579204659479863,
        0.5844494225924889,
        0.1271465379979823,
        0.44854835880148086,
        0.5255558351694773,
        0.3477771454816342,
        0.5405940574574981,
        0.7814636485017646,
        0.5676907072510895,
        0.613358673491021,
        0.3775565485566642,
        0.3716921773831827,
        0.6163445410720598,
        0.451082327071101,
        0.4606424526458448,
        0.20937679271464774,
        0.2202013366910115,
        0.3888220768853191,
        0.08645559179937644,
        0.20509812009420708,
        0.1465312896934269,
        0.27534440000738186,
        0.5827300712415334,
        0.23638024120023438,
        0.2270072242368725,
        0.5072556602736829,
        0.7191263224630318,
        0.25151280161760686,
        0.4256674471354185,
        0.2826812991524154,
        0.3568487256095139,
        0.6787650798206916,
        0.5944670200187294,
        0.6060096639316987
      ],
      [
        0.6366597649856021,
        0.18905300405273873,
        0.30725757781378277,
        0.614669420274178,
        0.36102613778522563,
        0.7969289783885105,
        0.3304916413755223,
        0.0,
        0.8691055507626843,
        0.3178998672033949,
        0.66222586384786,
        0.5397881465081231,
        0.7636416508166712,
        0.12643157054560888,
        0.5915472831327201,
        0.29787819485354217,
        0.3762836879703209,
        0.7840944378759883,
        0.36565108286949627,
        0.7790400001770031,
        0.19506419379395512,
        0.48880747152737714,
        0.8710856988330202,
        0.8011047264412168,
        0.8444002458444473,
        0.8965889545027728,
        0.1774107794381789,
        0.7021838187587051,
        0.8544898976889039,
        0.4546113659061824,
        0.7911340940213671,
        0.53986843409017,
        0.41647306831024866,
        0.7193137182608413,
        0.41694723317489873,
        0.5069123150208524,
        0.431706194949038,
        0.4366886121462038,
        0.8391225043979149,
        0.5668718825757566,
        0.4474450879572669,
        0.8377473016492052,
        0.9576228260014695,
        0.545085742553352,
        0.7561590885109408,
        0.4644948470408015,
        0.2908865025269976,
        1.0092567211962138,
        0.8726237383228619,
        0.2793624475360893
      ],
      [
        1.0131288183642162,
        1.0317177489295573,
        0.8505830584033668,
        0.6248256995689747,
        0.8887288029503787,
        0.4530395906993061,
        0.8272233185300162,
        0.8691055507626843,
        0.0,
        0.8442206131083717,
        0.8458914506617434,
        0.9163281512998422,
        0.6100050010536453,
        0.9955371213082931,
        0.8866869707221052,
        0.9165392543599353,
        0.7828533497351162,
        0.4495638639642696,
        0.7000767805320338,
        0.48687552120181754,
        1.0641697445566394,
        0.6611998524341485,
        0.6296886571176259,
        0.6550115713667486,
        0.8342413687904824,
        0.8037597629087772,
        0.9847097008735878,
        0.5506463219720374,
        0.7952986856609146,
        1.0090042997817048,
        0.3740271479820788,
        0.7893012154773658,
        0.9460817471334251,
        0.4398233194445957,
        0.8755110125270273,
        0.8669555039311716,
        0.9029588534963207,
        0.9636969156808852,
        0.9266171795122358,
        0.6093246823491698,
        0.6260320294800079,
        0.45521611187584793,
        0.1080969960669844,
        0.8632669508667035,
        0.41899545435433017,
        0.6370542963623302,
        0.8999236043590831,
        0.14988031650922323,
        0.827528013530515,
        1.1484679982987736
      ],
      [
        0.33653851809932617,
        0.5069396773959269,
        0.5634113892365156,
        0.6586990912453088,
        0.04450818984200698,
        0.6566260318503376,
        0.3013608432292146,
        0.3178998672033949,
        0.8442206131083717,
        0.0,
        0.9217232452669872,
        0.8281720508274029,
        0.744964919352883,
        0.32891490962655084,
        0.2753414558973675,
        0.07231864125156365,
        0.29869252404211705,
        0.8706202424178747,
        0.41331735782336815,
        0.6353688933775178,
        0.3220431960174935,
        0.6334460422136106,
        0.7186322987476431,
        1.0459311831932898,
        0.5302901420707422,
        0.580362720962026,
        0.14048908776521604,
        0.5497205810059231,
        0.5543686508026279,
        0.7124456632432081,
        0.6857744609647112,
        0.2846624719902393,
        0.11256886649009328,
        0.6168182827348596,
        0.21497873139386808,
        0.20162789787995242,
        0.15984443526201472,
        0.11947630257251356,
        0.533968140556085,
        0.44785333121098436,
        0.5131651317150139,
        0.6935070935509474,
        0.9523176091753561,
        0.23250195586888547,
        0.644339250810861,
        0.5690748848778268,
        0.05570299125071141,
        0.9064153447510017,
        0.5582291544991302,
        0.36271772259831486
      ],
      [
        1.1092401033428543,
        0.49512554603354375,
        0.3666397512465365,
        0.5880845756759876,
        0.8925352096643939,
        0.9114503402712818,
        0.6603599090948802,
        0.66222586384786,
        0.8458914506617434,
        0.9217232452669872,
        0.0,
        0.1420699532301429,
        0.6529357966774563,
        0.7417001906230672,
        0.9633619955000422,
        0.8792670735621246,
        0.7030559863956584,
        0.400454259036786,
        0.5513170821619263,
        0.928572994100775,
        0.82905363091622,
        0.6531610460134524,
        1.067634876668345,
        0.20085248372800665,
        1.1733849350006782,
        1.2035608918454408,
        0.8286887857050415,
        0.8989096013902871,
        1.0980319846780655,
        0.2092775820237792,
        0.8116391742833867,
        0.8692410680606295,
        0.8401815974992687,
        0.7757913099294033,
        0.7067445138731192,
        0.8582600639714121,
        0.7671875319851591,
        0.9009305104404347,
        1.2419251281078512,
        0.798930335710312,
        0.6080475044950696,
        0.9595696318210053,
        0.737794454594759,
        0.9086979643408335,
        0.8192670955222261,
        0.5802410524819643,
        0.9531123663748575,
        0.8937818294480857,
        1.2016685848825852,
        0.9110413923797448
      ],
      [
        1.016570421169694,
        0.3630393456885944,
        0.26715562691184047,
        0.6485486718810746,
        0.7930510853296978,
        0.9715498639161577,
        0.5696711837164588,
        0.5397881465081231,
        0.9163281512998422,
        0.8281720508274029,
        0.1420699532301429,
        0.0,
        0.6807814328237055,
        0.6092823300407817,
        0.8720252195787241,
        0.7857158791225402,
        0.6126865337519684,
        0.48535523503896083,
        0.46114690379061585,
        0.9464877614235179,
        0.6966286054097609,
        0.5536769216787563,
        1.1074885446146678,
        0.2613165799330936,
        1.0948084427179725,
        1.1236974398816826,
        0.7171989259463021,
        0.9413633610996415,
        1.0079758753961447,
        0.11922147274185846,
        0.8721032704884737,
        0.7787808987829545,
        0.7438583399663538,
        0.8362554061344902,
        0.6131933194335347,
        0.7658718158088105,
        0.672246114587274,
        0.8044642435052578,
        1.1516642984857057,
        0.8032747283574041,
        0.5085633801603735,
        1.0051950628957198,
        0.8082311552328578,
        0.8168679088675511,
        0.8777403138904462,
        0.4807569281472682,
        0.8306746490351207,
        0.9786828054502605,
        1.1137727200431278,
        0.7770054636651264
      ],
      [
        0.729916495404241,
        0.724511609396023,
        0.5558775723911736,
        0.1638423799829202,
        0.7202455121217349,
        0.2907684310924522,
        0.533491829342133,
        0.7636416508166712,
        0.6100050010536453,
        0.744964919352883,
        0.6529357966774563,
        0.6807814328237055,
        0.0,
        0.8623053993421899,
        0.5744373774889611,
        0.7306380223625266,
        0.4876997827473344,
        0.5172364454103406,
        0.41605724909829445,
        0.3151665213024757,
        0.9497119711851226,
        0.39607826836630416,
        0.4743547949809176,
        0.4523755213796659,
        0.6505793829691556,
        0.6287013183744082,
        0.8504500379220755,
        0.32501103107519197,
        0.569663394764069,
        0.7142988137695118,
        0.24205315236773245,
        0.48048448770366436,
        0.6340179673618906,
        0.1701816816090497,
        0.5747800757084788,
        0.5451457729333749,
        0.5963681573255002,
        0.6467430588711192,
        0.733868306656328,
        0.29711158814189864,
        0.3161965628594043,
        0.337261588466491,
        0.6431674248382713,
        0.5573866842213289,
        0.19695888106674067,
        0.3490356130360771,
        0.7934607945052397,
        0.4601246845444221,
        0.6431599677040394,
        1.0327258445403968
      ],
      [
        0.665291781953656,
        0.24672378855428972,
        0.408334779448459,
        0.7386550625675792,
        0.37337894143544537,
        0.9233605489341195,
        0.45692321192113117,
        0.12643157054560888,
        0.9955371213082931,
        0.32891490962655084,
        0.7417001906230672,
        0.6092823300407817,
        0.8623053993421899,
        0.0,
        0.598010831222912,
        0.31573585054519476,
        0.5027152585159298,
        0.9052049217427838,
        0.4917727024303466,
        0.905471570722612,
        0.08740657184293277,
        0.6018772213631411,
        0.9975172693786292,
        0.8705989099738753,
        0.8540773853392318,
        0.9033543109769856,
        0.19526843512983147,
        0.828615389304314,
        0.8831219146569578,
        0.5410465104416634,
        0.917565664566976,
        0.6053068659792228,
        0.4343307240019012,
        0.8457452888064503,
        0.48825841023420025,
        0.524769970712505,
        0.4495638506406906,
        0.4419324541575812,
        0.8622410848957031,
        0.6933034531213655,
        0.571430730250668,
        0.964178872194814,
        1.0836371846835349,
        0.5598964632844001,
        0.8825906590565497,
        0.584002278717179,
        0.32642934617612906,
        1.1356882917418227,
        0.8818414735443452,
        0.17042044519820693
      ],
      [
        0.15547911791527994,
        0.6975601785001606,
        0.6112393125209354,
        0.4882080484072598,
        0.2366932243826678,
        0.47900958821998696,
        0.3039893191171233,
        0.5915472831327201,
        0.8866869707221052,
        0.2753414558973675,
        0.9633619955000422,
        0.8720252195787241,
        0.5744373774889611,
        0.598010831222912,
        0.0,
        0.30770075273858954,
        0.26451569236644146,
        0.8213377334623492,
        0.425403759627612,
        0.4566964775729533,
        0.5954539627695907,
        0.6464059076702497,
        0.4733845373595216,
        0.8754401403552408,
        0.26370138813396626,
        0.3093693543738977,
        0.4141365036945412,
        0.3711807036622857,
        0.3505339554557941,
        0.754084413476263,
        0.5153023700660335,
        0.10575353339415014,
        0.18315554670540357,
        0.44686780520372693,
        0.2656494011631326,
        0.11256174646703412,
        0.22136678070008073,
        0.15607837706533081,
        0.29113504371782617,
        0.27736228837293536,
        0.5252644458665022,
        0.5146764366143771,
        0.8438773518282092,
        0.058570406644718145,
        0.47476418749825444,
        0.5811612866820706,
        0.30853386115912707,
        0.7368066542128819,
        0.29047770090160613,
        0.6377907956747662
      ],
      [
        0.39267267982437076,
        0.4869180050460742,
        0.520955217531653,
        0.6422510093246628,
        0.10930526403606279,
        0.6533204408758001,
        0.25708913314130094,
        0.29787819485354217,
        0.9165392543599353,
        0.07231864125156365,
        0.8792670735621246,
        0.7857158791225402,
        0.7306380223625266,
        0.31573585054519476,
        0.30770075273858954,
        0.0,
        0.26433262747067937,
        0.8327334881468741,
        0.37629442765919124,
        0.6351967854668262,
        0.29354579719288,
        0.590989870508748,
        0.7187347308872561,
        1.029483101272644,
        0.5700439616725677,
        0.6170333880983051,
        0.1204674154153633,
        0.5498230131455362,
        0.6105028125276725,
        0.6699894915383454,
        0.6698429051181637,
        0.2916633745058637,
        0.12552719222066758,
        0.5990838288253929,
        0.17252255968900543,
        0.2132818209362341,
        0.13426986518627482,
        0.16169655538221983,
        0.583182814459563,
        0.43352643422062803,
        0.4750266770077517,
        0.6938770337891688,
        0.9682742121242407,
        0.2562942684180001,
        0.6307886156017996,
        0.5307829573700138,
        0.11525997438443143,
        0.8860502612841277,
        0.5973484056210872,
        0.34892053079039775
      ],
      [
        0.41710385752868956,
        0.43727373860789154,
        0.36039391224186357,
        0.40143395463976017,
        0.29583442562656254,
        0.42064529041818965,
        0.04579204659479863,
        0.3762836879703209,
        0.7828533497351162,
        0.29869252404211705,
        0.7030559863956584,
        0.6126865337519684,
        0.4876997827473344,
        0.5027152585159298,
        0.26451569236644146,
        0.26433262747067937,
        0.0,
        0.5886722607127873,
        0.16107514944432894,
        0.4104785339261502,
        0.5578784246635593,
        0.3820772974869666,
        0.4948020108626994,
        0.7886660465877411,
        0.5282170805004077,
        0.5738850467403391,
        0.38480004288604264,
        0.3314531036299582,
        0.5761054673188353,
        0.49377840437187914,
        0.41485040605104617,
        0.16625899337545644,
        0.20500084261685766,
        0.3430300302905205,
        0.09372504728780881,
        0.1728877372638288,
        0.13892294885196266,
        0.25476020181951115,
        0.5390379835756899,
        0.19058819460543575,
        0.2609358356832191,
        0.4676904256925766,
        0.7530549339093784,
        0.21486298210556706,
        0.37987540054061986,
        0.31683267649878755,
        0.3543197057666206,
        0.6329730332258929,
        0.5549933932680475,
        0.6132531582610772
      ],
      [
        0.9768168513776291,
        0.7176630442157474,
        0.5348039442610325,
        0.35339406542742047,
        0.8807256607957389,
        0.6169508102337048,
        0.5844494225924889,
        0.7840944378759883,
        0.4495638639642696,
        0.8706202424178747,
        0.400454259036786,
        0.48535523503896083,
        0.5172364454103406,
        0.9052049217427838,
        0.8213377334623492,
        0.8327334881468741,
        0.5886722607127873,
        0.0,
        0.4573028845945066,
        0.6412172488763718,
        0.9786449202945072,
        0.3941226365570928,
        0.7974276427091538,
        0.22500888150944215,
        0.9695224835726164,
        0.9415098844336215,
        0.9532009035622374,
        0.6380375525619115,
        0.8826899162507886,
        0.6045767077808193,
        0.5614945542027776,
        0.748864664053865,
        0.793673103329645,
        0.48962308344409483,
        0.6602109284578687,
        0.7615599979766161,
        0.7253484239785599,
        0.8434324625322984,
        1.0308727956532233,
        0.5629228217678443,
        0.3577068111391224,
        0.6634439676077436,
        0.3414668678972852,
        0.8035352428183544,
        0.5231412602079932,
        0.3212026430256047,
        0.9242859752111222,
        0.49332757041129977,
        0.9562173845354649,
        1.0633944096476573
      ],
      [
        0.5781310241924695,
        0.36340596279874815,
        0.23051162844352116,
        0.26708501855580136,
        0.4237528278013119,
        0.5195541888236879,
        0.1271465379979823,
        0.36565108286949627,
        0.7000767805320338,
        0.41331735782336815,
        0.5513170821619263,
        0.46114690379061585,
        0.41605724909829445,
        0.4917727024303466,
        0.425403759627612,
        0.37629442765919124,
        0.16107514944432894,
        0.4573028845945066,
        0.0,
        0.485340857632902,
        0.5607152766634513,
        0.22100214804263768,
        0.6465284504859325,
        0.6543171105037824,
        0.6891051477615783,
        0.7347731140015097,
        0.49676184307455457,
        0.49252825307428716,
        0.7371806167631643,
        0.34203950013814716,
        0.5168017655828187,
        0.32482357998027817,
        0.3441479967356488,
        0.46441819139905494,
        0.20377186797018582,
        0.3314472226435407,
        0.26833855111187344,
        0.40110787374939716,
        0.6982022439738923,
        0.3516633440497647,
        0.09986068623889019,
        0.5440481591051041,
        0.5919797844650494,
        0.3757173145922957,
        0.5112202438851285,
        0.1557575270544586,
        0.4672823143746437,
        0.7409485970556742,
        0.7158814605292181,
        0.6450135304055855
      ],
      [
        0.5481834232736279,
        0.8421192181845182,
        0.7158524860764232,
        0.34405270510927677,
        0.6082002300431738,
        0.034213331190785824,
        0.44854835880148086,
        0.7790400001770031,
        0.48687552120181754,
        0.6353688933775178,
        0.928572994100775,
        0.9464877614235179,
        0.3151665213024757,
        0.905471570722612,
        0.4566964775729533,
        0.6351967854668262,
        0.4104785339261502,
        0.6412172488763718,
        0.485340857632902,
        0.0,
        0.922986946049678,
        0.6249560740406261,
        0.16118759285303053,
        0.7277205103727683,
        0.35104912573324837,
        0.32754321758503585,
        0.7555117787558969,
        0.08570092688144909,
        0.3303532905703262,
        0.8273803577710492,
        0.150070273525431,
        0.3509429441788031,
        0.5231620832612677,
        0.15454930128032776,
        0.4931012727655217,
        0.4340504945074712,
        0.5034579786801155,
        0.53145702682446,
        0.44344640316541944,
        0.22107749389143178,
        0.5112770374261879,
        0.05870730147220202,
        0.5200379449864434,
        0.4157770752617453,
        0.11829294589508356,
        0.5630624872893913,
        0.6819913682060234,
        0.3369952046925943,
        0.3477125755105428,
        0.9839675000262796
      ],
      [
        0.6505562970444371,
        0.334128051633625,
        0.4921842829736147,
        0.8097336140681332,
        0.36461001602920406,
        0.9468662380686801,
        0.5255558351694773,
        0.19506419379395512,
        1.0641697445566394,
        0.3220431960174935,
        0.82905363091622,
        0.6966286054097609,
        0.9497119711851226,
        0.08740657184293277,
        0.5954539627695907,
        0.29354579719288,
        0.5578784246635593,
        0.9786449202945072,
        0.5607152766634513,
        0.922986946049678,
        0.0,
        0.681801652164259,
        1.0122805280801361,
        0.9579451853428544,
        0.8523101276379395,
        0.9023002260517434,
        0.18166327769434065,
        0.8433688103384162,
        0.8683864297477388,
        0.6278103552940213,
        0.9633887023110437,
        0.5852091716987438,
        0.41762601159300583,
        0.8926296260182729,
        0.4660683568818854,
        0.5067377679960522,
        0.4278156623791548,
        0.44092976328151523,
        0.8524224759041944,
        0.7270722314135081,
        0.642509281751222,
        0.9816942475218801,
        1.1526870197954246,
        0.5476755781820294,
        0.9243344127946795,
        0.6595051970471637,
        0.3048088479025475,
        1.1795960584770078,
        0.8802671584044632,
        0.08532292031084836
      ],
      [
        0.7991331722351072,
        0.46938039472163084,
        0.28652129476691585,
        0.2827042248140354,
        0.6327434464176305,
        0.6133786133406338,
        0.3477771454816342,
        0.48880747152737714,
        0.6611998524341485,
        0.6334460422136106,
        0.6531610460134524,
        0.5536769216787563,
        0.39607826836630416,
        0.6018772213631411,
        0.6464059076702497,
        0.590989870508748,
        0.3820772974869666,
        0.3941226365570928,
        0.22100214804263768,
        0.6249560740406261,
        0.681801652164259,
        0.0,
        0.7592932218349212,
        0.6191315180665349,
        0.910107295804216,
        0.8983507156311186,
        0.6662182509655561,
        0.5936994251759649,
        0.838351788864842,
        0.4449425361452539,
        0.5293349165014664,
        0.5458257280229158,
        0.5600702403546531,
        0.47996909309465013,
        0.4184673108197425,
        0.5524452143883669,
        0.48358333127197606,
        0.6187255239172408,
        0.91920439201653,
        0.4550794055776576,
        0.14390082289059838,
        0.6641199005171112,
        0.553102856367164,
        0.5967194626349334,
        0.5265494292998774,
        0.07291999353148806,
        0.6882844624172814,
        0.7361455966610131,
        0.9118792571495182,
        0.7669760012397498
      ],
      [
        0.4017558557616034,
        0.9320757494705909,
        0.8551959231045629,
        0.47958245743507194,
        0.6918084839966732,
        0.19266393738579898,
        0.5405940574574981,
        0.8710856988330202,
        0.6296886571176259,
        0.7186322987476431,
        1.067634876668345,
        1.1074885446146678,
        0.4743547949809176,
        0.9975172693786292,
        0.4733845373595216,
        0.7187347308872561,
        0.4948020108626994,
        0.7974276427091538,
        0.6465284504859325,
        0.16118759285303053,
        1.0122805280801361,
        0.7592932218349212,
        0.0,
        0.8667823929403383,
        0.20968314922555534,
        0.17414982529477863,
        0.8389768726119279,
        0.16891171774171995,
        0.18398220715300562,
        0.9885679506240798,
        0.3112312284441698,
        0.43433888800985554,
        0.6063875913884215,
        0.3078068575878687,
        0.579687763515213,
        0.5174160995941511,
        0.5875022519517306,
        0.6146678176847309,
        0.3003688545190194,
        0.3042138162572637,
        0.6153923989443228,
        0.17489808130382314,
        0.6628510809022518,
        0.4989878661220162,
        0.2777745744248376,
        0.6864192845741838,
        0.747529118220208,
        0.47980834060840266,
        0.19915764234856906,
        1.0675947210967633
      ],
      [
        1.0309192582705207,
        0.624355925621688,
        0.5284722068449341,
        0.38723209194798097,
        1.0278317521722462,
        0.7105978565432751,
        0.7814636485017646,
        0.8011047264412168,
        0.6550115713667486,
        1.0459311831932898,
        0.20085248372800665,
        0.2613165799330936,
        0.4523755213796659,
        0.8705989099738753,
        0.8754401403552408,
        1.029483101272644,
        0.7886660465877411,
        0.22500888150944215,
        0.6543171105037824,
        0.7277205103727683,
        0.9579451853428544,
        0.6191315180665349,
        0.8667823929403383,
        0.0,
        0.9725324512726716,
        1.0027084081174342,
        0.9785155058793957,
        0.6980571176622804,
        0.9427094813511575,
        0.38053805267495205,
        0.61078669055538,
        0.7840196942683261,
        0.9349842312022973,
        0.5749388262013966,
        0.8569605415836384,
        0.8568583257827529,
        0.8973344211659069,
        0.9603157909630056,
        1.0650187788690033,
        0.5980778519823053,
        0.5544564242648922,
        0.7587171480929986,
        0.5469145752997642,
        0.8608131761250724,
        0.6184146117942194,
        0.5462115245350468,
        1.0919912289682143,
        0.7183364519207419,
        1.0008161011545786,
        1.03832204359822
      ],
      [
        0.23066956167622196,
        0.9612615666341269,
        0.8745564558403963,
        0.6424801313726343,
        0.4879583532582864,
        0.38519430908957364,
        0.5676907072510895,
        0.8444002458444473,
        0.8342413687904824,
        0.5302901420707422,
        1.1733849350006782,
        1.0948084427179725,
        0.6505793829691556,
        0.8540773853392318,
        0.26370138813396626,
        0.5700439616725677,
        0.5282170805004077,
        0.9695224835726164,
        0.6891051477615783,
        0.35104912573324837,
        0.8523101276379395,
        0.910107295804216,
        0.20968314922555534,
        0.9725324512726716,
        0.0,
        0.05649656590857257,
        0.670767739944849,
        0.3314849310107049,
        0.0868325673218278,
        0.975586969976114,
        0.49469931437802045,
        0.36945492152811643,
        0.4465743738146954,
        0.48653490020330403,
        0.5266793545786123,
        0.3720227216605052,
        0.4810599773778599,
        0.41214493118165063,
        0.0924863275963316,
        0.47880062427655196,
        0.7889658340004685,
        0.3796760369254486,
        0.8674037925751081,
        0.3199238866358547,
        0.453620501902415,
        0.8448626748160368,
        0.5535137433174496,
        0.6843610522812591,
        0.028283649881907028,
        0.8870620251497643
      ],
      [
        0.28707357719716087,
        1.0069295328740582,
        0.9206086668948331,
        0.6156464908170831,
        0.5387355542857191,
        0.36102409602159224,
        0.613358673491021,
        0.8965889545027728,
        0.8037597629087772,
        0.580362720962026,
        1.2035608918454408,
        1.1236974398816826,
        0.6287013183744082,
        0.9033543109769856,
        0.3093693543738977,
        0.6170333880983051,
        0.5738850467403391,
        0.9415098844336215,
        0.7347731140015097,
        0.32754321758503585,
        0.9023002260517434,
        0.8983507156311186,
        0.17414982529477863,
        1.0027084081174342,
        0.05649656590857257,
        0.0,
        0.7206375750538654,
        0.30465129045515377,
        0.11572156448553762,
        1.004475967139824,
        0.47558835369440866,
        0.41512288776804784,
        0.49241250954219395,
        0.45855886263339235,
        0.5750187555370303,
        0.42193110084093177,
        0.5307361350739784,
        0.4614218568194044,
        0.1312785574032315,
        0.45196698372100075,
        0.76314556640806,
        0.34868873648061927,
        0.8369221866934031,
        0.3679397610186158,
        0.43715904307847064,
        0.8341724520379209,
        0.6057024519757752,
        0.653879446399554,
        0.03137787129782172,
        0.9391413317333202
      ],
      [
        0.4730681229017481,
        0.36645058963071087,
        0.48466835725196167,
        0.7627184247400262,
        0.18361535834704673,
        0.7737829508769453,
        0.3775565485566642,
        0.1774107794381789,
        0.9847097008735878,
        0.14048908776521604,
        0.8286887857050415,
        0.7171989259463021,
        0.8504500379220755,
        0.19526843512983147,
        0.4141365036945412,
        0.1204674154153633,
        0.38480004288604264,
        0.9532009035622374,
        0.49676184307455457,
        0.7555117787558969,
        0.18166327769434065,
        0.6662182509655561,
        0.8389768726119279,
        0.9785155058793957,
        0.670767739944849,
        0.7206375750538654,
        0.0,
        0.6700651548702079,
        0.6908982556050498,
        0.6194112036812622,
        0.7888465865183513,
        0.41003843084939134,
        0.23906228887206976,
        0.7177566356452784,
        0.29298997510436875,
        0.32950153558267353,
        0.2542954155108591,
        0.2592778327080249,
        0.6730438989276999,
        0.5533384497801769,
        0.595494092423115,
        0.8141744615203449,
        1.088741627539604,
        0.3676749631151731,
        0.7503735608907738,
        0.6419056264789804,
        0.1311611910408728,
        1.0033142243211284,
        0.6986898955802112,
        0.229218948166264
      ],
      [
        0.46248249639217887,
        0.7652630367662201,
        0.6868803216348527,
        0.3109952003619294,
        0.5228967662549532,
        0.1091223865019702,
        0.3716921773831827,
        0.7021838187587051,
        0.5506463219720374,
        0.5497205810059231,
        0.8989096013902871,
        0.9413633610996415,
        0.32501103107519197,
        0.828615389304314,
        0.3711807036622857,
        0.5498230131455362,
        0.3314531036299582,
        0.6380375525619115,
        0.49252825307428716,
        0.08570092688144909,
        0.8433688103384162,
        0.5936994251759649,
        0.16891171774171995,
        0.6980571176622804,
        0.3314849310107049,
        0.30465129045515377,
        0.6700651548702079,
        0.0,
        0.2446523636888771,
        0.8227745044542838,
        0.18706041668084358,
        0.26542717026813556,
        0.43747587364670154,
        0.1550499691925991,
        0.4107760457734931,
        0.34850438185243116,
        0.4185905342100106,
        0.44575609994301096,
        0.40885727558113605,
        0.147315693265847,
        0.45849427595290626,
        0.14418571573015546,
        0.5838087457566633,
        0.3300761483802962,
        0.14261248508615207,
        0.5295211615827672,
        0.5965953375045328,
        0.4007660054628142,
        0.3181798319735533,
        0.8986830033550435
      ],
      [
        0.21783013270330173,
        0.9774873626670553,
        0.9315326853237298,
        0.5556475640508065,
        0.5098607539372998,
        0.3537747501908473,
