{
  "sol": {
    "z": 3.991268539833674,
    "tours": [
      [
        0,
        10,
        1,
        2,
        16,
        15,
        13,
        12,
        18,
        14,
        9,
        8
      ],
      [
        6,
        19,
        5,
        17,
        4,
        7,
        3,
        11
      ]
    ]
  },
  "params": {
    "gm": [
      [
        0.0,
        0.3669153201039927,
        0.5498591968838906,
        0.8905435879248561,
        0.3828108955360621,
        0.45129180761362453,
        0.598435607209176,
        0.7825756551884291,
        0.7870662766715091,
        1.0165588262632625,
        0.2505346665750292,
        0.7332498004021388,
        0.5931360627947965,
        0.6864986851460229,
        0.9763041324571367,
        0.8833448998223288,
        0.6167355911418559,
        0.5239838536747593,
        0.7645274743651448,
        0.5372168886326164,
        0.28616942273600343,
        0.9632264610088774,
        0.9772186289475636,
        0.7764428866607256,
        0.9689014431431218,
        0.8203322435391045,
        0.5760349691787079,
        0.8901901989497558,
        0.9125516119166496,
        0.2693645678475246,
        1.020550413177287,
        0.38358091244152254,
        0.4668927529795749,
        0.38760810665058454,
        0.8320851933451803,
        0.9019891498095391,
        0.5578798094488451,
        0.27647285579080577,
        0.7822149055221982,
        0.3278674209742651,
        0.5180624400568089,
        0.6128091240834707,
        0.7689525715262264,
        0.942083109088337,
        0.6800441680551312,
        0.5740206726631509,
        0.3700423237422151,
        0.3447997353828855,
        0.9627251012789415,
        1.0996724323396674
      ],
      [
        0.3669153201039927,
        0.0,
        0.21276431903724077,
        0.8816458024508357,
        0.7416873391587306,
        0.6794790317903283,
        0.818053698262329,
        1.002193746241582,
        0.938430554979698,
        0.8976060126579869,
        0.5723089514736158,
        0.8685860557472851,
        0.7283480143764719,
        0.7267602243657986,
        0.9489304802871911,
        0.7860096663261432,
        0.5198178590393245,
        0.85930564584572,
        0.8948281979308446,
        0.7689582914170416,
        0.652982653566607,
        0.9449683827303471,
        0.9689816198336123,
        0.9959092554737935,
        0.950909402828043,
        0.9506329671048043,
        0.8312571072027386,
        0.8757802529345731,
        1.1321922602021304,
        0.49897667921000843,
        1.2503076117351422,
        0.6100463510047018,
        0.6713093498813738,
        0.10294778611328247,
        1.0536040063871726,
        1.0348892215509282,
        0.6218854009597227,
        0.49799166883279805,
        0.914855914567895,
        0.6906400882120538,
        0.7474517716635226,
        0.9037331142441236,
        0.7627595835794843,
        1.1024699495309849,
        0.4565092821260493,
        0.6261508500369364,
        0.015803133914341558,
        0.48900825960360617,
        1.111522542554098,
        0.9717873596399125
      ],
      [
        0.5498591968838906,
        0.21276431903724077,
        0.0,
        0.6688814834135949,
        0.9005052861131482,
        0.7973163221826717,
        0.8462542563355833,
        0.9567183305363758,
        0.7256662359424572,
        0.7583049869919776,
        0.7715684915560697,
        0.6558217367100443,
        0.5155836953392311,
        0.5139959053285578,
        0.7361661612499503,
        0.5732453472889024,
        0.30705354000208385,
        0.9064818760033585,
        0.6820638788936038,
        0.8651683821016882,
        0.8320086363460699,
        0.7322040636931063,
        0.7562173007963715,
        0.8560923998919073,
        0.7381450837908022,
        0.7378686480675635,
        0.9828297907646782,
        0.6630159338973323,
        1.2221820504415297,
        0.6576587487579396,
        1.2668785197345587,
        0.7635344246496215,
        0.7636688603809015,
        0.16268693859179056,
        0.9542190540367832,
        0.8221249025136874,
        0.40912108192248187,
        0.6499347983735305,
        0.7020915955306541,
        0.8571988785850813,
        0.8758741226794752,
        1.054425387918346,
        0.5499952645422435,
        0.8897056304937441,
        0.24374496308880853,
        0.41338653099969563,
        0.20119094598171777,
        0.5789893957610543,
        1.0345775561202766,
        0.8234972081361814
      ],
      [
        0.8905435879248561,
        0.8816458024508357,
        0.6688814834135949,
        0.0,
        0.9024736732719991,
        0.5829816603077257,
        0.3953158230179715,
        0.42093447466748407,
        0.1951315894066665,
        0.39557827533820356,
        0.7988065524143415,
        0.3897143231653475,
        0.29740752513005964,
        0.3628425338433479,
        0.344728676539871,
        0.8044804426608967,
        0.537871133980424,
        0.7628082743631174,
        0.12601611355971132,
        0.5605967293358826,
        1.0207246436855375,
        0.3178881306846053,
        0.22709772979421072,
        0.30923538065487305,
        0.31712860913963287,
        0.07021134438575159,
        0.7855776297439614,
        0.32029909669325,
        0.7036368705472458,
        0.7147188995503018,
        0.7082115157044258,
        0.6574020596040357,
        0.5153051130986007,
        0.8315684220053854,
        0.39411479586251,
        0.1880671153461176,
        0.3996649353074998,
        0.709574000539258,
        0.20266928749582463,
        0.9325036729890965,
        0.659969084232349,
        0.8417769382501182,
        0.44153672411677947,
        0.24280841841926976,
        0.5808260320935871,
        0.3946941216324559,
        0.8700724293953126,
        0.6999845777184479,
        0.4117723231019394,
        0.47351889137497377
      ],
      [
        0.3828108955360621,
        0.7416873391587306,
        0.9005052861131482,
        0.9024736732719991,
        0.0,
        0.3194920129642734,
        0.5490443586784945,
        0.7331844066577476,
        0.730741192227382,
        1.177983571283153,
        0.6333455621110913,
        0.916568802369572,
        0.8797149196748467,
        0.9432622689677166,
        1.125793198945178,
        0.5601160067083099,
        0.7406012941399719,
        0.1411729581386972,
        0.8083140074791872,
        0.3996838761665126,
        0.14518894407396576,
        1.098090012934251,
        1.0180491778366552,
        0.7237512056373387,
        1.1040310330435261,
        0.861162792428196,
        0.20076194864403096,
        1.1112505447356944,
        0.6932336293105402,
        0.5014192527303734,
        0.8203951051248107,
        0.4088090164884491,
        0.4106629465932299,
        0.7402645798716131,
        0.8007647791732135,
        0.8493249126422837,
        0.8957355459207644,
        0.5012605836184238,
        0.7295237667000491,
        0.060928538677086516,
        0.28775275624323654,
        0.2299982285474085,
        1.07816273530456,
        0.8926641038777021,
        0.8039098710532472,
        0.9090606907733519,
        0.7423039558011008,
        0.5380232905470278,
        0.9159731734026313,
        1.259447912448847
      ],
      [
        0.45129180761362453,
        0.6794790317903283,
        0.7973163221826717,
        0.5829816603077257,
        0.3194920129642734,
        0.0,
        0.23044106406718576,
        0.41458111204643877,
        0.4112491792631086,
        0.8593490345851649,
        0.7018264741886537,
        0.5970767894052986,
        0.561111625063538,
        0.623770256003443,
        0.8071586622471897,
        0.5987696626250043,
        0.4902627821805878,
        0.1798266140553917,
        0.48967947078119917,
        0.11029455755681096,
        0.46468095703823914,
        0.7794554762362629,
        0.6985770354104855,
        0.4075268724981264,
        0.785396496345538,
        0.5416906500020264,
        0.20259596943623567,
        0.7917784023095249,
        0.4825071959844203,
        0.18192723976609992,
        0.59323966416874,
        0.08931700352417571,
        0.09117093362895651,
        0.7045119648933815,
        0.48216148456190466,
        0.5298328996780104,
        0.5855076920241014,
        0.18176857065415042,
        0.4100317537357757,
        0.3804205516413599,
        0.07891510792525246,
        0.2681227125063601,
        0.7595594406932512,
        0.5736666287391416,
        0.5535713590938631,
        0.6009452027832942,
        0.6732376501297745,
        0.2185312775827544,
        0.5973698787913224,
        0.9408133757508589
      ],
      [
        0.598435607209176,
        0.818053698262329,
        0.8462542563355833,
        0.3953158230179715,
        0.5490443586784945,
        0.23044106406718576,
        0.0,
        0.18414004797925304,
        0.20018423361130502,
        0.6613713300461757,
        0.8489702737842052,
        0.38620481209674773,
        0.33067056099635217,
        0.4209100121486077,
        0.6102287707663229,
        0.82681444910941,
        0.5716254354441981,
        0.40787140053979737,
        0.2927495793003324,
        0.16619061027377285,
        0.6655961588608148,
        0.5825255847553961,
        0.49396522472591714,
        0.1780072794515496,
        0.5840066670270708,
        0.3370894022731895,
        0.4002356555433024,
        0.5871665916249564,
        0.5415253335578061,
        0.3295879244406754,
        0.5675617140950242,
        0.3010819731788902,
        0.14674434838095515,
        0.7600853796453801,
        0.251720420494719,
        0.3035535426003631,
        0.43811255331636534,
        0.3220282982180758,
        0.20717150988094032,
        0.5864475386563821,
        0.27098318818338263,
        0.44725804210837755,
        0.5291183766260654,
        0.343647501879161,
        0.6144273235188689,
        0.4378296198350757,
        0.8099131864195245,
        0.3314238130008023,
        0.3669288147241367,
        0.7403847034000972
      ],
      [
        0.7825756551884291,
        1.002193746241582,
        0.9567183305363758,
        0.42093447466748407,
        0.7331844066577476,
        0.41458111204643877,
        0.18414004797925304,
        0.0,
        0.2428153135941739,
        0.6615800373439893,
        0.8972191801434064,
        0.44377257022837757,
        0.44420251043237785,
        0.46125516157241286,
        0.6120039487796288,
        0.9376071938233566,
        0.6709978851428839,
        0.5920114485190504,
        0.3325321319946216,
        0.3503306582530259,
        0.8497362068400678,
        0.5845155762305201,
        0.49399342364116344,
        0.11171905306437435,
        0.5845300318423634,
        0.3519557736261192,
        0.5843757035225554,
        0.5871947905402027,
        0.3771024472002017,
        0.5137279724199284,
        0.3834216661157711,
        0.4852220211581432,
        0.33088439636020817,
        0.9442254276246331,
        0.06758037251546592,
        0.2588039663298816,
        0.5475972486138939,
        0.5061683461973289,
        0.2639344024246537,
        0.7705875866356351,
        0.45512323616263567,
        0.6313980900876306,
        0.642650326062091,
        0.25986870530466505,
        0.7264079184391659,
        0.5503352492649783,
        0.9940532343987775,
        0.5155638609800554,
        0.2045226463551723,
        0.7292368530364399
      ],
      [
        0.7870662766715091,
        0.938430554979698,
        0.7256662359424572,
        0.1951315894066665,
        0.730741192227382,
        0.4112491792631086,
        0.20018423361130502,
        0.2428153135941739,
        0.0,
        0.461824578538073,
        0.6706438316019562,
        0.2040642771693634,
        0.21273007397475946,
        0.2346798130309626,
        0.4114667830234762,
        0.7024826371506505,
        0.4358733284701778,
        0.5908347698240594,
        0.09710760852212315,
        0.3654651399292161,
        0.8417304072136936,
        0.38462511145974493,
        0.29383471056935034,
        0.13818760328700497,
        0.38386671562323815,
        0.13694945086935684,
        0.5966521935775827,
        0.3870360774683896,
        0.5460460886884169,
        0.5195873101436352,
        0.5485377195213605,
        0.4622704701973692,
        0.3201735236919342,
        0.8883531745342477,
        0.23652401400368117,
        0.1346012426157928,
        0.3200102246084047,
        0.5144424111325915,
        0.0236750510239807,
        0.7535094365172526,
        0.46483749482568254,
        0.6466453488434517,
        0.4111778896044727,
        0.19786311308834573,
        0.4875165824306664,
        0.31963236948116336,
        0.9268571819241749,
        0.5048529883117814,
        0.31092257559136344,
        0.5402536877093979
      ],
      [
        1.0165588262632625,
        0.8976060126579869,
        0.7583049869919776,
        0.39557827533820356,
        1.177983571283153,
        0.8593490345851649,
        0.6613713300461757,
        0.6615800373439893,
        0.461824578538073,
        0.0,
        0.9947980303462772,
        0.5862921117375626,
        0.44605407036674927,
        0.5588340117752837,
        0.05270845767059536,
        0.6204791361566816,
        0.6086134360200499,
        1.0368106131444557,
        0.36966956380396565,
        0.8249526383001196,
        1.1954206027941467,
        0.07989355834890197,
        0.16971443225453972,
        0.5532282244546518,
        0.07844966619857068,
        0.32536693095245195,
        1.0517820187803388,
        0.13499679256511551,
        0.9282738191592382,
        0.8739807709737886,
        0.9134486616401206,
        0.9229597498102771,
        0.7686049273626947,
        0.9209919255837682,
        0.618895195746072,
        0.40328416546046764,
        0.46031843474471884,
        0.8639349281172339,
        0.4552844131844841,
        1.185118798677756,
        0.9190044913695732,
        1.1050557292438317,
        0.24760625473703604,
        0.422329641700641,
        0.6153835067791983,
        0.4447582959880901,
        0.8818158043260764,
        0.8805492917790204,
        0.5849771315310256,
        0.0855786997013472
      ],
      [
        0.2505346665750292,
        0.5723089514736158,
        0.7715684915560697,
        0.7988065524143415,
        0.6333455621110913,
        0.7018264741886537,
        0.8489702737842052,
        0.8972191801434064,
        0.6706438316019562,
        0.9947980303462772,
        0.0,
        0.6767719718618874,
        0.5494268893685035,
        0.4359640185709936,
        0.9545433365401514,
        0.7536608713222034,
        0.4870515626417307,
        0.7745185202497885,
        0.6756139748243614,
        0.7877515552076456,
        0.5367040893110326,
        0.9414656650918922,
        0.885481593437049,
        0.785500127079032,
        0.9471406472261366,
        0.7285952080285899,
        0.8265696357537371,
        0.8684294030327706,
        1.163086278491679,
        0.5198992344225538,
        1.1962862469216835,
        0.6341155790165518,
        0.7174274195546041,
        0.6381427732256137,
        0.8809697396864247,
        0.7960896113616983,
        0.5919091419517264,
        0.527007522365835,
        0.649702520838661,
        0.5784020875492943,
        0.7685971066318381,
        0.8633437906584998,
        0.7471917756092412,
        0.8638386378980227,
        0.550360139555006,
        0.603138332510863,
        0.5703775455743519,
        0.5953344019579148,
        0.977889808683986,
        1.078150646444149
      ],
      [
        0.7332498004021388,
        0.8685860557472851,
        0.6558217367100443,
        0.3897143231653475,
        0.916568802369572,
        0.5970767894052986,
        0.38620481209674773,
        0.44377257022837757,
        0.2040642771693634,
        0.5862921117375626,
        0.6767719718618874,
        0.0,
        0.14023804137081325,
        0.24697814328759987,
        0.5460374179314368,
        0.6316444555430976,
        0.3650351468626249,
        0.7760088560785994,
        0.27265988505004135,
        0.5409884953893049,
        1.0051003918592358,
        0.5329597464831776,
        0.4763893641880551,
        0.34225188045636834,
        0.5386347286174219,
        0.3195029787795959,
        0.7763450014261684,
        0.45992348442405595,
        0.7501103658577803,
        0.6614131382449125,
        0.7526019966907239,
        0.6602781145057361,
        0.5059232920581537,
        0.8185086753018349,
        0.44058829117304454,
        0.3370878920676854,
        0.2476800336908264,
        0.6514191550607773,
        0.18704503566952288,
        0.9168794211627947,
        0.6532811728863742,
        0.8160834817971713,
        0.3386858570005265,
        0.4019273902577091,
        0.42399480389332994,
        0.24739710020953676,
        0.8570126826917621,
        0.6369710026215953,
        0.5149868527607269,
        0.6696447278354344
      ],
      [
        0.5931360627947965,
        0.7283480143764719,
        0.5155836953392311,
        0.29740752513005964,
        0.8797149196748467,
        0.561111625063538,
        0.33067056099635217,
        0.44420251043237785,
        0.21273007397475946,
        0.44605407036674927,
        0.5494268893685035,
        0.14023804137081325,
        0.0,
        0.11346287079750993,
        0.4057993765606235,
        0.5075641831283186,
        0.24095487444784597,
        0.7385419615361495,
        0.17139141157034832,
        0.496861171270125,
        0.8659906596292755,
        0.3927217051123643,
        0.38408256615276715,
        0.34862712700280574,
        0.39839668724660865,
        0.22719618074430803,
        0.7309062165396546,
        0.3196854430532427,
        0.7572239407513219,
        0.5211750968740992,
        0.7594132468454571,
        0.6296748955533923,
        0.47741490937730735,
        0.6782706339310216,
        0.44770186606658613,
        0.3096200996670667,
        0.10744199232001314,
        0.5111811136899641,
        0.1890788427274017,
        0.9171180996527342,
        0.6016537491797348,
        0.7779286031047297,
        0.19844781562971325,
        0.37832913381008104,
        0.2837567625225167,
        0.1071590588387235,
        0.7167746413209488,
        0.5128907302068164,
        0.5190939003505911,
        0.5294066864646212
      ],
      [
        0.6864986851460229,
        0.7267602243657986,
        0.5139959053285578,
        0.3628425338433479,
        0.9432622689677166,
        0.623770256003443,
        0.4209100121486077,
        0.46125516157241286,
        0.2346798130309626,
        0.5588340117752837,
        0.4359640185709936,
        0.24697814328759987,
        0.11346287079750993,
        0.0,
        0.5185793179691579,
        0.4780649673512058,
        0.21145565867073313,
        0.8027023226767438,
        0.23964995625336774,
        0.5841600259610111,
        0.8725400376118233,
        0.5055016465208988,
        0.4495175748660555,
        0.3495361085080385,
        0.5111766286551431,
        0.2926311894575963,
        0.8128618125701554,
        0.4324653844617771,
        0.7545277958001668,
        0.562060867426589,
        0.7603222283506899,
        0.6679365433182709,
        0.5326167586562982,
        0.6766828439203483,
        0.445005721115431,
        0.3601255927907047,
        0.1559451233807328,
        0.5543369170421799,
        0.21373850226766739,
        0.9435728877609393,
        0.6804147039807753,
        0.8647926361330212,
        0.3112277570382477,
        0.42787461932702914,
        0.27027063143257274,
        0.16717431393986937,
        0.7151868513102755,
        0.48339151442970363,
        0.5419257901129925,
        0.6421866278731556
      ],
      [
        0.9763041324571367,
        0.9489304802871911,
        0.7361661612499503,
        0.344728676539871,
        1.125793198945178,
        0.8071586622471897,
        0.6102287707663229,
        0.6120039487796288,
        0.4114667830234762,
        0.05270845767059536,
        0.9545433365401514,
        0.5460374179314368,
        0.4057993765606235,
        0.5185793179691579,
        0.0,
        0.5677706784860862,
        0.5697736389812175,
        0.9846202408064805,
        0.3174791914659905,
        0.7727622659621444,
        1.1432302304561717,
        0.02770318601092685,
        0.1184592896669424,
        0.5029084803795842,
        0.027600067400238123,
        0.2745173321541194,
        0.9995916464423638,
        0.08834959631008257,
        0.8805692087897956,
        0.8337416947179319,
        0.8694299489738935,
        0.8707693774723019,
        0.7164145550247195,
        0.8988530998417408,
        0.5710471351175292,
        0.3545277476873771,
        0.42006686310516006,
        0.8236958518613773,
        0.40309404084650896,
        1.1329284263397807,
        0.866814119031598,
        1.0528653569058566,
        0.20735156093091026,
        0.3776421621859738,
        0.5805211026553364,
        0.4045192197322335,
        0.9345242619966718,
        0.841709494740188,
        0.5435685925629589,
        0.13612144460803824
      ],
      [
        0.8833448998223288,
        0.7860096663261432,
        0.5732453472889024,
        0.8044804426608967,
        0.5601160067083099,
        0.5987696626250043,
        0.82681444910941,
        0.9376071938233566,
        0.7024826371506505,
        0.6204791361566816,
        0.7536608713222034,
        0.6316444555430976,
        0.5075641831283186,
        0.4780649673512058,
        0.5677706784860862,
        0.0,
        0.26660930868047267,
        0.4189430485696126,
        0.6784643291011854,
        0.6786046020066469,
        0.7053049507822756,
        0.595473864497013,
        0.6862299681530286,
        0.8258881407589822,
        0.5953707458863243,
        0.7342690982751451,
        0.5281636755869812,
        0.6561202747961687,
        0.996637261949327,
        0.6172145174363285,
        1.120490528474979,
        0.68808666614918,
        0.6896234210622385,
        0.7359322858806929,
        0.9224375386055761,
        0.8145492227584048,
        0.42174356046126527,
        0.6094905670519194,
        0.6796315882785614,
        0.6210445453853963,
        0.5678215152169253,
        0.5935411759585968,
        0.6290396259948489,
        0.8835282562590041,
        0.3295003842000939,
        0.43506870531385267,
        0.7744362932706201,
        0.5385451644394432,
        1.013319096884258,
        0.7038921230941244
      ],
      [
        0.6167355911418559,
        0.5198178590393245,
        0.30705354000208385,
        0.537871133980424,
        0.7406012941399719,
        0.4902627821805878,
        0.5716254354441981,
        0.6709978851428839,
        0.4358733284701778,
        0.6086134360200499,
        0.4870515626417307,
        0.3650351468626249,
        0.24095487444784597,
        0.21145565867073313,
        0.5697736389812175,
        0.26660930868047267,
        0.0,
        0.5994283360012747,
        0.41185502042071265,
        0.5581148420996044,
        0.6610843789410902,
        0.5567042067970273,
        0.5768693116369449,
        0.5592788320785096,
        0.5623791889312716,
        0.46765978959467236,
        0.6757762507625944,
        0.48366794473790564,
        0.9151285104394459,
        0.3506052087558558,
        0.970064951921161,
        0.4564808846475377,
        0.4566153203788177,
        0.46974047859387436,
        0.6558282299251035,
        0.5479399140779322,
        0.1551342517807926,
        0.34288125837144673,
        0.41302227959808874,
        0.7493053496375313,
        0.5688205826773913,
        0.7473718479162623,
        0.3624303173143762,
        0.6169189475785314,
        0.0633085769132753,
        0.16845939663338,
        0.5082444859838016,
        0.2719358557589705,
        0.7467097882037853,
        0.689690407941336
      ],
      [
        0.5239838536747593,
        0.85930564584572,
        0.9064818760033585,
        0.7628082743631174,
        0.1411729581386972,
        0.1798266140553917,
        0.40787140053979737,
        0.5920114485190504,
        0.5908347698240594,
        1.0368106131444557,
        0.7745185202497885,
        0.7760088560785994,
        0.7385419615361495,
        0.8027023226767438,
        0.9846202408064805,
        0.4189430485696126,
        0.5994283360012747,
        0.0,
        0.66714104934049,
        0.25966155343703423,
        0.286361902212663,
        0.9569170547955537,
        0.8768762196979579,
        0.5825787145946835,
        0.9628580749048288,
        0.7199898342894988,
        0.10922062701736852,
        0.9700775865969973,
        0.5776942133797144,
        0.3617538538214916,
        0.7015474799053666,
        0.2691436175795674,
        0.2706803724926259,
        0.8814375380103103,
        0.6595918210345163,
        0.7092874342679244,
        0.7545625877820672,
        0.3615951847095421,
        0.5889638204090765,
        0.2021014968157837,
        0.14887846664731258,
        0.17459812738898417,
        0.9369897771658627,
        0.7514911457390049,
        0.66273691291455,
        0.7678877326346547,
        0.8530642641851662,
        0.39835789163814606,
        0.7748002152639341,
        1.1182749543101496
      ],
      [
        0.7645274743651448,
        0.8948281979308446,
        0.6820638788936038,
        0.12601611355971132,
        0.8083140074791872,
        0.48967947078119917,
        0.2927495793003324,
        0.3325321319946216,
        0.09710760852212315,
        0.36966956380396565,
        0.6756139748243614,
        0.27265988505004135,
        0.17139141157034832,
        0.23964995625336774,
        0.3174791914659905,
        0.6784643291011854,
        0.41185502042071265,
        0.66714104934049,
        0.0,
        0.4552830744961539,
        0.9036702055702314,
        0.28977600545506366,
        0.21269115458241886,
        0.22234399334987953,
        0.29571702556433876,
        0.05580476917395972,
        0.6821124549763733,
        0.3058925214814581,
        0.6243915655807805,
        0.5983491500104301,
        0.6306514590839463,
        0.5532901860063114,
        0.39893536355872905,
        0.8447508174853944,
        0.3148694908960447,
        0.14006746221823266,
        0.2736488217477885,
        0.5932042509993863,
        0.08561484938051847,
        0.8154492348737903,
        0.5493349275656075,
        0.735386165439866,
        0.36983922720006157,
        0.2079441770313773,
        0.4548099185338757,
        0.26867800807274456,
        0.8832548248753216,
        0.5836148281785762,
        0.35928333619966074,
        0.45113390496965966
      ],
      [
        0.5372168886326164,
        0.7689582914170416,
        0.8651683821016882,
        0.5605967293358826,
        0.3996838761665126,
        0.11029455755681096,
        0.16619061027377285,
        0.3503306582530259,
        0.3654651399292161,
        0.8249526383001196,
        0.7877515552076456,
        0.5409884953893049,
        0.496861171270125,
        0.5841600259610111,
        0.7727622659621444,
        0.6786046020066469,
        0.5581148420996044,
        0.25966155343703423,
        0.4552830744961539,
        0.0,
        0.49940554858704195,
        0.7450590799512176,
        0.6588304051802348,
        0.3289603636320674,
        0.748861284525657,
        0.5019440197717757,
        0.23535650603686337,
        0.7520317720792742,
        0.37533472328403317,
        0.28141521679255765,
        0.4834441359374107,
        0.19958530433383992,
        0.10293133000879674,
        0.7162723612732217,
        0.4179110307684918,
        0.4673798957760587,
        0.6043031635901381,
        0.27887563136070104,
        0.37042152369334375,
        0.4277570279700687,
        0.1122926774970693,
        0.2812220755448718,
        0.6953089868998383,
        0.5016147911611687,
        0.6214234190128797,
        0.6040202301088485,
        0.7614248516928658,
        0.2861789863406339,
        0.5301480525355442,
        0.9052515667609979
      ],
      [
        0.28616942273600343,
        0.652982653566607,
        0.8320086363460699,
        1.0207246436855375,
        0.14518894407396576,
        0.46468095703823914,
        0.6655961588608148,
        0.8497362068400678,
        0.8417304072136936,
        1.1954206027941467,
        0.5367040893110326,
        1.0051003918592358,
        0.8659906596292755,
        0.8725400376118233,
        1.1432302304561717,
        0.7053049507822756,
        0.6610843789410902,
        0.286361902212663,
        0.9036702055702314,
        0.49940554858704195,
        0.0,
        1.1155270444452448,
        1.107399684708245,
        0.8283659122191094,
        1.1214680645545199,
        0.9505132992997859,
        0.3358562623925983,
        1.074998814121493,
        0.8241442955403506,
        0.555533990583528,
        0.9491595890630935,
        0.5426790350914751,
        0.5558518906671956,
        0.6693303153131851,
        0.9173165793555338,
        0.9667854443631007,
        0.7585486673092623,
        0.5626422785268093,
        0.8180553561897129,
        0.08822097069644105,
        0.40368532116944045,
        0.37373074855204796,
        0.9537611866979635,
        1.0010203397482107,
        0.7243929558543655,
        0.7746569935458497,
        0.6562084353880533,
        0.4679867019769176,
        1.029553601122586,
        1.2768849439598409
      ],
      [
        0.9632264610088774,
        0.9449683827303471,
        0.7322040636931063,
        0.3178881306846053,
        1.098090012934251,
        0.7794554762362629,
        0.5825255847553961,
        0.5845155762305201,
        0.38462511145974493,
        0.07989355834890197,
        0.9414656650918922,
        0.5329597464831776,
        0.3927217051123643,
        0.5055016465208988,
        0.02770318601092685,
        0.595473864497013,
        0.5567042067970273,
        0.9569170547955537,
        0.28977600545506366,
        0.7450590799512176,
        1.1155270444452448,
        0.0,
        0.09079040089039457,
        0.4752952940025752,
        0.0059410201092750855,
        0.2476767862988537,
        0.971888460431437,
        0.07303760479971272,
        0.8535107510888665,
        0.8206640232696727,
        0.8435573324724337,
        0.8430661914613751,
        0.6887113690137927,
        0.8948910022848968,
        0.5439998672560361,
        0.32729894601199483,
        0.40698919165690084,
        0.8106181804131181,
        0.3753908548355821,
        1.105225240328854,
        0.8391109330206712,
        1.0251621708949297,
        0.19427388948265106,
        0.3518069683106823,
        0.5690158623134666,
        0.39144154828397426,
        0.933395009674824,
        0.8286400625559978,
        0.5188587302713594,
        0.161357899514596
      ],
      [
        0.9772186289475636,
        0.9689816198336123,
        0.7562173007963715,
        0.22709772979421072,
        1.0180491778366552,
        0.6985770354104855,
        0.49396522472591714,
        0.49399342364116344,
        0.29383471056935034,
        0.16971443225453972,
        0.885481593437049,
        0.4763893641880551,
        0.38408256615276715,
        0.4495175748660555,
        0.1184592896669424,
        0.6862299681530286,
        0.5768693116369449,
        0.8768762196979579,
        0.21269115458241886,
        0.6588304051802348,
        1.107399684708245,
        0.09079040089039457,
        0.0,
        0.38454309111949936,
        0.09138664867757226,
        0.15688638540845914,
        0.8884448693500047,
        0.09320136689903925,
        0.7640620316198331,
        0.8069465145050158,
        0.7577419982525969,
        0.7561051807667196,
        0.6075327280533147,
        0.9189042393881621,
        0.45471639130611846,
        0.23766787719903626,
        0.42715429649681846,
        0.801801615493972,
        0.2893443285185322,
        1.019178714011804,
        0.7560205056789517,
        0.9398322275929385,
        0.2144389943225687,
        0.26740073063305125,
        0.5892131976226466,
        0.4116066531238919,
        0.9574082467780893,
        0.7922121926731619,
        0.437714856793039,
        0.2464219628433627
      ],
      [
        0.7764428866607256,
        0.9959092554737935,
        0.8560923998919073,
        0.30923538065487305,
        0.7237512056373387,
        0.4075268724981264,
        0.1780072794515496,
        0.11171905306437435,
        0.13818760328700497,
        0.5532282244546518,
        0.785500127079032,
        0.34225188045636834,
        0.34862712700280574,
        0.3495361085080385,
        0.5029084803795842,
        0.8258881407589822,
        0.5592788320785096,
        0.5825787145946835,
        0.22234399334987953,
        0.3289603636320674,
        0.8283659122191094,
        0.4752952940025752,
        0.38454309111949936,
        0.0,
        0.47558138902536723,
        0.2402627374227188,
        0.5628697490547625,
        0.4777444580185386,
        0.40861171444241157,
        0.507595203892225,
        0.4107861198426514,
        0.4787962198111973,
        0.3245999055924197,
        0.9379409368568447,
        0.09908963975767583,
        0.15422141389033078,
        0.45502700357887294,
        0.5000355776696255,
        0.16109423841348872,
        0.7555798326831915,
        0.44011548221019203,
        0.6001755709282259,
        0.547074942632519,
        0.1738389141835936,
        0.6146888653747915,
        0.45578409594366626,
        0.987768743630989,
        0.5092793702122669,
        0.2011876889034768,
        0.6233868070616132
      ],
      [
        0.9689014431431218,
        0.950909402828043,
        0.7381450837908022,
        0.31712860913963287,
        1.1040310330435261,
        0.785396496345538,
        0.5840066670270708,
        0.5845300318423634,
        0.38386671562323815,
        0.07844966619857068,
        0.9471406472261366,
        0.5386347286174219,
        0.39839668724660865,
        0.5111766286551431,
        0.027600067400238123,
        0.5953707458863243,
        0.5623791889312716,
        0.9628580749048288,
        0.29571702556433876,
        0.748861284525657,
        1.1214680645545199,
        0.0059410201092750855,
        0.09138664867757226,
        0.47558138902536723,
        0.0,
        0.2469172647538813,
        0.9778294805407121,
        0.07871684993334646,
        0.8529692284063755,
        0.826339005403917,
        0.8421272791859218,
        0.8461371858206074,
        0.6946523891230678,
        0.9008320223825927,
        0.5434471588360759,
        0.32694844522448946,
        0.4126641737911452,
        0.8162931625473624,
        0.3793752078639543,
        1.1092095933572261,
        0.8450519531299463,
        1.0298631069383606,
        0.1999488716168954,
        0.3503358582117718,
        0.5747256313110355,
        0.3971165304182186,
        0.93933602977252,
        0.8343150446902421,
        0.5168169407719393,
        0.15852585088172377
      ],
      [
        0.8203322435391045,
        0.9506329671048043,
        0.7378686480675635,
        0.07021134438575159,
        0.861162792428196,
        0.5416906500020264,
        0.3370894022731895,
        0.3519557736261192,
        0.13694945086935684,
        0.32536693095245195,
        0.7285952080285899,
        0.3195029787795959,
        0.22719618074430803,
        0.2926311894575963,
        0.2745173321541194,
        0.7342690982751451,
        0.46765978959467236,
        0.7199898342894988,
        0.05580476917395972,
        0.5019440197717757,
        0.9505132992997859,
        0.2476767862988537,
        0.15688638540845914,
        0.2402627374227188,
        0.2469172647538813,
        0.0,
        0.7315584839415455,
        0.2500877523074984,
        0.6334408797009781,
        0.6500601290965565,
        0.6380749115011959,
        0.5992199210667261,
        0.45064634264485554,
        0.9005555866593541,
        0.32391880501624226,
        0.12083773755669999,
        0.3294535909217482,
        0.6449152300855129,
        0.13245794311007303,
        0.8622923286033448,
        0.5991341202704926,
        0.7829458421844794,
        0.37132537973102786,
        0.18134472859577858,
        0.5106146877078355,
        0.32448277724670427,
        0.9390595940492813,
        0.6353258072647027,
        0.3459482109522528,
        0.40330754698922217
      ],
      [
        0.5760349691787079,
        0.8312571072027386,
        0.9828297907646782,
        0.7855776297439614,
        0.20076194864403096,
        0.20259596943623567,
        0.4002356555433024,
        0.5843757035225554,
        0.5966521935775827,
        1.0517820187803388,
        0.8265696357537371,
        0.7763450014261684,
        0.7309062165396546,
        0.8128618125701554,
        0.9995916464423638,
        0.5281636755869812,
        0.6757762507625944,
        0.10922062701736852,
        0.6821124549763733,
        0.23535650603686337,
        0.3358562623925983,
        0.971888460431437,
        0.8884448693500047,
        0.5628697490547625,
        0.9778294805407121,
        0.7315584839415455,
        0.0,
        0.9230284585220561,
        0.49247169218663006,
        0.3322804279927301,
        0.6197435640298392,
        0.2719134217350645,
        0.2870187692831702,
        0.9003598005475952,
        0.6519560760380213,
        0.7026734222562177,
        0.7460135325468162,
        0.3431198352236744,
        0.599123310302488,
        0.24816754820444278,
        0.13291970781302986,
        0.07247600704138513,
        0.9293540321693678,
        0.7362425123067917,
        0.7390848276758697,
        0.7615029029784286,
        0.8256480885068842,
        0.40687147893628695,
        0.7640574379582393,
        1.133246359946033
      ],
      [
        0.8901901989497558,
        0.8757802529345731,
        0.6630159338973323,
        0.32029909669325,
        1.1112505447356944,
        0.7917784023095249,
        0.5871665916249564,
        0.5871947905402027,
        0.3870360774683896,
        0.13499679256511551,
        0.8684294030327706,
        0.45992348442405595,
        0.3196854430532427,
        0.4324653844617771,
        0.08834959631008257,
        0.6561202747961687,
        0.48366794473790564,
        0.9700775865969973,
        0.3058925214814581,
        0.7520317720792742,
        1.074998814121493,
        0.07303760479971272,
        0.09320136689903925,
        0.4777444580185386,
        0.07871684993334646,
        0.2500877523074984,
        0.9230284585220561,
        0.0,
        0.8409660236656256,
        0.7476277612105511,
        0.8474183141279403,
        0.8493065476657589,
        0.700734094952354,
        0.8257028724891229,
        0.5479177582051578,
        0.3308692440980755,
        0.3339529295977792,
        0.7375819183539964,
        0.38254569541757144,
        1.1123800809108433,
        0.849221872577991,
        0.9955044655634412,
        0.12123762742352945,
        0.3556252476421378,
        0.4960118307236073,
        0.31840528622485265,
        0.8642068798790501,
        0.7556038004968761,
        0.5273278274222085,
        0.22056642556345196
      ],
      [
        0.9125516119166496,
        1.1321922602021304,
        1.2221820504415297,
        0.7036368705472458,
        0.6932336293105402,
        0.4825071959844203,
        0.5415253335578061,
        0.3771024472002017,
