{
  "sol": {
    "z": 1.9445114562757608,
    "tours": [
      [
        0,
        4,
        2
      ],
      [
        1,
        6,
        8,
        7,
        17,
        19,
        12,
        10,
        3
      ],
      [
        5
      ],
      [
        9
      ],
      [
        16,
        15,
        13,
        11
      ],
      [
        18,
        14
      ]
    ]
  },
  "params": {
    "gm": [
      [
        0.0,
        0.4193511456713363,
        0.0442163652341261,
        0.3527009432001535,
        0.11950280704693954,
        0.3736880462130196,
        0.555591411472291,
        0.7979544116660902,
        0.6705897767423127,
        0.5275750625664473,
        0.7832666140982787,
        0.6261022372939772,
        0.7180027767508633,
        0.5955319797060522,
        1.0361206653521136,
        0.5582545642752001,
        0.5096105920443206,
        0.7818077824611535,
        0.9451377773546786,
        0.8050499166931222,
        1.0793243748572943,
        0.7574520196851044,
        0.14258438145149693,
        0.4992931955896403,
        0.7800971446175324,
        0.3269817191720286,
        0.9433756472882541,
        0.6655393532528147,
        0.7424875585972638,
        0.6756133259923098,
        0.7816411878754614,
        0.7610388187578494,
        0.45059189915817127,
        0.45501004477402124,
        0.5057510612481831,
        0.7188828482346057,
        0.8817384920693879,
        0.7729593026973244,
        0.8684079395033578,
        0.46036052295556384,
        0.35717758460388105,
        0.7888962015316453,
        0.7097412276068163,
        0.5684442287446739,
        0.844681105041053,
        0.5190433243341506,
        0.11906097609289143,
        0.8183053721408186,
        0.07433629490101677,
        0.6285708324970328
      ],
      [
        0.4193511456713363,
        0.0,
        0.4635675109054624,
        0.14188706542493065,
        0.36225309409712797,
        0.25123505779912014,
        0.1362402658009547,
        0.3786032659947539,
        0.26009139606802806,
        0.7998829133550152,
        0.36391546842694233,
        0.5241767914756862,
        0.298651631079527,
        0.5567465960062032,
        0.8162161091668823,
        0.5980271952964847,
        0.6406684367253428,
        0.3910905905551063,
        0.7591584483606213,
        0.3856987710217859,
        0.8837857661515709,
        0.733912307729997,
        0.36204596938776823,
        0.6405154817165339,
        0.632775130934158,
        0.16997718542290763,
        0.5906234360020127,
        0.7065535850930773,
        0.4297708938778569,
        0.4857074098534043,
        0.6020127005633777,
        0.4259773711362282,
        0.1793973631387786,
        0.03565889910268494,
        0.23952107272181902,
        0.3255161896532702,
        0.48837183348805246,
        0.3536081570259881,
        0.4490567938320216,
        0.2995662136745646,
        0.6291732348687763,
        0.7219303286888528,
        0.4515795082388978,
        0.6161032381815843,
        0.8348452351912528,
        0.1081168887753264,
        0.3575636352170599,
        0.4335884096337137,
        0.4295311097609613,
        0.9010930588163669
      ],
      [
        0.0442163652341261,
        0.4635675109054624,
        0.0,
        0.3492285912191898,
        0.1451218465772298,
        0.3294716809788935,
        0.5846650148712996,
        0.8202852172473271,
        0.6816453743093303,
        0.571142347907835,
        0.7779778323974686,
        0.6474284180485712,
        0.7333461967952268,
        0.6110835625421029,
        1.0541228870907517,
        0.5762567860138383,
        0.5309367727989146,
        0.8260241476952795,
        0.9645606900101488,
        0.8356395798808581,
        1.0970850891020687,
        0.8011976622101562,
        0.16918285468991742,
        0.5192934334054041,
        0.7980993663561706,
        0.3264068318668793,
        0.9589272301243048,
        0.6855395910685784,
        0.7580391414333145,
        0.6956135638080737,
        0.799401902120236,
        0.7765904015939002,
        0.4063755339240452,
        0.4855801854494879,
        0.46153469601405706,
        0.7630992134687318,
        0.925954857303514,
        0.8039801274234784,
        0.8907387450845947,
        0.41614415772143776,
        0.4009232271289329,
        0.8118503525740093,
        0.7297414654225802,
        0.5878671414001441,
        0.8641040176965231,
        0.47505948102022094,
        0.14325321323941714,
        0.8424976092873442,
        0.11613583242540108,
        0.6724945132466997
      ],
      [
        0.3527009432001535,
        0.14188706542493065,
        0.3492285912191898,
        0.0,
        0.2642810790569128,
        0.334472773486433,
        0.2354364236521098,
        0.47105662602813725,
        0.33241678309014044,
        0.6692806507161151,
        0.4958166636974732,
        0.38713821904217494,
        0.4292955078771497,
        0.6091406899704922,
        0.9169283268067647,
        0.5609824104191443,
        0.5036298642918315,
        0.4947694353605907,
        0.8598706660005037,
        0.4864109886616683,
        0.861760785580338,
        0.5968737352964858,
        0.25644028379576966,
        0.519954515598335,
        0.533315168227725,
        0.03293861298939635,
        0.6913902042301894,
        0.6648251074928854,
        0.5322186331893608,
        0.5978495476141084,
        0.5640775985985053,
        0.5279340729226968,
        0.2803532521281333,
        0.13635159423029805,
        0.3647263639693248,
        0.4292439457950551,
        0.5847745804830599,
        0.45475153620428843,
        0.5415101538654049,
        0.4038161722771846,
        0.4985709722298762,
        0.5848917562553415,
        0.5637216459996018,
        0.5479291633160143,
        0.8241660396123933,
        0.2202590265360304,
        0.26063878534326684,
        0.5310324314660593,
        0.33996438773559007,
        0.7704907961774667
      ],
      [
        0.11950280704693954,
        0.36225309409712797,
        0.1451218465772298,
        0.2642810790569128,
        0.0,
        0.3882243495020389,
        0.4877344436070737,
        0.7300974438008729,
        0.595070735668983,
        0.4648035756860278,
        0.7221161606259363,
        0.5066049278131237,
        0.6585409629856331,
        0.47768712626901283,
        0.9172415440672561,
        0.4393754429903427,
        0.3901132825634671,
        0.7351501502361043,
        0.8258549196651589,
        0.7185026085501213,
        0.9603485064949678,
        0.6948547981363282,
        0.024079003715630803,
        0.37994106565216745,
        0.661218023332675,
        0.23402516974810542,
        0.8255307938512148,
        0.5461872233153418,
        0.6246427051602245,
        0.556261196054837,
        0.6626653195131351,
        0.6431939653208101,
        0.46512820244719055,
        0.3767323091058117,
        0.5202873645372024,
        0.6696246606705687,
        0.8324803045053509,
        0.6668483903427133,
        0.7769164877639512,
        0.4748968262445832,
        0.30272376999239137,
        0.6710268623385618,
        0.5903890976693436,
        0.4491613710551542,
        0.7253982473515332,
        0.40053794659828446,
        0.005253190024328278,
        0.7044975860722553,
        0.07728251024183214,
        0.5704427646925645
      ],
      [
        0.3736880462130196,
        0.25123505779912014,
        0.3294716809788935,
        0.334472773486433,
        0.3882243495020389,
        0.0,
        0.35538938937211767,
        0.5977523895659169,
        0.4782005003557731,
        0.8530279251880667,
        0.44850615141857514,
        0.7216109925286079,
        0.4038745158163334,
        0.6727767045175865,
        1.0666906008093004,
        0.6716751000623209,
        0.7189401277808337,
        0.6423256483542265,
        0.9727728187708794,
        0.636173262664204,
        1.1203131441165715,
        0.9313465087829188,
        0.4123033532176697,
        0.6994984515220749,
        0.867787941714158,
        0.3674113864758294,
        0.8414385163740368,
        0.8657446091852493,
        0.6787058835326127,
        0.5231783211194054,
        0.8529779101188499,
        0.6759931416036692,
        0.07690385294515166,
        0.2866241086581571,
        0.13206301503516354,
        0.5767512474523904,
        0.7114703440208394,
        0.6048154983171786,
        0.5763949736714218,
        0.08667247674254427,
        0.6909481194944302,
        0.9193645297417745,
        0.48905041950489886,
        0.6942743600954614,
        0.8723161464572537,
        0.14558780004132743,
        0.39347753952636716,
        0.5388112943705201,
        0.4456075134042946,
        0.9586671141946034
      ],
      [
        0.555591411472291,
        0.1362402658009547,
        0.5846650148712996,
        0.2354364236521098,
        0.4877344436070737,
        0.35538938937211767,
        0.0,
        0.2423630001937992,
        0.12641956177828795,
        0.851170905468544,
        0.27175301818544206,
        0.6225250147686676,
        0.20586797340801077,
        0.48989285089980994,
        0.7316190436453969,
        0.5311734501900915,
        0.586942389854834,
        0.4094010405670945,
        0.6754647953909171,
        0.3020051180520817,
        0.8000921131818666,
        0.8322605310229785,
        0.48428624731719466,
        0.5736617366101406,
        0.606884001111626,
        0.26832540871588906,
        0.5043105909632623,
        0.6550671341857173,
        0.3782844429704969,
        0.44972540415446344,
        0.5761215707408457,
        0.36858285025928,
        0.27849121064639826,
        0.11219621808135476,
        0.2945961726540135,
        0.4050885696461118,
        0.35608095464872175,
        0.28675441191959483,
        0.31281652803106685,
        0.3789230762818864,
        0.7332883782951936,
        0.8202785519818342,
        0.4821669687888395,
        0.549249493075191,
        0.7759214677045427,
        0.21352562967230168,
        0.4833798724386044,
        0.3023388056317212,
        0.5586715475290495,
        0.9578138945611494
      ],
      [
        0.7979544116660902,
        0.3786032659947539,
        0.8202852172473271,
        0.47105662602813725,
        0.7300974438008729,
        0.5977523895659169,
        0.2423630001937992,
        0.0,
        0.13863984293799683,
        1.0566799616052278,
        0.21183916976322026,
        0.7606836666661588,
        0.1948242836541913,
        0.558756312232418,
        0.7050625451735091,
        0.5868394752891894,
        0.6523337733037972,
        0.1670380403732953,
        0.688376572661337,
        0.33095965594606974,
        0.775811240082289,
        0.9248055195147845,
        0.7266492475109938,
        0.6507742959513829,
        0.6680435466366756,
        0.5031893938981937,
        0.4600244761160441,
        0.7258811576888744,
        0.4490984664736539,
        0.5334700011438098,
        0.6372811162658955,
        0.4297423957843297,
        0.5208542108401975,
        0.35455921827515396,
        0.48059510262274824,
        0.23261282110823234,
        0.11371795445492255,
        0.37049900890894116,
        0.07045352783726765,
        0.5755751643553302,
        0.9692360099810122,
        0.8934158683114636,
        0.5659115657781859,
        0.6088197828584622,
        0.7888332449749627,
        0.4558886298661009,
        0.7257428726324036,
        0.059975805437922025,
        0.8010345477228487,
        1.1633229506978333
      ],
      [
        0.6705897767423127,
        0.26009139606802806,
        0.6816453743093303,
        0.33241678309014044,
        0.595070735668983,
        0.4782005003557731,
        0.12641956177828795,
        0.13863984293799683,
        0.0,
        0.9180401186672309,
        0.35047901270121706,
        0.622043823728162,
        0.3322875351862987,
        0.42011646929442115,
        0.7248971074429081,
        0.4481996323511926,
        0.5136939303658004,
        0.30567788331129214,
        0.6678394466366471,
        0.29437976929781173,
        0.7924667644275967,
        0.7861656765767877,
        0.5885857501666427,
        0.5121344530133861,
        0.5590927895704552,
        0.36454955096019687,
        0.4802919534964061,
        0.6125789536364101,
        0.33579626242118965,
        0.40282663417166104,
        0.528330359199675,
        0.32079163871810923,
        0.40129664741062143,
        0.23141406562280656,
        0.42101573443230145,
        0.37125266404622914,
        0.2523577973929194,
        0.23985564193679243,
        0.20909337077526446,
        0.5053426380601743,
        0.8305961670430154,
        0.7547760253734668,
        0.4352681988060371,
        0.47017993992046536,
        0.7464168162168444,
        0.3388403724460628,
        0.5911128176096957,
        0.19861564837591886,
        0.6689924673630231,
        1.0246831077598364
      ],
      [
        0.5275750625664473,
        0.7998829133550152,
        0.571142347907835,
        0.6692806507161151,
        0.4648035756860278,
        0.8530279251880667,
        0.851170905468544,
        1.0566799616052278,
        0.9180401186672309,
        0.0,
        1.122923923653986,
        0.5300290735365436,
        1.0570388788765548,
        0.6926543329853947,
        0.9055707223099094,
        0.6584441202052338,
        0.6249269826922504,
        1.098322324565663,
        0.797178271030377,
        0.936976642208244,
        0.9173473700520992,
        0.32018546711938933,
        0.4484971910737788,
        0.6451181817839089,
        0.6868336196238974,
        0.6367562945690575,
        1.0245694499593612,
        0.6437183883136434,
        0.823681361268371,
        0.8199706059122918,
        0.6685132127761915,
        0.8437823715169289,
        0.8793705196038473,
        0.8034947363847956,
        0.9527706730305735,
        1.0748571443129862,
        1.1703979160601503,
        0.8951799970441007,
        1.1271334894424954,
        0.939700401930611,
        0.17070967848623889,
        0.36370997180373266,
        0.8410688007626559,
        0.637051276684143,
        0.8976349433440026,
        0.8079438321727982,
        0.46975794324744585,
        1.1166557670431498,
        0.4557098138072982,
        0.10664298909260542
      ],
      [
        0.7832666140982787,
        0.36391546842694233,
        0.7779778323974686,
        0.4958166636974732,
        0.7221161606259363,
        0.44850615141857514,
        0.27175301818544206,
        0.21183916976322026,
        0.35047901270121706,
        1.122923923653986,
        0.0,
        0.8322879453730089,
        0.06667530922995532,
        0.6757813533005438,
        0.9169017149367293,
        0.7260738365666634,
        0.7914940222814824,
        0.37887721013651554,
        0.9002157424245573,
        0.54279882570929,
        0.9876504098455092,
        1.0421315517901633,
        0.7240572133058839,
        0.7878596678300791,
        0.8786370192970681,
        0.5274921705434866,
        0.6718636458792644,
        0.9268201523711594,
        0.650037461155939,
        0.7214784223399056,
        0.8478745889262878,
        0.640335868444722,
        0.38954624131684373,
        0.3598822439748748,
        0.3230519270265307,
        0.4444519908714526,
        0.32133427265971004,
        0.5585074301050369,
        0.17647978231420874,
        0.4146895582472749,
        0.9921783024206694,
        1.0128914618531983,
        0.7092529160580108,
        0.737455081393486,
        1.000672414738183,
        0.3657902965944394,
        0.7171989537460559,
        0.15494233212855268,
        0.7934465781879037,
        1.2295669127465916
      ],
      [
        0.6261022372939772,
        0.5241767914756862,
        0.6474284180485712,
        0.38713821904217494,
        0.5066049278131237,
        0.7216109925286079,
        0.6225250147686676,
        0.7606836666661588,
        0.622043823728162,
        0.5300290735365436,
        0.8322879453730089,
        0.0,
        0.7669464390451464,
        0.2220024709283173,
        0.5933526654680472,
        0.1738441913769694,
        0.11649164524965662,
        0.616207727319459,
        0.48247172300939806,
        0.4656946673159878,
        0.6213413769928396,
        0.20984360641715427,
        0.4838851731657426,
        0.13281629655616015,
        0.35043812887902054,
        0.35419960605277856,
        0.569781305721453,
        0.2776868884507104,
        0.36889321703046274,
        0.3091364269588297,
        0.3384493212760209,
        0.3875031270664919,
        0.6471559961122195,
        0.5218419482559209,
        0.7377397902114983,
        0.5817818437575385,
        0.7381904615774494,
        0.4159194072829775,
        0.8311371945034264,
        0.7703523272449133,
        0.6101180414983776,
        0.20009151836103015,
        0.3432643285733362,
        0.1607909442738394,
        0.43702782057021844,
        0.592913317554868,
        0.507139107068405,
        0.8206594721040809,
        0.5710627709430739,
        0.5614808321607517
      ],
      [
        0.7180027767508633,
        0.298651631079527,
        0.7333461967952268,
        0.4292955078771497,
        0.6585409629856331,
        0.4038745158163334,
        0.20586797340801077,
        0.1948242836541913,
        0.3322875351862987,
        1.0570388788765548,
        0.06667530922995532,
        0.7669464390451464,
        0.0,
        0.6149908556603647,
        0.8998868288277004,
        0.6652833389264843,
        0.7307035246413033,
        0.36186232402748664,
        0.8813327687989279,
        0.5078730914600924,
        0.9706355237364803,
        0.9767900454623006,
        0.6598213441375796,
        0.7270691701899,
        0.8127519745196368,
        0.4610666892973249,
        0.6548487597702354,
        0.8609351075937282,
        0.5841524163785077,
        0.6555933775624743,
        0.7819895441488565,
        0.5744508236672907,
        0.33946289538150715,
        0.2935271120312785,
        0.28577081896855694,
        0.4274371047624237,
        0.30852834030053466,
        0.4926223853276056,
        0.1824784663511775,
        0.3807508807011388,
        0.9261072114256053,
        0.9521009642130194,
        0.6517946296771756,
        0.676664583753307,
        0.952901460049686,
        0.3083320102136042,
        0.6536801680677156,
        0.1349367785541867,
        0.7281827408404884,
        1.1636818679691603
      ],
      [
        0.5955319797060522,
        0.5567465960062032,
        0.6110835625421029,
        0.6091406899704922,
        0.47768712626901283,
        0.6727767045175865,
        0.48989285089980994,
        0.558756312232418,
        0.42011646929442115,
        0.6926543329853947,
        0.6757813533005438,
        0.2220024709283173,
        0.6149908556603647,
        0.0,
        0.528158584343033,
        0.050292483266119604,
        0.11571266898093858,
        0.40659905729551427,
        0.438367276702947,
        0.24834151371620145,
        0.48864694162824396,
        0.3724688658660054,
        0.45673389751086146,
        0.11207831452953528,
        0.2217261850171915,
        0.5762020769810958,
        0.34784366758220187,
        0.27401407696686814,
        0.1469555788912116,
        0.16300009984745414,
        0.19096375464641124,
        0.16550683905179725,
        0.5986155919073082,
        0.5215383809542056,
        0.6720157453340344,
        0.38250850631313826,
        0.5296512367469922,
        0.20313843898021514,
        0.6292098400696856,
        0.7194953213109457,
        0.7461271780125829,
        0.3371101085526546,
        0.18372628501268767,
        0.06167372809294229,
        0.33791060438932136,
        0.5271889044762591,
        0.47729467974349377,
        0.61873211767034,
        0.5479654965192873,
        0.6543621178783252
      ],
      [
        1.0361206653521136,
        0.8162161091668823,
        1.0541228870907517,
        0.9169283268067647,
        0.9172415440672561,
        1.0666906008093004,
        0.7316190436453969,
        0.7050625451735091,
        0.7248971074429081,
        0.9055707223099094,
        0.9169017149367293,
        0.5933526654680472,
        0.8998868288277004,
        0.528158584343033,
        0.0,
        0.4778661010769134,
        0.537544028169929,
        0.5400238418657659,
        0.1109177738418405,
        0.4305173381450964,
        0.07077847672831146,
        0.5999777680648816,
        0.8954913308187087,
        0.5418009217391069,
        0.3992240940809244,
        0.899600649319253,
        0.24512851275891484,
        0.6861501673369502,
        0.44601660144990507,
        0.633926782725271,
        0.36846166371014416,
        0.43612106964748615,
        0.9923967036999501,
        0.7805767325764666,
        1.0255093878792154,
        0.5728132499946667,
        0.6218116939674984,
        0.4850414655061157,
        0.7663596179368068,
        1.1047046262758813,
        0.9836221671375426,
        0.5519035502097783,
        0.6604907816343355,
        0.4738098184630244,
        0.1975729421666453,
        0.9214383937738377,
        0.917225001062022,
        0.7650383506114311,
        0.9853369781358339,
        0.9510761270917637
      ],
      [
        0.5582545642752001,
        0.5980271952964847,
        0.5762567860138383,
        0.5609824104191443,
        0.4393754429903427,
        0.6716751000623209,
        0.5311734501900915,
        0.5868394752891894,
        0.4481996323511926,
        0.6584441202052338,
        0.7260738365666634,
        0.1738441913769694,
        0.6652833389264843,
        0.050292483266119604,
        0.4778661010769134,
        0.0,
        0.06549429801460771,
        0.4469935053130932,
        0.39974393695273475,
        0.2926310651690293,
        0.5210867148853733,
        0.3382586530858445,
        0.4176252297417953,
        0.06393482066219353,
        0.2218425803423323,
        0.5280437974297479,
        0.3972356795295593,
        0.23018097832536788,
        0.196347590838569,
        0.17046020411994803,
        0.22340352790354054,
        0.2144062412035182,
        0.5975139874520425,
        0.5628189802444871,
        0.6709141408787688,
        0.41813580739736816,
        0.5698192807578427,
        0.24441903827049669,
        0.657293003126457,
        0.7183937168556801,
        0.7031896881527724,
        0.3068970951642343,
        0.18262468055742204,
        0.02305038834273005,
        0.2992872646391091,
        0.5260873000209935,
        0.43935889998510863,
        0.6468152807271115,
        0.5074708770589205,
        0.6072341305085348
      ],
      [
        0.5096105920443206,
        0.6406684367253428,
        0.5309367727989146,
        0.5036298642918315,
        0.3901132825634671,
        0.7189401277808337,
        0.586942389854834,
        0.6523337733037972,
        0.5136939303658004,
        0.6249269826922504,
        0.7914940222814824,
        0.11649164524965662,
        0.7307035246413033,
        0.11571266898093858,
        0.537544028169929,
        0.06549429801460771,
        0.0,
        0.49976584166794297,
        0.44042775831690933,
        0.35088829993877885,
        0.5732851655153888,
        0.3047415155728611,
        0.367393527916086,
        0.02062761660530991,
        0.279230040212521,
        0.47069125130243517,
        0.46136703722102357,
        0.18664752814496977,
        0.26047894853003334,
        0.19576180666142837,
        0.2764563220544076,
        0.27795497339453423,
        0.6447790151705555,
        0.6185879199092297,
        0.7181791685972816,
        0.4656161562770778,
        0.6216991880617302,
        0.3001879779352392,
        0.7227873011410647,
        0.7656587445741929,
        0.6567868084178075,
        0.2809135797750946,
        0.2298897082759349,
        0.06373420970690463,
        0.3399710860032837,
        0.5733523277395063,
        0.39064746181874843,
        0.7123095787417192,
        0.45457112569341723,
        0.6563787413164586
      ],
      [
        0.7818077824611535,
        0.3910905905551063,
        0.8260241476952795,
        0.4947694353605907,
        0.7351501502361043,
        0.6423256483542265,
        0.4094010405670945,
        0.1670380403732953,
        0.30567788331129214,
        1.098322324565663,
        0.37887721013651554,
        0.616207727319459,
        0.36186232402748664,
        0.40659905729551427,
        0.5400238418657659,
        0.4469935053130932,
        0.49976584166794297,
        0.0,
        0.523335574214895,
        0.16392161557277443,
        0.6106392983644428,
        0.7781368574462737,
        0.7327887447097667,
        0.4847689633713458,
        0.5010055062633804,
        0.5260601833334348,
        0.29498347766960203,
        0.558843117315579,
        0.28206042610035864,
        0.3664319607705145,
        0.47024307589260006,
        0.2627043554110344,
        0.5704879536938849,
        0.3584178411302926,
        0.5540131139230403,
        0.06557478073493703,
        0.12305232553601146,
        0.20346096853564588,
        0.23346319066283858,
        0.6498714411537274,
        0.9912028990288494,
        0.7403447870773312,
        0.39887352540489057,
        0.46567597204370403,
        0.6237922465285206,
        0.4992074793304327,
        0.7306887164068231,
        0.22701384581121734,
        0.8052314853994746,
        1.054227635821628
      ],
      [
        0.9451377773546786,
        0.7591584483606213,
        0.9645606900101488,
        0.8598706660005037,
        0.8258549196651589,
        0.9727728187708794,
        0.6754647953909171,
        0.688376572661337,
        0.6678394466366471,
        0.797178271030377,
        0.9002157424245573,
        0.48247172300939806,
        0.8813327687989279,
        0.438367276702947,
        0.1109177738418405,
        0.39974393695273475,
        0.44042775831690933,
        0.523335574214895,
        0.0,
        0.3734596773388354,
        0.1496239588907781,
        0.4963531839827671,
        0.803629953053605,
        0.4460547200903021,
        0.478069576243391,
        0.8366713290621766,
        0.2283520965452929,
        0.5890338974839305,
        0.42924018523628316,
        0.5701954483441624,
        0.4473071458726108,
        0.4193446534338642,
        0.8986117061606012,
        0.7235190717702056,
        0.9684517270729545,
        0.5343881064326411,
        0.6048377455599323,
        0.4279838046998547,
        0.7504450062008874,
        1.0194914355642386,
        0.8797184161827898,
        0.4479997992550256,
        0.5819174892005672,
        0.3766935486100047,
        0.10045667231362565,
        0.827185018729552,
        0.8260843978263661,
        0.748352378099259,
        0.8922544365006523,
        0.8459095814311559
      ],
      [
        0.8050499166931222,
        0.3856987710217859,
        0.8356395798808581,
        0.4864109886616683,
        0.7185026085501213,
        0.636173262664204,
        0.3020051180520817,
        0.33095965594606974,
        0.29437976929781173,
        0.936976642208244,
        0.54279882570929,
        0.4656946673159878,
        0.5078730914600924,
        0.24834151371620145,
        0.4305173381450964,
        0.2926310651690293,
        0.35088829993877885,
        0.16392161557277443,
        0.3734596773388354,
        0.0,
        0.49808699512978494,
        0.6167911750888546,
        0.6961948703222014,
        0.3385615428979538,
        0.3375485642458287,
        0.5177017366345125,
        0.20545692865113535,
        0.3950562129438056,
        0.1182735217285852,
        0.21638472315068674,
        0.3067861338750484,
        0.09924741339348267,
        0.5618793655548537,
        0.35005939443137024,
        0.594992049734119,
        0.16092842909380572,
        0.28547833202425393,
        0.05452412736101931,
        0.397384806235613,
        0.6741872881307848,
        0.8680649227712102,
        0.5778857113473751,
        0.24811622669528155,
        0.3092360699359859,
        0.47391634965246104,
        0.4909210556287414,
        0.7187937629318883,
        0.39093546138399177,
        0.7847835345057805,
        0.8998651956775641
      ],
      [
        1.0793243748572943,
        0.8837857661515709,
        1.0970850891020687,
        0.861760785580338,
        0.9603485064949678,
        1.1203131441165715,
        0.8000921131818666,
        0.775811240082289,
        0.7924667644275967,
        0.9173473700520992,
        0.9876504098455092,
        0.6213413769928396,
        0.9706355237364803,
        0.48864694162824396,
        0.07077847672831146,
        0.5210867148853733,
        0.5732851655153888,
        0.6106392983644428,
        0.1496239588907781,
        0.49808699512978494,
        0.0,
        0.6040687068035095,
        0.9384204303864595,
        0.5811699984341977,
        0.32844561735261296,
        0.8288221725909416,
        0.31583167484289615,
        0.7241571528877282,
        0.5167197635338864,
        0.6516470414756981,
        0.2976831869818327,
        0.5052219074633985,
        1.046152031506293,
        0.8481463895611552,
        1.093079044863904,
        0.6426360745914056,
        0.6923518259014022,
        0.5526111224908042,
        0.8371289253023887,
        1.1670317609099305,
        0.9887462568669227,
        0.5570276399391585,
        0.6723732266409317,
        0.5118168040138024,
        0.2479969976593177,
        0.974725344075244,
        0.9603907471100331,
        0.835787045520211,
        1.0273706279264436,
        0.9554529609245935
      ],
      [
        0.7574520196851044,
        0.733912307729997,
        0.8011976622101562,
        0.5968737352964858,
        0.6948547981363282,
        0.9313465087829188,
        0.8322605310229785,
        0.9248055195147845,
        0.7861656765767877,
        0.32018546711938933,
        1.0421315517901633,
        0.20984360641715427,
        0.9767900454623006,
        0.3724688658660054,
        0.5999777680648816,
        0.3382586530858445,
        0.3047415155728611,
        0.7781368574462737,
        0.4963531839827671,
        0.6167911750888546,
        0.6040687068035095,
        0.0,
        0.672135043488947,
        0.3249327146645196,
        0.41418116685404066,
        0.5639351223070894,
        0.704383982839972,
        0.4842101774318903,
        0.5034958941489817,
        0.4997851387929024,
        0.38915548855338605,
        0.5235969043975396,
        0.8562325040829455,
        0.7315774645102318,
        0.9475368539360752,
        0.7546716771935968,
        0.9010639544142858,
        0.5749945299247113,
        0.9952590473520522,
        0.9800878434992242,
        0.40027443508122335,
        0.04839045052027149,
        0.5208833336432666,
        0.31686580956475363,
        0.5931026858611327,
        0.8027145773949086,
        0.6953889773916095,
        0.9847813249527065,
        0.6863413918063224,
        0.35163722574359746
      ],
      [
        0.14258438145149693,
        0.36204596938776823,
        0.16918285468991742,
        0.25644028379576966,
        0.024079003715630803,
        0.4123033532176697,
        0.48428624731719466,
        0.7266492475109938,
        0.5885857501666427,
        0.4484971910737788,
        0.7240572133058839,
        0.4838851731657426,
        0.6598213441375796,
        0.45673389751086146,
        0.8954913308187087,
        0.4176252297417953,
        0.367393527916086,
        0.7327887447097667,
        0.803629953053605,
        0.6961948703222014,
        0.9384204303864595,
        0.672135043488947,
        0.0,
        0.35763332742424764,
        0.6394678100841276,
        0.2251122500880867,
        0.8045775650930633,
        0.523879485087422,
        0.603689476402073,
        0.5339534578269172,
        0.6407372434046268,
        0.6222407365626588,
        0.44788563031370277,
        0.3743709035794741,
        0.5212857837404289,
        0.6672632551442311,
        0.8301188989790134,
        0.6445406521147934,
        0.7971027753482615,
        0.49897582996021395,
        0.2893932805017214,
        0.6483071076911806,
        0.5680813594414237,
        0.42693640444360026,
        0.7031732807399793,
        0.37645894288265364,
        0.02666653933363607,
        0.7259109353815631,
        0.09313487837543466,
        0.554586460534976
      ],
      [
        0.4992931955896403,
        0.6405154817165339,
        0.5192934334054041,
        0.519954515598335,
        0.37994106565216745,
        0.6994984515220749,
        0.5736617366101406,
        0.6507742959513829,
        0.5121344530133861,
        0.6451181817839089,
        0.7878596678300791,
        0.13281629655616015,
        0.7270691701899,
        0.11207831452953528,
        0.5418009217391069,
        0.06393482066219353,
        0.02062761660530991,
        0.4847689633713458,
        0.4460547200903021,
        0.3385615428979538,
        0.5811699984341977,
        0.3249327146645196,
        0.35763332742424764,
        0.0,
        0.28422143403165057,
        0.4870159026089387,
        0.45382650016671866,
        0.16624615766317435,
        0.25293841147572843,
        0.17632013040266958,
        0.28360344195646675,
        0.26965550490586065,
        0.6253373389117967,
        0.6053072666645363,
        0.6987374923385228,
        0.44906791349479613,
        0.6062441900358944,
        0.2869073246905458,
        0.7182321540341844,
        0.7462170683154341,
        0.6392548674905789,
        0.30149571957036453,
        0.2104480320171761,
        0.06936117148029738,
        0.34559804777667646,
        0.5539106514807475,
        0.38023222003393453,
        0.710750101389305,
        0.4462219916078268,
        0.6620617473968352
      ],
      [
        0.7800971446175324,
        0.632775130934158,
        0.7980993663561706,
        0.533315168227725,
        0.661218023332675,
        0.867787941714158,
        0.606884001111626,
        0.6680435466366756,
        0.5590927895704552,
        0.6868336196238974,
        0.8786370192970681,
        0.35043812887902054,
        0.8127519745196368,
        0.2217261850171915,
        0.3992240940809244,
        0.2218425803423323,
        0.279230040212521,
        0.5010055062633804,
        0.478069576243391,
        0.3375485642458287,
        0.32844561735261296,
        0.41418116685404066,
        0.6394678100841276,
        0.28422143403165057,
        0.0,
        0.5003765552383286,
        0.4292937077409173,
        0.428136919619324,
        0.2584071164394661,
        0.3847262848646456,
        0.03076243037078026,
        0.238301150852346,
        0.7946416304036301,
        0.5971162318314731,
        0.8654152810868844,
        0.49601536823420644,
        0.6213888774920623,
        0.32131162731194196,
        0.7344686969262189,
        0.9165292764304633,
        0.7991489794388007,
        0.3674303625110364,
        0.4044672608997544,
        0.21579657074539813,
        0.4920334470417772,
        0.7392192741964677,
        0.661201480327441,
        0.7280193520745977,
        0.7292777061166714,
        0.7487130960089865
      ],
      [
        0.3269817191720286,
        0.16997718542290763,
        0.3264068318668793,
        0.03293861298939635,
        0.23402516974810542,
        0.3674113864758294,
        0.26832540871588906,
        0.5031893938981937,
        0.36454955096019687,
        0.6367562945690575,
        0.5274921705434866,
        0.35419960605277856,
        0.4610666892973249,
        0.5762020769810958,
        0.899600649319253,
        0.5280437974297479,
        0.47069125130243517,
        0.5260601833334348,
        0.8366713290621766,
        0.5177017366345125,
        0.8288221725909416,
        0.5639351223070894,
        0.2251122500880867,
        0.4870159026089387,
        0.5003765552383286,
        0.0,
        0.7226809522030335,
        0.631886494503489,
        0.5635093811622051,
        0.616433240036217,
        0.5311389856091089,
        0.559224820895541,
        0.2942650751653016,
        0.16764234220314228,
        0.38363442720737717,
        0.4605346937678993,
        0.6169073483531162,
        0.4860422841771327,
        0.5736429217354613,
        0.41615272119213476,
        0.46604661608281855,
        0.5519531432659451,
        0.5823053384217105,
        0.5149905503266179,
        0.7912274266229969,
        0.2388427189581391,
        0.23059130761220578,
        0.5631651993361158,
        0.31037637554520536,
        0.7379664400304091
      ],
      [
        0.9433756472882541,
        0.5906234360020127,
        0.9589272301243048,
        0.6913902042301894,
        0.8255307938512148,
        0.8414385163740368,
        0.5043105909632623,
        0.4600244761160441,
        0.4802919534964061,
        1.0245694499593612,
        0.6718636458792644,
        0.569781305721453,
        0.6548487597702354,
        0.34784366758220187,
        0.24512851275891484,
        0.3972356795295593,
        0.46136703722102357,
        0.29498347766960203,
        0.2283520965452929,
        0.20545692865113535,
        0.31583167484289615,
        0.704383982839972,
        0.8045775650930633,
        0.45382650016671866,
        0.4292937077409173,
        0.7226809522030335,
        0.0,
        0.4745682375210271,
        0.20088808869099026,
        0.38879826996635625,
        0.39853127737013705,
        0.1909925568885713,
        0.7673159194739098,
        0.5550386099998913,
        0.7986249597732263,
        0.3308527272492128,
        0.38056622806459933,
        0.24043631155961367,
        0.5220929096555945,
        0.8792659478430999,
        0.9475769473484317,
        0.663881358800039,
        0.42292145106443535,
        0.4090768609891813,
        0.3288087688589185,
        0.6963037961006157,
        0.8251383473256957,
        0.5200002815539662,
        0.8958091641014891,
        1.0012906803821249
      ],
      [
        0.6655393532528147,
        0.7065535850930773,
        0.6855395910685784,
        0.6648251074928854,
        0.5461872233153418,
        0.8657446091852493,
        0.6550671341857173,
        0.7258811576888744,
        0.6125789536364101,
        0.6437183883136434,
        0.9268201523711594,
        0.2776868884507104,
        0.8609351075937282,
        0.27401407696686814,
        0.6861501673369502,
        0.23018097832536788,
        0.18664752814496977,
        0.558843117315579,
        0.5890338974839305,
        0.3950562129438056,
        0.7241571528877282,
        0.4842101774318903,
        0.523879485087422,
        0.16624615766317435,
        0.428136919619324,
        0.631886494503489,
        0.4745682375210271,
        0.0,
        0.2767826912152204,
        0.34256628806584394,
        0.42663806425096157,
        0.29688865680234056,
        0.7915834965749711,
        0.6726497301742832,
        0.8649836500016972,
        0.5519738515571017,
        0.6795809345097577,
        0.37300050637112503,
        0.7923063079784176,
        0.9124632259786085,
        0.4730087098274045,
        0.4651224991323122,
        0.37669418968035046,
        0.21234034887392583,
        0.4885772251703049,
        0.7201568091439219,
        0.5464783776971089,
        0.7858569631267964,
        0.6124681492710011,
        0.7449285337749951
      ],
      [
        0.7424875585972638,
        0.4297708938778569,
        0.7580391414333145,
        0.5322186331893608,
        0.6246427051602245,
