{
  "sol": {
    "z": 1.8444638917085583,
    "tours": [
      [
        0,
        18,
        17,
        10,
        11,
        21,
        13,
        1,
        5,
        6,
        19
      ],
      [
        16,
        8,
        9
      ],
      [
        2
      ],
      [
        3,
        12
      ],
      [
        4
      ],
      [
        7,
        22,
        14
      ],
      [
        15
      ],
      [
        20,
        23
      ]
    ]
  },
  "params": {
    "gm": [
      [
        0.0,
        0.4998958215601794,
        0.827096837081229,
        0.8521352804205091,
        0.9844085725763272,
        0.6122797963995197,
        0.6054040487203735,
        0.43429107361122926,
        0.8136305373979661,
        0.5958512293992954,
        0.298644097719997,
        0.39607951825853954,
        0.7550400157807649,
        0.34536176047016415,
        0.5428529996374484,
        1.0245578269354765,
        0.6216918011172525,
        0.23608850915033522,
        0.13219051891361175,
        0.4645920758308312,
        0.5566901675045479,
        0.39766906876880287,
        0.3744699439905986,
        0.6889372074007043,
        0.25769154612590267,
        0.737312596656954,
        0.15711509365780169,
        0.18281172606021548,
        0.868592063964386,
        0.5278277927724959,
        0.8955464225535341,
        1.0220486293774398,
        0.5249760282150685,
        0.9384536430319079,
        0.9583565227479169,
        0.1553172049631836,
        0.5099869355963955,
        1.2152876484508461,
        1.1993276958358747,
        0.5927756389394807,
        1.2617561706378142,
        0.9863871269991897,
        0.637961876668281,
        0.6337048137277345,
        0.5792479290424934,
        0.13701499082557178,
        0.2749032505946885,
        0.7979904052293314,
        0.7328298326153141,
        0.6420830984773038,
        1.007606954462109,
        0.6466846216414912,
        1.059655462746451,
        0.7522699149337577,
        0.861517677177192,
        0.8396833677367531,
        0.07553241229341387,
        0.703384626466751,
        0.9921983530676044,
        0.7682655606382215
      ],
      [
        0.4998958215601794,
        0.0,
        0.931149043961125,
        0.4578943769122544,
        0.6652948016867115,
        0.16785302837341914,
        0.16847448110352595,
        0.7467472500836918,
        0.4448739636578058,
        0.39982133726506885,
        0.27630934018542286,
        0.24074007906475497,
        0.5510132900262384,
        0.1557789007247795,
        0.5307047041808419,
        0.8526759874086229,
        0.40185529694523886,
        0.3287005689571468,
        0.46004631220659253,
        0.25754804562867806,
        0.5456064975098942,
        0.17350565743925114,
        0.6797961638589993,
        0.6532541359777014,
        0.6540147297726882,
        0.8776828130261489,
        0.49889623286867646,
        0.31916040277925567,
        0.657869461040417,
        0.5415251119376906,
        0.6195431787123861,
        0.9114865135728536,
        0.5315680748500282,
        1.0425058499118038,
        1.0624087296278129,
        0.5996288703027847,
        0.49542484736323017,
        0.9771906083045381,
        0.9233080063289534,
        0.6644818034767,
        0.9857085846864664,
        1.0460268370320862,
        0.5978899609059385,
        0.13603177570225417,
        0.6027278542058522,
        0.5237376607889398,
        0.6764545211668539,
        0.3851859266566854,
        0.23515679458983382,
        0.6648689431444417,
        0.7293204507133604,
        0.1488827100902086,
        0.7617594499105262,
        0.3614688427831124,
        0.43837261743646605,
        0.5971895031289831,
        0.5067069311510749,
        0.7122900351694009,
        1.057774472402091,
        0.31943404568143796
      ],
      [
        0.827096837081229,
        0.931149043961125,
        0.0,
        0.5546053763276358,
        0.9524569609947802,
        1.0977760262710519,
        1.09929596921951,
        0.43931506633140904,
        0.9049416785279852,
        0.8347139379846393,
        0.7100457995252696,
        0.6965005118335436,
        0.6597643984942294,
        0.8545392582217163,
        0.5451503369128206,
        0.454619791772054,
        0.7850488556308924,
        0.7152704453402563,
        0.7232024926014118,
        0.6924406463482486,
        0.3946687869860436,
        0.7668182421058767,
        0.47426549251354244,
        0.4639980656902472,
        0.6086804122728489,
        0.10415506894017554,
        0.6843525719393279,
        0.8225144050258251,
        0.7321095602845253,
        0.4373322192773926,
        0.8574803049407176,
        0.28493406605257376,
        0.5869888537327136,
        0.11135680595067887,
        0.13125968566668791,
        0.7112945656302455,
        0.4457030327384348,
        0.7831702871042256,
        0.8407523511432169,
        0.2981615726116553,
        0.8410517615299703,
        0.1592902899179607,
        0.4086338906184842,
        1.0671808196633792,
        0.5116707243985449,
        0.7136208543961924,
        0.6055747007111439,
        0.9214730010011813,
        0.9983208308226101,
        0.5686086822680023,
        0.9753339227845836,
        1.0800317540513336,
        0.965065977724252,
        0.8975164355955014,
        0.9646013426295705,
        0.6769738134758423,
        0.770114452989646,
        0.5132758320284636,
        0.16510151598637532,
        1.250583089642563
      ],
      [
        0.8521352804205091,
        0.4578943769122544,
        0.5546053763276358,
        0.0,
        0.39785158466714426,
        0.6257474052856735,
        0.6263688580157803,
        0.7130893571305619,
        0.3503363022003494,
        0.4448290766590888,
        0.5558238422474848,
        0.46027479169138785,
        0.10515902216659355,
        0.5521570641905924,
        0.6809350812915292,
        0.39478161049636856,
        0.23044347930325657,
        0.6217572730395219,
        0.7610851102920253,
        0.39862426656415395,
        0.47615017315553415,
        0.4587931188092443,
        0.7065506212255103,
        0.3297817990061115,
        0.8185382797930654,
        0.6587604452678114,
        0.7999350309541092,
        0.6796086915397673,
        0.19997508412816262,
        0.5596819050832975,
        0.3028749286130818,
        0.4535921366605993,
        0.6684702399022041,
        0.6497588676946382,
        0.6343545591914171,
        0.9027147314983468,
        0.5125452467179475,
        0.6605223582052338,
        0.6066562018954224,
        0.4839566712259991,
        0.6690846766973618,
        0.616750903203677,
        0.3832424860726532,
        0.5684779794529627,
        0.4585858311608141,
        0.824777891603239,
        0.8264919849086355,
        0.36686762467354556,
        0.6634773683032354,
        0.4930177559656797,
        0.42072854645694785,
        0.5554971919607694,
        0.4675310218329507,
        0.3429110592678656,
        0.40999596630193463,
        0.1392951262167288,
        0.8275556926713171,
        0.2688424118091908,
        0.5998800954898366,
        0.739803523631332
      ],
      [
        0.9844085725763272,
        0.6652948016867115,
        0.9524569609947802,
        0.39785158466714426,
        0.0,
        0.6433820207452414,
        0.6529348243455864,
        0.9875081893117192,
        0.2210508132156274,
        0.580029337825655,
        0.6859738911548814,
        0.58861414927228,
        0.29322177529464394,
        0.6873573253571588,
        0.8781529561004662,
        0.607241112149551,
        0.36564374046982284,
        0.7503704347300277,
        0.8847713710660278,
        0.5220899128650771,
        0.7380894778562974,
        0.5939922110017882,
        0.948234753616386,
        0.6296219862029627,
        1.0270360265388276,
        0.948268262084095,
        0.9236212917281117,
        0.8146045038774861,
        0.4067738234782652,
        0.7568997798922343,
        0.09612600504196116,
        0.7314148220716608,
        0.9130202952529138,
        0.9275815531056997,
        0.9465069521411625,
        1.0264009922723492,
        0.75390417704583,
        0.34444912509556636,
        0.27840198874107613,
        0.7904917027648796,
        0.33753196128406016,
        0.9477730451113481,
        0.6437894404057863,
        0.5292630259844574,
        0.646601170203208,
        0.9484641523772415,
        1.0395839163136777,
        0.2804440534268878,
        0.628388044872037,
        0.5837660007683976,
        0.08054461332889735,
        0.5239810437401217,
        0.09679492619735312,
        0.3248953021710652,
        0.23503266152135532,
        0.37786512725063215,
        0.9540848557714152,
        0.6389590763072006,
        0.9311700984565023,
        0.6683245825242358
      ],
      [
        0.6122797963995197,
        0.16785302837341914,
        1.0977760262710519,
        0.6257474052856735,
        0.6433820207452414,
        0.0,
        0.01071042211978776,
        0.902455825290067,
        0.4236096095948996,
        0.5653393688490255,
        0.43513817187515247,
        0.4083963965898089,
        0.6297851092153511,
        0.29482844653308715,
        0.6697542499891496,
        1.0205290157820421,
        0.46263560072634474,
        0.47976363978583575,
        0.5989205717509837,
        0.4230660772126347,
        0.7134488279476334,
        0.3402128569207226,
        0.8381373056359993,
        0.7958457871922551,
        0.7928889893170793,
        1.0454616516629711,
        0.6377704924130676,
        0.4446576684143283,
        0.7433371573989723,
        0.707951810912143,
        0.5989280877384063,
        1.0793395419462728,
        0.6903969065397577,
        1.2091328322217307,
        1.227018220049513,
        0.7325711032519359,
        0.6632749559917949,
        0.9565755173305583,
        0.9026924585895036,
        0.832236054297141,
        0.9650909983565058,
        1.2094145640617728,
        0.7655462784309924,
        0.11541681886561349,
        0.6825713195660692,
        0.6617564455135715,
        0.815328780711245,
        0.3639264496346027,
        0.19002400157665092,
        0.6197361501312588,
        0.7084087991102307,
        0.11947135421693579,
        0.740024084169953,
        0.3320574869098396,
        0.41352782541698435,
        0.7102723148846661,
        0.6345665431131876,
        0.8439114942877477,
        1.1925437563479324,
        0.1604236982430957
      ],
      [
        0.6054040487203735,
        0.16847448110352595,
        1.09929596921951,
        0.6263688580157803,
        0.6529348243455864,
        0.01071042211978776,
        0.0,
        0.8953635012131912,
        0.43294505445995657,
        0.5671369564916847,
        0.43278374072766945,
        0.408419717128227,
        0.639267759547268,
        0.29100278813687347,
        0.6659285915929358,
        1.0211504685121489,
        0.47211825105826166,
        0.4762856849078393,
        0.593991568293135,
        0.424863664855294,
        0.7139156591309788,
        0.3397699243759805,
        0.8343116472397856,
        0.8013653789993179,
        0.7879599858592307,
        1.0460887562932204,
        0.632841488955219,
        0.4390269117718571,
        0.7528198077308892,
        0.7070934212713877,
        0.6078640563674351,
        1.0799609946763797,
        0.6880424753922747,
        1.2106527751701888,
        1.2305556548861978,
        0.7269664180705216,
        0.6635876711727222,
        0.965511485959587,
        0.9116288839840023,
        0.832257575073925,
        0.9740294623415156,
        1.2137064750955582,
        0.7655695989694105,
        0.12435265335730322,
        0.6880909113731322,
        0.6566631000380886,
        0.8103997772533964,
        0.3732507690242076,
        0.1955435933837138,
        0.6252557419383217,
        0.717597838217177,
        0.1289540045488527,
        0.7495362842554266,
        0.3415401372417565,
        0.42350127948662747,
        0.719754965216583,
        0.6286891911340157,
        0.8494310860948107,
        1.1980633481549954,
        0.16526204984668547
      ],
      [
        0.43429107361122926,
        0.7467472500836918,
        0.43931506633140904,
        0.7130893571305619,
        0.9875081893117192,
        0.902455825290067,
        0.8953635012131912,
        0.0,
        0.8955272732288311,
        0.6809705350479783,
        0.518555238513301,
        0.5363895462518272,
        0.7453226020304045,
        0.6076273787569797,
        0.2327015753009174,
        0.7654201457900964,
        0.7008419520193111,
        0.48443805106245413,
        0.3422429450447192,
        0.5386972434115875,
        0.2991865526014398,
        0.5732415926444407,
        0.06695108622469254,
        0.4085886406328679,
        0.18273868290247602,
        0.335743899766468,
        0.30339302438263527,
        0.49958861996635856,
        0.7781635049193828,
        0.23399968272077934,
        0.8947734575710525,
        0.6985316743928205,
        0.47707679579182816,
        0.5430950075013866,
        0.5696664374302864,
        0.292080832203068,
        0.3187388710406527,
        1.0223518337107607,
        1.0376381969332829,
        0.22923854269669572,
        1.0742424178181027,
        0.5982212264029835,
        0.3657611270628326,
        0.882779025785946,
        0.4163201437181074,
        0.3015417127991225,
        0.17336792386253483,
        0.8771096504351868,
        0.9088674617075256,
        0.4791553131529178,
        0.982376700592418,
        0.8956299601739004,
        1.0363873745157635,
        0.8277245547516003,
        0.9447186677772622,
        0.7081514788995416,
        0.3612303067517524,
        0.44424694532137105,
        0.6025008724454787,
        1.0606255510598768
      ],
      [
        0.8136305373979661,
        0.4448739636578058,
        0.9049416785279852,
        0.3503363022003494,
        0.2210508132156274,
        0.4236096095948996,
        0.43294505445995657,
        0.8955272732288311,
        0.0,
        0.38353789185124615,
        0.5149864396779691,
        0.4219855832537111,
        0.2759820000895852,
        0.5163989060968558,
        0.8025436920009384,
        0.6555777334169535,
        0.19468532120951992,
        0.5813655461718448,
        0.7223414925811016,
        0.3668151085047933,
        0.6645869678669983,
        0.4230349607155076,
        0.8429863274299672,
        0.6127159614871217,
        0.9163099101471972,
        0.967446979662925,
        0.7611914132431855,
        0.6438505334460307,
        0.38953404827320637,
        0.6812905157927066,
        0.18132635326267704,
        0.7649971339724863,
        0.7702451743425744,
        0.9095801307606042,
        0.9325408090163874,
        0.8639711137874231,
        0.6174330731387634,
        0.5386094103096699,
        0.4821317571230658,
        0.7868560667044702,
        0.5441513166310648,
        0.94842360903799,
        0.6638171196434639,
        0.30884218795555163,
        0.5599313242045556,
        0.7860342738923153,
        0.9210268272729629,
        0.05969594534136352,
        0.40796720684313126,
        0.622766493639366,
        0.2851266529142896,
        0.30415574854731503,
        0.3171137864762775,
        0.10729514787645142,
        0.05967079804049557,
        0.3439631232354408,
        0.7870485962223643,
        0.6184822839438406,
        0.935222352950604,
        0.46470212097378066
      ],
      [
        0.5958512293992954,
        0.39982133726506885,
        0.8347139379846393,
        0.4448290766590888,
        0.580029337825655,
        0.5653393688490255,
        0.5671369564916847,
        0.6809705350479783,
        0.38353789185124615,
        0.0,
        0.29720937815269466,
        0.19977171114075581,
        0.4322812721337484,
        0.36787889549998093,
        0.5780018751325359,
        0.8222242692259619,
        0.2143855973558322,
        0.36189419582846993,
        0.5006238652680559,
        0.14227329163639077,
        0.44004515099859576,
        0.25724352318221655,
        0.6480836726484557,
        0.5762090423374131,
        0.6945922828341515,
        0.7684017714006879,
        0.5394737859301398,
        0.43520954386108557,
        0.5317507844516298,
        0.45674869892430403,
        0.4978413010088466,
        0.8978855723564203,
        0.5520073744774447,
        0.9460707439353182,
        0.9659736236513272,
        0.6422534864743774,
        0.3928912562703608,
        0.8554887306009986,
        0.8016225742911871,
        0.5623697793142902,
        0.8640510490931266,
        0.9706639889448561,
        0.5225271128187085,
        0.535853112967323,
        0.5001942631129828,
        0.5643166465792696,
        0.7170320742283173,
        0.3828378046528665,
        0.6349781318549026,
        0.5630294325477931,
        0.6151138851806364,
        0.5487040473552774,
        0.662800480940177,
        0.3438619689118611,
        0.4407382174794126,
        0.5168406754324881,
        0.5672865069677067,
        0.6365940911791176,
        0.9852263532393022,
        0.7192553829465068
      ],
      [
        0.298644097719997,
        0.27630934018542286,
        0.7100457995252696,
        0.5558238422474848,
        0.6859738911548814,
        0.43513817187515247,
        0.43278374072766945,
        0.518555238513301,
        0.5149864396779691,
        0.29720937815269466,
        0.0,
        0.09743766701193884,
        0.4563959180607678,
        0.15005108430088526,
        0.4058087320007534,
        0.8053125575694167,
        0.3253803629442283,
        0.06639214668699409,
        0.2082195325804099,
        0.1666396665843964,
        0.31608841319570247,
        0.11667762698433838,
        0.4758905295166733,
        0.434199765306177,
        0.40218795014650555,
        0.6401118246123971,
        0.24706945324249383,
        0.14489478737835632,
        0.569947966244389,
        0.2845555557925216,
        0.5969158966633746,
        0.7520432815355914,
        0.2552587346646053,
        0.8214026054759485,
        0.8313502377661084,
        0.3495766246820672,
        0.2658603192054312,
        0.9545633262555266,
        0.9006971699457151,
        0.42027744364418423,
        0.9631256447476546,
        0.8352725457287796,
        0.387135669602632,
        0.412341115887677,
        0.37316332604805313,
        0.27191231389162357,
        0.4246277415406713,
        0.5016789670563072,
        0.5114661347752567,
        0.43599849548286357,
        0.7094157047002755,
        0.42519205027563145,
        0.7611785971459745,
        0.4559584767607334,
        0.5628758259305913,
        0.541039270016756,
        0.27215543517932084,
        0.49447855615952424,
        0.8431108182197089,
        0.5930906514571914
      ],
      [
        0.39607951825853954,
        0.24074007906475497,
        0.6965005118335436,
        0.46027479169138785,
        0.58861414927228,
        0.4083963965898089,
        0.408419717128227,
        0.5363895462518272,
        0.4219855832537111,
        0.19977171114075581,
        0.09743766701193884,
        0.0,
        0.3641090703847059,
        0.17120585235201563,
        0.42364303973927964,
        0.7583353432930244,
        0.22983131238813126,
        0.16212248468771412,
        0.30085215412730015,
        0.07091245745841336,
        0.30610708910135576,
        0.07032105501197954,
        0.49372483725519956,
        0.4125140569129465,
        0.49482057169339577,
        0.6384533562034012,
        0.3397020747893841,
        0.23543783272032978,
        0.47763824129318216,
        0.30238986353104785,
        0.49950036242394935,
        0.8055280720489238,
        0.35269640167654415,
        0.8078573177842224,
        0.8277601975002314,
        0.44248177533362165,
        0.25542436487135545,
        0.8571477920161014,
        0.80328163570629,
        0.42385665080834223,
        0.8657101105082294,
        0.8052867579673311,
        0.3571498818411835,
        0.37677185476700914,
        0.3627273717139774,
        0.36454493543851385,
        0.5172603630875615,
        0.4061299165002102,
        0.47589687365458877,
        0.42556254114878783,
        0.6122826753049802,
        0.38962278915496357,
        0.6638659458227857,
        0.3604094262046364,
        0.4654381589186525,
        0.4487524223406941,
        0.3675147958269508,
        0.47154995610464595,
        0.8201822181648306,
        0.5601741247461929
      ],
      [
        0.7550400157807649,
        0.5510132900262384,
        0.6597643984942294,
        0.10515902216659355,
        0.29322177529464394,
        0.6297851092153511,
        0.639267759547268,
        0.7453226020304045,
        0.2759820000895852,
        0.4322812721337484,
        0.4563959180607678,
        0.3641090703847059,
        0.0,
        0.5076980514088485,
        0.6936698518639389,
        0.39422627290831846,
        0.2178956747779162,
        0.5224134868994812,
        0.6566846099266752,
        0.2934652443975604,
        0.48636731273543077,
        0.3984302391515157,
        0.7314786026056511,
        0.33673396139753653,
        0.836785370618563,
        0.6965769581476082,
        0.6955345305887591,
        0.5991502491920193,
        0.11355204818362122,
        0.5724166756557071,
        0.19904605090157543,
        0.4919733844439749,
        0.6786873794821007,
        0.6502603594811517,
        0.6565588089268022,
        0.7983142311329967,
        0.5200517474645888,
        0.5566934804937275,
        0.502827324183916,
        0.5184193237720466,
        0.5652557989858554,
        0.6725012132010008,
        0.39209813646929953,
        0.5232945424906087,
        0.4699565631008236,
        0.7203773912378889,
        0.8462010643262077,
        0.3061760554249858,
        0.6182939313408814,
        0.5128435984585328,
        0.3168996687454415,
        0.5103137549984154,
        0.3643750103103078,
        0.29772762230551153,
        0.3344807389316033,
        0.08464335195598822,
        0.7254913649845753,
        0.3521197223949854,
        0.6592482379185457,
        0.6912734540632707
      ],
      [
        0.34536176047016415,
        0.1557789007247795,
        0.8545392582217163,
        0.5521570641905924,
        0.6873573253571588,
        0.29482844653308715,
        0.29100278813687347,
        0.6076273787569797,
        0.5163989060968558,
        0.36787889549998093,
        0.15005108430088526,
        0.17120585235201563,
        0.5076980514088485,
        0.0,
        0.37492580345606236,
        0.8958479575457877,
        0.32171358488733587,
        0.1855762492758004,
        0.30720775614692425,
        0.22746995018846947,
        0.45992244919154507,
        0.11212930616218746,
        0.5433088591029122,
        0.5645144867310322,
        0.5011761737130199,
        0.788071563870405,
        0.3460576768090082,
        0.1635811394937806,
        0.6195015336279971,
        0.43433155732542916,
        0.6047945704782012,
        0.9020943658364766,
        0.40530981896549056,
        0.9658960641723952,
        0.9797766748191978,
        0.4451871416265899,
        0.40883729992003365,
        0.9624420000703532,
        0.9085758437605418,
        0.5687038806972736,
        0.9710043185624813,
        0.9704072012135688,
        0.5222703250874212,
        0.29145460349542807,
        0.5161403067626557,
        0.37076002897718124,
        0.5236159651071857,
        0.4980121889994148,
        0.3905796223830077,
        0.5789754761974661,
        0.7223272388753348,
        0.304379029867525,
        0.7701235298869336,
        0.452291698703841,
        0.5655903006452869,
        0.584233347364275,
        0.35115136410226655,
        0.6254538739279529,
        0.9740861359881375,
        0.45508413517071244
      ],
      [
        0.5428529996374484,
        0.5307047041808419,
        0.5451503369128206,
        0.6809350812915292,
        0.8781529561004662,
        0.6697542499891496,
        0.6659285915929358,
        0.2327015753009174,
        0.8025436920009384,
        0.5780018751325359,
        0.4058087320007534,
        0.42364303973927964,
        0.6936698518639389,
        0.37492580345606236,
        0.0,
        0.7228882950352442,
        0.6078645252260754,
        0.47220087868774746,
        0.4714311988407135,
        0.43572858349614507,
        0.20940675783178675,
        0.4870551096182498,
        0.16838305564684977,
        0.35693589046640234,
        0.3028601879261306,
        0.457652746618852,
        0.4519557536572828,
        0.5385069429498429,
        0.6796254468177599,
        0.1212531762082318,
        0.7820269510585051,
        0.7561264212624066,
        0.36455077453868695,
        0.6565071428634994,
        0.6600060798663462,
        0.40845281736004446,
        0.20820015587530072,
        0.9446627429990198,
        0.9859854467668172,
        0.24896645666753758,
        0.9928414974762583,
        0.6887112620425035,
        0.3021673560925779,
        0.6663804069514905,
        0.31332572092746014,
        0.4077384175294998,
        0.3006655842127711,
        0.7777122704010684,
        0.7655054258390701,
        0.3761608903622706,
        0.8793822778017708,
        0.6793048333235874,
        0.9345994478870231,
        0.7194459355070668,
        0.8503388343012348,
        0.6499490514094274,
        0.4685098655047546,
        0.41209266948233847,
        0.6944805435679268,
        0.8300099386267747
      ],
      [
        1.0245578269354765,
        0.8526759874086229,
        0.454619791772054,
        0.39478161049636856,
        0.607241112149551,
        1.0205290157820421,
        1.0211504685121489,
        0.7654201457900964,
        0.6555777334169535,
        0.8222242692259619,
        0.8053125575694167,
        0.7583353432930244,
        0.39422627290831846,
        0.8958479575457877,
        0.7228882950352442,
        0.0,
        0.6078386718701297,
        0.8182760262607587,
        0.9604711322784937,
        0.6876915173058789,
        0.519166140606151,
        0.7849557994346554,
        0.7588814098850449,
        0.3711127922632396,
        0.8702691048034015,
        0.5435025328946306,
        0.941421284605899,
        0.9263112456152818,
        0.3822575350682369,
        0.6064400828671633,
        0.5932723238098939,
        0.18071475826827813,
        0.7034937180217824,
        0.37564265071099645,
        0.395805623173648,
        0.9737458938618309,
        0.5443775998146985,
        0.3350311916316175,
        0.3861325593711629,
        0.5362874598855337,
        0.39281282717513344,
        0.3961116654764806,
        0.4255276951561223,
        0.9153165156672475,
        0.45497101026119435,
        0.897203948478116,
        0.8786756211987798,
        0.6926255095288332,
        0.8777301679835892,
        0.4480180194289813,
        0.5656633560374502,
        0.9023357281750541,
        0.5104461859521979,
        0.6897495954821503,
        0.711553437772154,
        0.3116146101815127,
        0.9490254146420625,
        0.3211732004687254,
        0.37934309038734143,
        1.0852125821021141
      ],
      [
        0.6216918011172525,
        0.40185529694523886,
        0.7850488556308924,
        0.23044347930325657,
        0.36564374046982284,
        0.46263560072634474,
        0.47211825105826166,
        0.7008419520193111,
        0.19468532120951992,
        0.2143855973558322,
        0.3253803629442283,
        0.22983131238813126,
        0.2178956747779162,
        0.32171358488733587,
        0.6078645252260754,
        0.6078386718701297,
        0.0,
        0.39131379373626535,
        0.5306416309887687,
        0.17213594172993027,
        0.46990780109213526,
        0.22834963950598772,
        0.6483010062204472,
        0.5546296361754527,
        0.7246100485548643,
        0.7982644214942274,
        0.5694915516508526,
        0.4491652122365108,
        0.3173651870957976,
        0.48661134901784353,
        0.28345570365301437,
        0.6834999750005881,
        0.5806390976088336,
        0.8680720856018194,
        0.8647980384946737,
        0.6722712521950902,
        0.4227539063639003,
        0.6411031332451664,
        0.5872369769353549,
        0.5922324294078297,
        0.6496654517372944,
        0.8471943825069336,
        0.552389762912248,
        0.35614503400160236,
        0.5300569132065223,
        0.5943344122999824,
        0.7470498399490301,
        0.17629860411207893,
        0.451144422851875,
        0.5928920826413326,
        0.40072828782480413,
        0.34316424650940897,
        0.4484148835843448,
        0.13057811381650514,
        0.24387671575795108,
        0.30245507807665595,
        0.5971122133680605,
        0.49928589111244737,
        0.8303235747930932,
        0.5274705781799716
      ],
      [
        0.23608850915033522,
        0.3287005689571468,
        0.7152704453402563,
        0.6217572730395219,
        0.7503704347300277,
        0.47976363978583575,
        0.4762856849078393,
        0.48443805106245413,
        0.5813655461718448,
        0.36189419582846993,
        0.06639214668699409,
        0.16212248468771412,
        0.5224134868994812,
        0.1855762492758004,
        0.47220087868774746,
        0.8182760262607587,
        0.39131379373626535,
        0.0,
        0.14219510601773494,
        0.22894824250192075,
        0.32060165835421267,
        0.18046932121683287,
        0.44524324921159864,
        0.45284869825036905,
        0.3361635235838306,
        0.6529531703165408,
        0.18104502667981887,
        0.10841887575469408,
        0.6359648379823348,
        0.3509477024795157,
        0.6603828909667938,
        0.8184354282225855,
        0.29863845373783515,
        0.8266272512909352,
        0.8465301310069442,
        0.28318447799507307,
        0.2738984264460603,
        1.0166022126434153,
        0.9641641642491343,
        0.443424828940922,
        1.0265926390510738,
        0.8500102436440934,
        0.4018733675179458,
        0.46473234465940094,
        0.3812014332886823,
        0.2058878873289486,
        0.35860331497799636,
        0.5676123978483443,
        0.5638573635469806,
        0.4440366027234927,
        0.7717361661221941,
        0.47758327904735537,
        0.8240333085077015,
        0.5201817660571688,
        0.6275606436063665,
        0.6070568388554693,
        0.20588855654797633,
        0.5137831730169999,
        0.8624154350771845,
        0.6396119447244858
      ],
      [
        0.13219051891361175,
        0.46004631220659253,
        0.7232024926014118,
        0.7610851102920253,
        0.8847713710660278,
        0.5989205717509837,
        0.593991568293135,
        0.3422429450447192,
        0.7223414925811016,
        0.5006238652680559,
        0.2082195325804099,
        0.30085215412730015,
        0.6566846099266752,
        0.30720775614692425,
        0.4714311988407135,
        0.9604711322784937,
        0.5306416309887687,
        0.14219510601773494,
        0.0,
        0.3632193655291148,
        0.4627967643719476,
        0.3222922257066293,
        0.30304814319386364,
        0.595043804268104,
        0.19396841756609565,
        0.6190474236612362,
        0.03884992066208392,
        0.15938190790318799,
        0.7702359610095288,
        0.4641046642126889,
        0.7928065759866463,
        0.9487264198630817,
        0.4408335597555701,
        0.8317755370018562,
        0.8544120326916845,
        0.14162962120632147,
        0.4160935324637952,
        1.141965438936488,
        1.096587849268987,
        0.5291141157617905,
        1.1590163240709264,
        0.8824886290189607,
        0.5440684735356807,
        0.5958921518934914,
        0.5059257195281353,
        0.06369278131121367,
        0.2164082089602614,
        0.7069402351008476,
        0.6950171707810711,
        0.5687608889629457,
        0.901125084315535,
        0.6086343714719714,
        0.9544938300426943,
        0.6544528890843628,
        0.7662903130459526,
        0.7413279618826634,
        0.07212916166369578,
        0.6559782790347348,
        0.8880666722623071,
        0.7592043540231895
      ],
      [
        0.4645920758308312,
        0.25754804562867806,
        0.6924406463482486,
        0.39862426656415395,
        0.5220899128650771,
        0.4230660772126347,
        0.424863664855294,
        0.5386972434115875,
        0.3668151085047933,
        0.14227329163639077,
        0.1666396665843964,
        0.07091245745841336,
        0.2934652443975604,
        0.22746995018846947,
        0.43572858349614507,
        0.6876915173058789,
        0.17213594172993027,
        0.22894824250192075,
        0.3632193655291148,
        0.0,
        0.297771859362205,
        0.115699600430546,
        0.505810381012065,
        0.43393575070102236,
        0.5571877830952104,
        0.6261284797642971,
        0.40206928619119875,
        0.30634992630502084,
        0.407016595480414,
        0.3144754072879133,
        0.43147770306754,
        0.7854386288415354,
        0.40973408284105395,
        0.8037974522989275,
        0.8237003320149365,
        0.5048489867354363,
        0.25061796463397007,
        0.789125132659692,
        0.7352589763498806,
        0.4200964876778994,
        0.79768745115182,
        0.8283906973084654,
        0.38025382118231776,
        0.3935798213309322,
        0.3579209714765921,
        0.4269121468403285,
        0.5796275744893762,
        0.3440020124849536,
        0.4927048402185119,
        0.4207561409114025,
        0.5430278383414234,
        0.40643075571888665,
        0.5951265654457718,
        0.291233523555248,
        0.4146102508050897,
        0.3781085963535486,
        0.432026120587015,
        0.4943207995427268,
        0.8429530616029114,
        0.576982091310116
      ],
      [
        0.5566901675045479,
        0.5456064975098942,
        0.3946687869860436,
        0.47615017315553415,
        0.7380894778562974,
        0.7134488279476334,
        0.7139156591309788,
        0.2991865526014398,
        0.6645869678669983,
        0.44004515099859576,
        0.31608841319570247,
        0.30610708910135576,
        0.48636731273543077,
        0.45992244919154507,
        0.20940675783178675,
        0.519166140606151,
        0.46990780109213526,
        0.32060165835421267,
        0.4627967643719476,
        0.297771859362205,
        0.0,
        0.37604794040765793,
        0.2682632051627829,
        0.1496333513378942,
        0.3577344074180954,
        0.33235151196232815,
        0.5016466850340315,
        0.42784561803978155,
        0.5127188376664273,
        0.08815358162355497,
        0.6831293324988958,
        0.5604395072260762,
        0.19232006674667,
        0.5060255929367224,
        0.5259284726527315,
        0.4672083260938423,
        0.05121986104387586,
        0.7379077012117271,
        0.778682907638309,
        0.12282317058670933,
        0.7869950669929245,
        0.5424369135766587,
        0.09430003745051112,
        0.6816382732121484,
        0.11763880689112975,
        0.49483859940901215,
        0.369509274768169,
        0.6178741857543218,
        0.610186124880548,
        0.1804739763259402,
        0.6836953637654404,
        0.6944892076001028,
        0.7389125338506927,
        0.5890053829174531,
        0.6924807951470933,
        0.4420817327673606,
        0.5264902149021891,
        0.20730776134634338,
        0.5559400234065279,
        0.8650405431913322
      ],
      [
        0.39766906876880287,
        0.17350565743925114,
        0.7668182421058767,
        0.4587931188092443,
        0.5939922110017882,
        0.3402128569207226,
        0.3397699243759805,
        0.5732415926444407,
        0.4230349607155076,
        0.25724352318221655,
        0.11667762698433838,
        0.07032105501197954,
        0.3984302391515157,
        0.11212930616218746,
        0.4870551096182498,
        0.7849557994346554,
        0.22834963950598772,
        0.18046932121683287,
        0.3222922257066293,
        0.115699600430546,
        0.37604794040765793,
        0.0,
        0.5062905064197482,
        0.48237618372944946,
        0.5162606432727249,
        0.7083219673253792,
        0.3611421463687132,
        0.2212048781628216,
        0.511137515504412,
        0.3680469161075091,
        0.5102058498767901,
        0.8687209085199298,
        0.37193636164894367,
        0.8781750480565556,
        0.8980779277725646,
        0.46360515544695324,
        0.325191447383406,
        0.8678532794689421,
        0.8139871231591307,
        0.4928207047327936,
        0.8764155979610702,
        0.875148884783834,
        0.42701200865768646,
        0.3095374331415053,
        0.43249445422602795,
        0.385985007017843,
        0.5387004346668907,
        0.4046482436180666,
        0.4086624520290849,
        0.4953296236608384,
        0.6263497801465174,
        0.32238836752945976,
        0.6755239259694477,
        0.3589277533224928,
        0.4722263552639388,
        0.47334118925314267,
        0.3821834803957814,
        0.5414120829211488,
        0.8900443449813334,
        0.4927138316994228
      ],
      [
        0.3744699439905986,
        0.6797961638589993,
        0.47426549251354244,
        0.7065506212255103,
        0.948234753616386,
        0.8381373056359993,
        0.8343116472397856,
        0.06695108622469254,
        0.8429863274299672,
        0.6480836726484557,
        0.4758905295166733,
        0.49372483725519956,
        0.7314786026056511,
        0.5433088591029122,
        0.16838305564684977,
        0.7588814098850449,
        0.6483010062204472,
        0.44524324921159864,
        0.30304814319386364,
        0.505810381012065,
        0.2682632051627829,
        0.5062905064197482,
        0.0,
        0.3947446412081146,
        0.13447713227928085,
        0.3732486829209116,
        0.28357269801043294,
        0.4589708067382635,
        0.7497072443336797,
        0.19133497372415167,
        0.8521087485744249,
        0.7360364575472641,
        0.4328277560527091,
        0.5726590236154923,
        0.6020784083746424,
        0.2400697617131947,
        0.2782702554034403,
        1.003559433217607,
        1.0237941975085294,
        0.22606597256792674,
        1.0537575210342753,
        0.6310232179106297,
        0.34655007234359947,
        0.8158279395612534,
        0.3817435248981892,
        0.23935536188265,
        0.13228252856592138,
        0.8241278379805711,
        0.8742908428876075,
        0.4445786943329996,
        0.9478000817724999,
        0.8286788739492079,
        1.003017251857752,
        0.7788791200369523,
        0.8917425441652383,
        0.694331767660449,
        0.3001268098579048,
        0.4377082094163195,
        0.63372785364278,
        0.9983929942736245
      ],
      [
        0.6889372074007043,
        0.6532541359777014,
        0.4639980656902472,
        0.3297817990061115,
        0.6296219862029627,
        0.7958457871922551,
        0.8013653789993179,
        0.4085886406328679,
        0.6127159614871217,
        0.5762090423374131,
        0.434199765306177,
        0.4125140569129465,
        0.33673396139753653,
        0.5645144867310322,
        0.35693589046640234,
        0.3711127922632396,
        0.5546296361754527,
        0.45284869825036905,
        0.595043804268104,
        0.43393575070102236,
        0.1496333513378942,
        0.48237618372944946,
