{
  "sol": {
    "z": 3.143082871059854,
    "tours": [
      [
        0,
        19,
        11,
        21,
        10,
        14,
        3,
        17,
        23,
        5,
        18,
        1,
        9,
        7
      ],
      [
        16,
        8,
        2,
        22,
        15,
        20,
        12,
        13,
        4,
        6
      ]
    ]
  },
  "params": {
    "gm": [
      [
        0.0,
        0.21677771419650377,
        0.535612643944472,
        0.23855375688029173,
        0.7414951200585695,
        0.5592302695309666,
        0.7430535828699816,
        0.2908997828564453,
        0.41111346736010534,
        0.2212109100026001,
        0.5260827377973923,
        0.22301924880800478,
        0.6990100438641698,
        0.5838340439432431,
        0.11497907744747553,
        0.6728849708318023,
        0.45446231541900073,
        0.34484678598356927,
        0.4526353680725425,
        0.1350880234960368,
        0.6901393292927316,
        0.3041813727794954,
        0.6669635314531178,
        0.38314273415042,
        0.20899534436707076,
        0.36085721896560197,
        0.7318267185333206,
        0.44615692852387945,
        0.7300739587335725,
        0.18105395309915268,
        0.2722269849808034,
        0.5426800655997023,
        0.5794934253015207,
        0.47604472545386556,
        0.14226825422321537,
        0.1453242097966826,
        0.5851569493395826,
        0.5566766839444721,
        0.32205023684177786,
        0.41777048597436206,
        0.4567030524758672,
        0.34796279797449814,
        0.1502051299784555,
        0.05372457133306278,
        0.5390110715435711,
        0.5881495776499046,
        0.18840467503602526,
        0.2799435233602603,
        0.3966191569426888,
        0.24601310412777627,
        0.3318338747542139,
        0.2541715340321234,
        0.7581193430085365,
        0.3411961322264402,
        0.5782422682223206,
        0.8142476334610231,
        0.36513270089130506,
        0.5922060772318443,
        0.7126546812976917,
        0.831606973063838
      ],
      [
        0.21677771419650377,
        0.0,
        0.4380859324653677,
        0.3339829258523885,
        0.69393084324049,
        0.6903962460213844,
        0.6935093529503313,
        0.08823834818440206,
        0.1970262730365493,
        0.03697036985596735,
        0.7094738996748997,
        0.39687115895310526,
        0.5984762539434008,
        0.5374381847682435,
        0.30749449900292447,
        0.6179953600472919,
        0.2799922714913258,
        0.440275954955666,
        0.5480645370446393,
        0.2398044908012836,
        0.486314480631039,
        0.49480530915718013,
        0.5324819920155384,
        0.5052499850298402,
        0.39604096067661443,
        0.147258850564333,
        0.5838007960470326,
        0.5415860974959762,
        0.575204111534468,
        0.07943646643721236,
        0.4693467112578401,
        0.7347363308999312,
        0.3942051511083191,
        0.3290421291594777,
        0.09651009284969675,
        0.36182126623016403,
        0.6969898022169259,
        0.3403643734588445,
        0.5141065021420067,
        0.5131996549464588,
        0.2412766343727937,
        0.34651182503912636,
        0.14875415704308373,
        0.2326560545849022,
        0.3236792351270099,
        0.779983066853372,
        0.29875494148037646,
        0.06606395621525943,
        0.21613346499769825,
        0.42459638677937417,
        0.47627365094225543,
        0.3435622444970205,
        0.5545003166496497,
        0.42237512414312983,
        0.7753619944993573,
        0.811811631470496,
        0.45002748988058705,
        0.7143133281112644,
        0.545694092432098,
        0.6448766764013043
      ],
      [
        0.535612643944472,
        0.4380859324653677,
        0.0,
        0.5190079769874589,
        0.6952785997987113,
        0.8754212971564548,
        0.6860684799725691,
        0.3986766555566001,
        0.24105965942881843,
        0.4483623770671881,
        1.0616953817418644,
        0.7586318927524769,
        0.4952651139860321,
        0.598160225264544,
        0.6505917213919475,
        0.22483792240027545,
        0.5536930950550893,
        0.6241818994862579,
        0.6666187505193444,
        0.6707006674405088,
        0.3247735929828337,
        0.8397940167239675,
        0.1313508875086458,
        0.6902750361649106,
        0.6530227889166926,
        0.3371754422268729,
        0.2277061537963732,
        0.6626718431046843,
        0.19446131478910045,
        0.5037196012957195,
        0.8078396289252754,
        0.9632531914245104,
        0.04388078135704859,
        0.5740610169185514,
        0.5161882473064585,
        0.6809368537411546,
        0.8820148533519963,
        0.20476352015122673,
        0.7426233626665859,
        0.6315882514299733,
        0.21937724493897826,
        0.6761744188358729,
        0.574751724852792,
        0.5893372152775348,
        0.1847532019804338,
        1.0399718359314731,
        0.7240173189804973,
        0.3867735526894669,
        0.43515603476957737,
        0.6096214379144447,
        0.8674465186986859,
        0.7683768516978029,
        0.22720760909865761,
        0.848372691952838,
        0.9955135465688649,
        0.8315159151456755,
        0.8747953746390679,
        0.8517092103177625,
        0.1770420373532197,
        0.295994329119366
      ],
      [
        0.23855375688029173,
        0.3339829258523885,
        0.5190079769874589,
        0.0,
        0.5808539391095464,
        0.3564133201689959,
        0.5933093013444425,
        0.42222127403679055,
        0.5310091988889378,
        0.37095329570835583,
        0.5588641917440855,
        0.42922337484676026,
        0.4604562869838781,
        0.6329086915785114,
        0.16405372508274382,
        0.44946923755237567,
        0.6139751973437142,
        0.10629302910327752,
        0.21408161119225078,
        0.37349430494081326,
        0.4515855724124398,
        0.4774772032948556,
        0.5383086894137696,
        0.17126705917745172,
        0.1340148119292337,
        0.4812417764167215,
        0.49327296165302886,
        0.20760317164358771,
        0.626946720993811,
        0.39908578013580903,
        0.43948981354122085,
        0.44424521443705134,
        0.5628887583445075,
        0.6630250550118661,
        0.3808220111035071,
        0.2801205405790967,
        0.3630068763645374,
        0.6743472993112329,
        0.22361538567912695,
        0.17921672909407033,
        0.5752595602251822,
        0.57913199633051,
        0.38137432833446744,
        0.18524408819061502,
        0.6576621609793984,
        0.5209638589440142,
        0.42566344257905875,
        0.40004688206764794,
        0.5501163908500868,
        0.09061346092698572,
        0.5472229136693446,
        0.4916463913772928,
        0.7462155860861166,
        0.5781016210199337,
        0.4765055695814059,
        0.6023719584880548,
        0.6009907137121578,
        0.38033040225887593,
        0.6552480804198941,
        0.7997558503762174
      ],
      [
        0.7414951200585695,
        0.69393084324049,
        0.6952785997987113,
        0.5808539391095464,
        0.0,
        0.39421629225742444,
        0.014046269254196154,
        0.7640240813477103,
        0.7167680352660497,
        0.7304043393371482,
        0.8959990033983803,
        0.8925955483375633,
        0.21299964450202438,
        0.15766107611532643,
        0.6265160426110941,
        0.4869322616318612,
        0.9721617861889219,
        0.5734722223160627,
        0.6145558652799274,
        0.8652983655770261,
        0.371821224864528,
        0.9416995159081216,
        0.5639277122900656,
        0.40958687993209475,
        0.6018954125963443,
        0.7723198559255594,
        0.46906956955390894,
        0.6106089578652674,
        0.6102804987586447,
        0.7733673096777024,
        0.9041092959799502,
        0.7834218468004416,
        0.6962479125102032,
        1.0137140524284205,
        0.7904409360901867,
        0.7445066787040244,
        0.3136081195801054,
        0.8571306513043814,
        0.5768992113661672,
        0.5795253661905564,
        0.7639095147493995,
        1.0404426682796164,
        0.8426850002835737,
        0.7013544870291163,
        0.8371203331335885,
        0.8671311646973204,
        0.9062606991103175,
        0.7302818897346913,
        0.8861541026129565,
        0.548396985693973,
        1.0110390563731322,
        0.9710581555688187,
        0.7938879034215554,
        1.0546980425750405,
        0.8239204688977508,
        0.13639516827315543,
        1.0754185051266878,
        0.2005235368506705,
        0.6644739937162792,
        0.7933160830535034
      ],
      [
        0.5592302695309666,
        0.6903962460213844,
        0.8754212971564548,
        0.3564133201689959,
        0.39421629225742444,
        0.0,
        0.40749671983956315,
        0.7786345942057864,
        0.8114412770796664,
        0.7273666158773517,
        0.5528525711982384,
        0.6787389454617687,
        0.5552187585975317,
        0.5518773683727509,
        0.44819374954730523,
        0.7284921201392698,
        0.97038851751271,
        0.3285537956766118,
        0.3847325709323688,
        0.6868882568161436,
        0.7038863692379707,
        0.714368263395575,
        0.821384807654224,
        0.18524645659807512,
        0.3547350763302992,
        0.8376550965857175,
        0.7611579262033736,
        0.3807856635177087,
        0.9049778297637888,
        0.7223493053237371,
        0.6765870743329216,
        0.4384207395722279,
        0.9193020785135033,
        1.019438375180862,
        0.701498523754182,
        0.5168776450883573,
        0.08378482523254675,
        0.945792157503989,
        0.2768104281891732,
        0.34970207184299773,
        0.8547355650988033,
        0.9014300109169158,
        0.7036723429208731,
        0.5085076133785431,
        0.9303538536611295,
        0.5107364389042333,
        0.7237352706130211,
        0.7564602022366438,
        0.9065297110190826,
        0.3138616529463715,
        0.7959262591096337,
        0.7861016961401034,
        1.0529484755759901,
        0.8647814779595431,
        0.4709200730985802,
        0.3725768194029776,
        0.8819459216248877,
        0.1987746622658012,
        0.9380977967932317,
        1.0825868757850512
      ],
      [
        0.7430535828699816,
        0.6935093529503313,
        0.6860684799725691,
        0.5933093013444425,
        0.014046269254196154,
        0.40749671983956315,
        0.0,
        0.7625573465161668,
        0.7124942711984533,
        0.7300949210076073,
        0.9084543656332764,
        0.8941540111489753,
        0.20129556535918572,
        0.15921953892673857,
        0.6280745054225061,
        0.47886881426454386,
        0.9711639277930176,
        0.5618706831168122,
        0.6281057226851423,
        0.8668568283884381,
        0.36214479053776627,
        0.9432579787195337,
        0.5547175924639234,
        0.4220422421669908,
        0.6143507748312403,
        0.7695058594846211,
        0.45953215407821035,
        0.6241588152704822,
        0.5997164144244728,
        0.7729458193875437,
        0.9056677587913622,
        0.7958772090353377,
        0.6867104970345047,
        1.0109000559874821,
        0.790019445800028,
        0.7460651415154365,
        0.32715797698532034,
        0.8475932358286828,
        0.5893545736010632,
        0.5930752235957713,
        0.7596357506818031,
        1.0400211779894577,
        0.842263509993415,
        0.7029129498405283,
        0.8275829176578899,
        0.8795865269322165,
        0.9078191619217295,
        0.7287668056287091,
        0.8839386011071098,
        0.5608523479288691,
        1.0125975191845442,
        0.9726166183802307,
        0.7839465064937499,
        1.0562565053864525,
        0.8363758311326469,
        0.14554436141039606,
        1.0769769679380998,
        0.21297889908556658,
        0.6542535857747539,
        0.7822533075092677
      ],
      [
        0.2908997828564453,
        0.08823834818440206,
        0.3986766555566001,
        0.42222127403679055,
        0.7640240813477103,
        0.7786345942057864,
        0.7625573465161668,
        0.0,
        0.15846727953522927,
        0.06993536552287832,
        0.7424388953418106,
        0.44191004555348423,
        0.6512810572290619,
        0.6095911579920016,
        0.3891126737929222,
        0.5858746159545383,
        0.21036788125201608,
        0.5285143031400681,
        0.5675797505874001,
        0.2790976843098252,
        0.5250387783804517,
        0.5437722651341826,
        0.4930727151067707,
        0.5934883332142422,
        0.47793328777234106,
        0.07483700016751599,
        0.5193760865014055,
        0.5796477483489456,
        0.5357948346257004,
        0.11648736063143407,
        0.5226101126026754,
        0.8098476036622351,
        0.3547958741995515,
        0.259417738920168,
        0.18426889067151173,
        0.4326657815542105,
        0.7852281504013279,
        0.28299684856217,
        0.5959988292377334,
        0.6014380031308608,
        0.19302659682063447,
        0.37891473850733093,
        0.18257324134504332,
        0.3145483816806289,
        0.2716683847492292,
        0.812948062520283,
        0.3290934494163776,
        0.03386650488679071,
        0.12953281663911115,
        0.5092295959241724,
        0.5068476106293252,
        0.3779636025281834,
        0.5194508632908836,
        0.4561942084450894,
        0.8286253958441927,
        0.8839646046942541,
        0.4838465741825466,
        0.8025516762956664,
        0.5062848155233304,
        0.6060623820437148
      ],
      [
        0.41111346736010534,
        0.1970262730365493,
        0.24105965942881843,
        0.5310091988889378,
        0.7167680352660497,
        0.8114412770796664,
        0.7124942711984533,
        0.15846727953522927,
        0.0,
        0.20730271763836966,
        0.8798062474573021,
        0.5906027527307658,
        0.6919162496407869,
        0.573749990140825,
        0.5045207720394738,
        0.42894275387061875,
        0.3244038767654525,
        0.4854437925116217,
        0.5561360932024505,
        0.4296860370148589,
        0.5218435364440578,
        0.6902350485064115,
        0.33545571897898907,
        0.6493291348955896,
        0.5930672337131637,
        0.09759015258164301,
        0.42435722102806417,
        0.560637250820271,
        0.3781778384979188,
        0.26265994186690095,
        0.6657943212782562,
        0.9317626039364805,
        0.19717887807176984,
        0.33849440999612024,
        0.27512858787764,
        0.5563943126732198,
        0.8002431687293783,
        0.14814099321261728,
        0.711132775178556,
        0.5343259221189274,
        0.04714147948334978,
        0.49295073402076733,
        0.3336920654239736,
        0.42968232762145153,
        0.1282205213445919,
        0.9503154146357744,
        0.48375762287094215,
        0.14571389326064846,
        0.20831323609399421,
        0.6216226598159236,
        0.6606747711586424,
        0.5273171922689843,
        0.3625759036969118,
        0.6073130325240197,
        0.968413928118862,
        0.8460912644191853,
        0.6349653982614769,
        0.8583924779770138,
        0.3486678193955487,
        0.447850403364755
      ],
      [
        0.2212109100026001,
        0.03697036985596735,
        0.4483623770671881,
        0.37095329570835583,
        0.7304043393371482,
        0.7273666158773517,
        0.7300949210076073,
        0.06993536552287832,
        0.20730271763836966,
        0.0,
        0.6725035298189324,
        0.38340972085205755,
        0.6351611465657662,
        0.5737199691230321,
        0.319644080645887,
        0.6362454715089885,
        0.24493384505896384,
        0.47724632481163337,
        0.5850349069006067,
        0.222499276219518,
        0.520967062693208,
        0.4836206067230168,
        0.5427584366173588,
        0.5422203548858076,
        0.4083333970280031,
        0.14063529218978463,
        0.5851743785236742,
        0.5785564673519435,
        0.5854805561362885,
        0.055575186256183705,
        0.460360772545156,
        0.7470287672513198,
        0.40448159571013953,
        0.29398370272711577,
        0.12048688810546834,
        0.36383894447180776,
        0.7339601720728932,
        0.34412426285231423,
        0.5263989384933954,
        0.5501700248024262,
        0.2483579240801691,
        0.3249316686063347,
        0.1271740006102921,
        0.24494849093629092,
        0.3299143420132376,
        0.7430126969974047,
        0.2781431386158351,
        0.06278703531850907,
        0.18963816008257228,
        0.43962970517983435,
        0.45580385680228985,
        0.3202324366582671,
        0.5691228398958477,
        0.4007949677103382,
        0.7611112104804922,
        0.8480934158252846,
        0.4284473334477954,
        0.7512836979672317,
        0.5559705370339184,
        0.652001757753099
      ],
      [
        0.5260827377973923,
        0.7094738996748997,
        1.0616953817418644,
        0.5588641917440855,
        0.8959990033983803,
        0.5528525711982384,
        0.9084543656332764,
        0.7424388953418106,
        0.8798062474573021,
        0.6725035298189324,
        0.0,
        0.3449154562687015,
        0.9802470331345584,
        1.0003039726812126,
        0.5314490061854451,
        1.0073311515088732,
        0.8026398269110357,
        0.6196719153769319,
        0.698242722546161,
        0.48326553498807184,
        0.9950044889382909,
        0.2603917135731118,
        1.0969189882261259,
        0.49764596765120545,
        0.45686353604632696,
        0.813138822008717,
        1.048344628970868,
        0.694295815131501,
        1.1622724211152324,
        0.6399987690174707,
        0.25385575281658895,
        0.11461897730703416,
        1.0769851255290719,
        0.8516896845791877,
        0.6660571965459794,
        0.4135651820611533,
        0.6282643333370699,
        1.0166277926712466,
        0.33524880606495855,
        0.66321222345679,
        0.9208614538991015,
        0.7037782867807484,
        0.5683154906063493,
        0.5506660567445968,
        1.00241787183217,
        0.0705091671784723,
        0.46587912682560895,
        0.7352905651374414,
        0.8560079256628275,
        0.4686962695307059,
        0.39153262461120475,
        0.49266930098500217,
        1.24162636971478,
        0.5273398033308669,
        0.08860768066155988,
        0.9098115357785657,
        0.5278548899434287,
        0.6954754665477099,
        1.2138583792322504,
        1.3245052875720313
      ],
      [
        0.22301924880800478,
        0.39687115895310526,
        0.7586318927524769,
        0.42922337484676026,
        0.8925955483375633,
        0.6787389454617687,
        0.8941540111489753,
        0.44191004555348423,
        0.5906027527307658,
        0.38340972085205755,
        0.3449154562687015,
        0.0,
        0.8848857855622324,
        0.7349344722222368,
        0.2660795057264692,
        0.823985399110796,
        0.48227146619639105,
        0.5352210706305561,
        0.6427639623094051,
        0.16289717427342718,
        0.8808089472592,
        0.10317577415146993,
        0.8899827802611227,
        0.5294403550979655,
        0.33768791099819007,
        0.5166485917478056,
        0.8904839285639288,
        0.6355455950184579,
        0.9316341819359322,
        0.32847104522587506,
        0.09230303403142565,
        0.37954052509098535,
        0.7877816308025356,
        0.531321323864543,
        0.3527114097357301,
        0.16186130037341145,
        0.7235265279322006,
        0.7248323319934692,
        0.4593026409795585,
        0.6081332683811593,
        0.6314800890347674,
        0.37788895254615956,
        0.2593431564180897,
        0.26115204080679727,
        0.7123805278207059,
        0.40480655800327253,
        0.12539508400615546,
        0.44578724471118353,
        0.5389108101787353,
        0.39650001495548054,
        0.11860875662450379,
        0.14883785078078499,
        0.9511842079627031,
        0.20145046909627815,
        0.3912108575063082,
        0.9605452544085686,
        0.21236285650333234,
        0.7385036981793898,
        0.9356739301056965,
        1.0354114786051565
      ],
      [
        0.6990100438641698,
        0.5984762539434008,
        0.4952651139860321,
        0.4604562869838781,
        0.21299964450202438,
        0.5552187585975317,
        0.20129556535918572,
        0.6512810572290619,
        0.6919162496407869,
        0.6351611465657662,
        0.9802470331345584,
        0.8848857855622324,
        0.0,
        0.19495119192291904,
        0.6188062798357632,
        0.2997442464237522,
        0.8609709495263913,
        0.3605751177576265,
        0.4713763712664212,
        0.8339505919246913,
        0.17141973470029914,
        0.9339897531327908,
        0.3639142264773863,
        0.5244604601415945,
        0.5895901782171238,
        0.6410453419299564,
        0.2675590286127228,
        0.4669436493321276,
        0.40068126465651444,
        0.6676347841264697,
        0.8963506200602961,
        0.8656280558275242,
        0.4947373715690171,
        0.8824395384328174,
        0.6949863467930975,
        0.7367922767257409,
        0.482603744529632,
        0.6556201103631952,
        0.6488751906424279,
        0.436487264040636,
        0.6702338351509467,
        0.9370757305336337,
        0.739318062537591,
        0.6457003751744931,
        0.6356097921924023,
        0.9574527119490682,
        0.8861197295629368,
        0.61794821658559,
        0.7601924618418237,
        0.5324461371950414,
        1.0033292935978015,
        0.9322920345285531,
        0.5873003823460325,
        1.012939029637637,
        0.9134720297441506,
        0.3448100040264301,
        1.0405913953750943,
        0.3564440963317304,
        0.45658469111917005,
        0.5815221334749094
      ],
      [
        0.5838340439432431,
        0.5374381847682435,
        0.598160225264544,
        0.6329086915785114,
        0.15766107611532643,
        0.5518773683727509,
        0.15921953892673857,
        0.6095911579920016,
        0.573749990140825,
        0.5737199691230321,
        1.0003039726812126,
        0.7349344722222368,
        0.19495119192291904,
        0.0,
        0.4688549664957676,
        0.37891185091539187,
        0.8164816024047132,
        0.5555263096805456,
        0.6663275631893403,
        0.7076372894616997,
        0.2914072410723397,
        0.7840384397927951,
        0.4668093377558982,
        0.5672479560474211,
        0.5634866225761269,
        0.622198018987052,
        0.3800787092042994,
        0.6618948412550467,
        0.5306754063722314,
        0.6168746512054558,
        0.7464482198646237,
        0.8975097874624227,
        0.6050861786631174,
        0.8635922154899129,
        0.6339482776179401,
        0.5868456025886979,
        0.47126919569543185,
        0.7218909833534423,
        0.6768799587044982,
        0.6314384559635551,
        0.6208914696241747,
        0.8839500098073698,
        0.6861923418113272,
        0.5436934109137899,
        0.7019705114854169,
        0.9884292771801344,
        0.7485996229949909,
        0.5760285651641885,
        0.7336669999971297,
        0.6085355072799872,
        0.8533779802578059,
        0.8133970794534922,
        0.7012230124396966,
        0.8970369664597141,
        0.9440243720358262,
        0.2743734467022525,
        0.9177574290113613,
        0.3581846129659969,
        0.5782434774614064,
        0.7174527845024721
      ],
      [
        0.11497907744747553,
        0.30749449900292447,
        0.6505917213919475,
        0.16405372508274382,
        0.6265160426110941,
        0.44819374954730523,
        0.6280745054225061,
        0.3891126737929222,
        0.5045207720394738,
        0.319644080645887,
        0.5314490061854451,
        0.2660795057264692,
        0.6188062798357632,
        0.4688549664957676,
        0.0,
        0.5579058933843268,
        0.558156614888896,
        0.27034674896114125,
        0.37679533292802314,
        0.2387823229659321,
        0.6156392974951836,
        0.31518347329702756,
        0.6513929282759565,
        0.27842975790578833,
        0.09463165608035938,
        0.4546795048740335,
        0.6244044228374596,
        0.3694772083669023,
        0.735736191825051,
        0.28820502314155555,
        0.27759325336885615,
        0.4286548209666551,
        0.6944725027489962,
        0.591023802901341,
        0.2572473316706909,
        0.11799063609293033,
        0.4799600291017936,
        0.6412132522934274,
        0.20802499220873066,
        0.34227432837082133,
        0.5401139404137127,
        0.4627428692538139,
        0.2649852012577713,
        0.07483844441802226,
        0.6225265711169826,
        0.5195743106843668,
        0.2797446564992234,
        0.3732469844679055,
        0.5037378489553468,
        0.13968054078421963,
        0.38452301376203823,
        0.3445421129577246,
        0.8619948156525742,
        0.4281819999639465,
        0.47516940554005865,
        0.7095346572163914,
        0.44890246251559374,
        0.48749310098721255,
        0.7683051148422185,
        0.9127607134891295
      ],
      [
        0.6728849708318023,
        0.6179953600472919,
        0.22483792240027545,
        0.44946923755237567,
        0.4869322616318612,
        0.7284921201392698,
        0.47886881426454386,
        0.5858746159545383,
        0.42894275387061875,
        0.6362454715089885,
        1.0073311515088732,
        0.823985399110796,
        0.2997442464237522,
        0.37891185091539187,
        0.5579058933843268,
        0.0,
        0.7413888932427888,
        0.399938324462658,
        0.4419286582617522,
        0.7966882163502589,
        0.13168087941625298,
        0.8730893666813544,
        0.09348703489162967,
        0.5630647087680708,
        0.5766911678075045,
        0.5110376157870223,
        0.06649852945313274,
        0.43798175084709207,
        0.1778302984407242,
        0.6916026957375196,
        0.8354991467531829,
        0.8927121742018391,
        0.23176387579884888,
        0.7524318122898833,
        0.7040713417482587,
        0.6758965294772572,
        0.672815405782832,
        0.3919780213734339,
        0.6720823454439147,
        0.4068981591723811,
        0.40726033938077855,
        0.8640575132776733,
        0.7540933242929012,
        0.6327443378023491,
        0.37030989584520557,
        0.9703747972320207,
        0.8376505498835503,
        0.5746566471312672,
        0.6230391292113777,
        0.5400243992149923,
        0.9424289071463651,
        0.9024480063420515,
        0.32445635543672036,
        0.9860878933482733,
        0.9259165078694125,
        0.6232066684779607,
        1.0068083558999206,
        0.6561883427554827,
        0.2103992214578917,
        0.3548548201048026
      ],
      [
        0.45446231541900073,
        0.2799922714913258,
        0.5536930950550893,
        0.6139751973437142,
        0.9721617861889219,
        0.97038851751271,
        0.9711639277930176,
        0.21036788125201608,
        0.3244038767654525,
        0.24493384505896384,
        0.8026398269110357,
        0.48227146619639105,
        0.8609709495263913,
        0.8164816024047132,
        0.558156614888896,
        0.7413888932427888,
        0.0,
        0.6666891714139326,
        0.7774904249227272,
        0.3193742919229639,
        0.7353116070203054,
        0.5847207837543956,
        0.6480891546052598,
        0.7852422565211659,
        0.6517674391684425,
        0.23035127745576653,
        0.6748903637896561,
        0.7730577029884337,
        0.6908112741241896,
        0.30050903131514756,
        0.566366569441493,
        0.8536040605010526,
        0.5098123136980407,
        0.04904985766815193,
        0.3591364233035577,
        0.5228778592171042,
        0.9769820737082515,
        0.38270699781075757,
        0.7529981806462901,
        0.742601317696942,
        0.33463000154972944,
        0.16854685725531482,
        0.3663045252513574,
        0.48988233599525477,
        0.38639188083991083,
        0.8731489940895081,
        0.38276791918318676,
        0.24413933352664452,
        0.11853761313739335,
        0.6845635502387982,
        0.4876994429989421,
        0.43214233229244425,
        0.6396009029146609,
        0.3449017964667624,
        0.8723818526830103,
        1.0908550491069657,
        0.36635370744811285,
        0.99430559960259,
        0.6602232843533263,
        0.7335600893774269
      ],
      [
        0.34484678598356927,
        0.440275954955666,
        0.6241818994862579,
        0.10629302910327752,
        0.5734722223160627,
        0.3285537956766118,
        0.5618706831168122,
        0.5285143031400681,
        0.4854437925116217,
        0.47724632481163337,
        0.6196719153769319,
        0.5352210706305561,
        0.3605751177576265,
        0.5555263096805456,
        0.27034674896114125,
        0.399938324462658,
        0.6666891714139326,
        0.0,
        0.11080125350879468,
        0.4797873340440908,
        0.3753325735613589,
        0.5831601017491117,
        0.49283101197761214,
        0.16388534238396799,
        0.22920934616667513,
        0.5830339450932647,
        0.4326041305267618,
        0.1063685315745011,
        0.576424034087177,
        0.5053788092390865,
        0.5450786944980807,
        0.5050529380698977,
        0.6311078528848313,
        0.7157390290820845,
        0.48711504020678464,
        0.3860389425752026,
        0.3418293928934605,
        0.6173973505623077,
        0.28830007288480136,
        0.07591214628300949,
        0.5276402625968747,
        0.6854250254337876,
        0.4876673574377449,
        0.29153711729389253,
        0.6100528933001446,
        0.5968775941914417,
        0.5319564716823363,
        0.5063399111709255,
        0.6564094199533643,
        0.17213952495273185,
        0.6529966727209252,
        0.5979394204805704,
        0.7243946798993783,
        0.6843946501232112,
        0.5528969119865241,
        0.594990241694571,
        0.7072837428154354,
        0.37294868546539217,
        0.6095440011166199,
        0.7540330801084394
      ],
      [
        0.4526353680725425,
        0.5480645370446393,
        0.6666187505193444,
        0.21408161119225078,
        0.6145558652799274,
        0.3847325709323688,
        0.6281057226851423,
        0.5675797505874001,
        0.5561360932024505,
        0.5850349069006067,
        0.698242722546161,
        0.6427639623094051,
        0.4713763712664212,
        0.6663275631893403,
        0.37679533292802314,
        0.4419286582617522,
        0.7774904249227272,
        0.11080125350879468,
        0.0,
        0.5815626816926298,
        0.48613382707015357,
        0.6854086769609491,
        0.5352678630106986,
        0.2746865958927627,
        0.32309507386976427,
        0.589980940980074,
        0.44999673747089164,
        0.012067997761545601,
        0.6012625843007529,
        0.6131673913280598,
        0.6471680697479106,
        0.5836237452391269,
        0.6735447039179179,
        0.8265402825908792,
        0.5949036222957579,
        0.48982050951261513,
        0.3009477456998221,
        0.6955097050102236,
        0.36309213424105435,
        0.03503049908937109,
        0.5944103931305089,
        0.7932136075227608,
        0.5954559395267182,
        0.3993256993828658,
        0.6768230238337788,
        0.6746311729358021,
        0.6397450537713095,
        0.5337132457006094,
        0.6942039806704537,
        0.26180189738787707,
        0.7610062038410179,
        0.7057280025695436,
        0.7663850136984725,
        0.7921832322121845,
        0.6302102699273124,
        0.5903644243472412,
        0.8150723249044086,
        0.42716459266357465,
        0.648708805350505,
        0.7877085277296085
      ],
      [
        0.1350880234960368,
        0.2398044908012836,
        0.6707006674405088,
        0.37349430494081326,
        0.8652983655770261,
        0.6868882568161436,
        0.8668568283884381,
        0.2790976843098252,
        0.4296860370148589,
        0.222499276219518,
        0.48326553498807184,
        0.16289717427342718,
        0.8339505919246913,
        0.7076372894616997,
        0.2387823229659321,
        0.7966882163502589,
        0.3193742919229639,
        0.4797873340440908,
        0.5815626816926298,
        0.0,
        0.7190571958065951,
        0.2653464918314317,
        0.765141755993848,
        0.5152071249810661,
        0.33239314724547864,
        0.3537883137692113,
        0.7983274001031009,
        0.581097476584401,
        0.770192258094088,
        0.16702912138403095,
        0.24699227751852912,
        0.5342297685780888,
        0.6268649150866288,
        0.36842414959111586,
        0.216392472682368,
        0.2035035672941403,
        0.7173162427297373,
        0.5620798932413411,
        0.4336238887233262,
        0.5527110340348835,
        0.4695613346375839,
        0.29440241892598945,
        0.09664475092994686,
        0.18876255488066424,
        0.5500161791697525,
        0.5537747021665441,
        0.06339362726022285,
        0.284207187372095,
        0.3830382780293877,
        0.3767453229799538,
        0.23742199978402856,
        0.12421231778385146,
        0.7915846410832835,
        0.21104411744927973,
        0.5530075607600463,
        0.9463120242916692,
        0.23671329968531116,
        0.7242704680624903,
        0.7783538564104077,
        0.8737064163773671
      ],
      [
        0.6901393292927316,
        0.486314480631039,
        0.3247735929828337,
        0.4515855724124398,
        0.371821224864528,
        0.7038863692379707,
        0.36214479053776627,
        0.5250387783804517,
        0.5218435364440578,
        0.520967062693208,
        0.9950044889382909,
        0.8808089472592,
        0.17141973470029914,
        0.2914072410723397,
        0.6156392974951836,
        0.13168087941625298,
        0.7353116070203054,
        0.3753325735613589,
        0.48613382707015357,
        0.7190571958065951,
        0.0,
        0.8920903108314255,
        0.19342270547418788,
        0.527751799973149,
        0.5853442028434133,
        0.5420254017498831,
        0.09748631541599358,
        0.48170110513586,
        0.24187834123943328,
        0.5625857048620335,
        0.8910753859536606,
        0.8803855116312567,
        0.3246646583722879,
        0.7834195982527442,
        0.5828245734807358,
        0.7317061129915365,
        0.6540234792299311,
        0.48554739716646605,
        0.6627396468910965,
        0.4512447198443684,
        0.5001611219542176,
        0.8201701128726908,
        0.6224124448766483,
        0.6368296606030548,
        0.4655370789956731,
        0.9683583008122834,
        0.7734702702645693,
        0.49117227349366094,
        0.6518682527878148,
        0.5380466882062572,
        0.9512106888906124,
        0.8178028060597884,
        0.42219083111755057,
        0.8954309379408092,
        0.923900011449675,
        0.5076891337344588,
        0.9228649393631524,
        0.5278638310320296,
        0.29363902136550896,
        0.42815542343063084
      ],
      [
        0.3041813727794954,
        0.49480530915718013,
        0.8397940167239675,
        0.4774772032948556,
        0.9416995159081216,
        0.714368263395575,
        0.9432579787195337,
        0.5437722651341826,
        0.6902350485064115,
        0.4836206067230168,
        0.2603917135731118,
        0.10317577415146993,
        0.9339897531327908,
        0.7840384397927951,
        0.31518347329702756,
        0.8730893666813544,
        0.5847207837543956,
        0.5831601017491117,
        0.6854086769609491,
        0.2653464918314317,
        0.8920903108314255,
        0.0,
        0.9108596373455683,
        0.5651487158837202,
        0.37388705915747333,
        0.6185933565399904,
        0.9395878961344871,
        0.6768860892193249,
        1.0022185524948806,
        0.429260243998932,
        0.03825210889447415,
        0.3076272993170618,
        0.883674798081016,
        0.6337706414225476,
        0.44224777327033704,
        0.19749061830721773,
        0.759599494941632,
        0.826401173391927,
        0.4955017891388417,
        0.6519045281937579,
        0.7319766883044583,
        0.4433888355919552,
        0.3612998555675814,
        0.3316523949061356,
        0.8133262373948255,
        0.32627038169686234,
        0.22734935292042446,
        0.5462858117044785,
        0.6288185068494287,
        0.4338746559562052,
        0.1349784381170249,
        0.23874554745147838,
        1.0491628774855413,
        0.26695035214207374,
        0.32133943550611005,
        0.9962536151943232,
        0.26825823084262135,
        0.7742120589651443,
        1.0168360540771872,
        1.1356223644761159
      ],
      [
        0.6669635314531178,
        0.5324819920155384,
        0.1313508875086458,
        0.5383086894137696,
        0.5639277122900656,
        0.821384807654224,
        0.5547175924639234,
        0.4930727151067707,
        0.33545571897898907,
        0.5427584366173588,
        1.0969189882261259,
        0.8899827802611227,
        0.3639142264773863,
        0.4668093377558982,
        0.6513929282759565,
        0.09348703489162967,
        0.6480891546052598,
        0.49283101197761214,
        0.5352678630106986,
        0.765141755993848,
        0.19342270547418788,
        0.9108596373455683,
        0.0,
        0.6562119054067931,
        0.6628030466880541,
        0.4315715017770435,
        0.09635526628772743,
        0.5313209555960385,
        0.09135891514931237,
        0.59811566084589,
        0.9289861816448126,
        0.9823000109190918,
        0.1382768409072192,
        0.6684570764687219,
        0.610584306856629,
        0.7693835643688869,
        0.7661546105317785,
        0.2984909864818042,
        0.7616701821611674,
        0.5002373639213276,
        0.31377330448914886,
        0.7705704783860436,
        0.6691477844029627,
        0.7206881027861806,
        0.2768228609535759,
        1.0592572452177647,
        0.8192133418499312,
        0.4811696122396375,
        0.529552094319748,
        0.6289068472007363,
        0.9961304901376313,
        0.8627729112479734,
        0.23442198340613518,
        0.9427687515030088,
        1.0147989558551564,
        0.7001650276370297,
        0.9691914341892386,
        0.7203583228091167,
        0.11693939100612444,
        0.2614471609624478
      ],
      [
        0.38314273415042,
        0.5052499850298402,
        0.6902750361649106,
        0.17126705917745172,
        0.40958687993209475,
        0.18524645659807512,
        0.4220422421669908,
        0.5934883332142422,
        0.6493291348955896,
        0.5422203548858076,
        0.49764596765120545,
        0.5294403550979655,
        0.5244604601415945,
        0.5672479560474211,
        0.27842975790578833,
        0.5630647087680708,
        0.7852422565211659,
        0.16388534238396799,
        0.2746865958927627,
        0.5152071249810661,
        0.527751799973149,
        0.5651487158837202,
        0.6562119054067931,
        0.0,
        0.19230853266424955,
        0.6525088355941733,
