{
  "sol": {
    "z": 3.166807916186222,
    "tours": [
      [
        0,
        22,
        16,
        11,
        7,
        4,
        8,
        3,
        13,
        17,
        15,
        23,
        20,
        10,
        1
      ],
      [
        19,
        18,
        21,
        14,
        6,
        5,
        12,
        2,
        9
      ]
    ]
  },
  "params": {
    "gm": [
      [
        0.0,
        0.4290845063555124,
        0.6531506396542157,
        0.9156554800933193,
        0.7408599683198825,
        0.9392771188361206,
        0.7310170282977468,
        0.5236468500092551,
        0.8462516145291096,
        0.5109676446473734,
        0.43512172788860315,
        0.4575896066874836,
        0.664731199390247,
        0.8696108521738549,
        0.8339282236077097,
        0.22133717428415237,
        0.32844679026984336,
        0.07428171975319658,
        0.6264634497181829,
        0.4922832023219947,
        0.39418938697868167,
        0.7977757734206297,
        0.3075298577823271,
        0.34410639637813606,
        0.1432862886335854,
        0.982713996437504,
        1.1665610204499273,
        0.7278355137770431,
        0.6441325623573833,
        0.45209447755765725,
        0.8644917097922692,
        0.8175783301387872,
        0.944479217814824,
        0.4308666487060709,
        0.0649626038607814,
        0.6544906847987357,
        0.4789740252996676,
        0.9129671311857454,
        0.1677082885930279,
        0.6101740097891734,
        0.5319051527905038,
        0.6157676482150888,
        0.7277193254885289,
        0.14255322063056267,
        0.18834433776888565,
        0.22661694918874495,
        0.21802923610066896,
        0.5402829235780156,
        0.7420950177118548,
        0.8026275719586331,
        0.7159725973874247,
        0.6978029100022589,
        0.634228865802532,
        0.5265678848517719,
        0.6206108625319353,
        0.6715243513923084,
        0.5954907512056673,
        0.5982283856850359,
        0.3607470211493765,
        0.9164540616303627
      ],
      [
        0.4290845063555124,
        0.0,
        0.3228264838103018,
        0.7167542420407292,
        0.7456492565081343,
        0.5101926124806083,
        0.3019325219422345,
        0.5702799900087878,
        0.6984360910011342,
        0.3304463930945811,
        0.14110962009405248,
        0.6200435811565769,
        0.23564669303473465,
        0.8665704548811513,
        0.40484371725219737,
        0.4090438349521612,
        0.5478074492632379,
        0.49308833887286135,
        0.19737894336267056,
        0.0631986959664823,
        0.19759921644790007,
        0.3686912670651173,
        0.5247711039240051,
        0.3506838663731312,
        0.5723707949890977,
        0.5536294900819917,
        0.7374765140944151,
        0.3645156368254446,
        0.7012190830552901,
        0.23458803651582505,
        0.7312198363338409,
        0.47044216083990487,
        0.6399920001871093,
        0.6275354453098989,
        0.49404711021629377,
        0.49564323539737853,
        0.08839817387587148,
        0.7331643108982888,
        0.5967927949485403,
        0.18108950343366098,
        0.10282064643499143,
        0.6784860819508963,
        0.38627803241509406,
        0.4250657113001638,
        0.617428844124398,
        0.6056840125175872,
        0.6378551094146224,
        0.11119841722250312,
        0.31301051135634245,
        0.6049583633328096,
        0.3856484415435108,
        0.8092168880810608,
        0.20514435944701964,
        0.6905910817858452,
        0.19152635617642294,
        0.24243984503679605,
        0.4147331393897826,
        0.3034462731807067,
        0.5284394042627937,
        0.9787900157193585
      ],
      [
        0.6531506396542157,
        0.3228264838103018,
        0.0,
        0.9180639635310504,
        0.8571241966810771,
        0.6015481431479967,
        0.39328805260962285,
        0.8739420820526707,
        0.8518344772867117,
        0.392057966652557,
        0.44477171213793515,
        0.9428700649668786,
        0.0969242646900761,
        1.024604990422864,
        0.43529758499564797,
        0.6832019417628807,
        0.8276715431714172,
        0.7274323594074124,
        0.14674587873140882,
        0.2596277878438195,
        0.5189036420115173,
        0.3081326489688832,
        0.8376797798772215,
        0.5595585597090146,
        0.7964369282878011,
        0.5087135679635997,
        0.7002164268135024,
        0.07468487412282747,
        1.0061992389069676,
        0.5054066275865119,
        0.8843228369554712,
        0.6172224508332602,
        0.7789476220432272,
        0.9393591149225928,
        0.7181132435149971,
        0.6421427795776403,
        0.4034188353494455,
        0.8885075194411142,
        0.8208589282472436,
        0.19265945036273466,
        0.3977590693312797,
        0.982440393998258,
        0.07456868583431318,
        0.7370469197802128,
        0.8414949774231013,
        0.8797675888429606,
        0.8711798757548846,
        0.32813962114673806,
        0.38512660445418373,
        0.7603219784596089,
        0.06282195773320898,
        1.1036952796514443,
        0.2687797023078273,
        0.9977181183617977,
        0.24695335000720067,
        0.39780889838666117,
        0.3480077174544174,
        0.6070447428482197,
        0.8480234837742819,
        1.143059583159722
      ],
      [
        0.9156554800933193,
        0.7167542420407292,
        0.9180639635310504,
        0.0,
        0.1747955117734368,
        0.5651967030014448,
        0.5505519273135355,
        0.39200863008406417,
        0.0738981297900062,
        1.0171877857633094,
        0.8025400815613349,
        0.4860466260697328,
        0.8351692465526399,
        0.14981621284042207,
        0.8616141972457186,
        0.9525602212794462,
        0.5934496100399129,
        0.9299078673052242,
        0.7765673277294942,
        0.7066282846865378,
        0.8616361862196421,
        0.7449833269582885,
        0.608658500398134,
        1.020408042930968,
        0.8305635865972729,
        0.7385689392906475,
        0.6937127103862695,
        0.9639510949777762,
        0.2826238440256058,
        0.9099769301817309,
        0.051776210378565966,
        0.3242522585941114,
        0.26631225231083006,
        0.5213311310894516,
        0.8506928762325379,
        0.2855573061988677,
        0.7403749176570366,
        0.03844462892800927,
        0.8055143617141276,
        0.728785946597486,
        0.8195748884757207,
        0.3048419180668517,
        0.9845034117057269,
        0.9490452125626009,
        0.8851501160139529,
        0.6890385309045743,
        0.7214733418093071,
        0.6573138071597227,
        0.5703959463499918,
        0.1600028871569798,
        0.9689921083420927,
        0.3221041312289984,
        0.6565827348904401,
        0.44758678259257145,
        0.6761421543125843,
        0.5207019822811384,
        1.0865627561008775,
        0.7521183562336371,
        0.5571437594418751,
        0.26203577367862935
      ],
      [
        0.7408599683198825,
        0.7456492565081343,
        0.8571241966810771,
        0.1747955117734368,
        0.0,
        0.5212064803596,
        0.46383614407145424,
        0.21721311831062737,
        0.10539164620922692,
        0.9612165542086726,
        0.6463834882253627,
        0.3623301765795467,
        0.7638274377918077,
        0.2732882162314062,
        0.7961367795862667,
        0.880601128847382,
        0.42095604492028454,
        0.7551123555317875,
        0.7104963262877835,
        0.687923925615284,
        0.7500087209381784,
        0.66261503461862,
        0.4338629886246972,
        0.9089862518236329,
        0.655768074823836,
        0.6992149017718519,
        0.7148019944106966,
        0.8886956837297294,
        0.3473482591844928,
        0.8504649884370207,
        0.12363174147238665,
        0.27634152408793217,
        0.32247522666489103,
        0.3921088544073059,
        0.6758973644591011,
        0.28882778033522205,
        0.7012730806331278,
        0.17210716286586286,
        0.6307188499406908,
        0.6667769981111298,
        0.8341925023538361,
        0.33172594888194357,
        0.9137822477191307,
        0.7742497007891641,
        0.7103546042405161,
        0.5142430191311376,
        0.5466778300358702,
        0.6398212363499225,
        0.4880899877102809,
        0.14069089317532468,
        0.9163187615028721,
        0.4111113676711794,
        0.5911053172309881,
        0.3784136093416837,
        0.6137702117759276,
        0.5032094114713382,
        1.0293792407323807,
        0.599737156864193,
        0.38234824766843833,
        0.3914894933593825
      ],
      [
        0.9392771188361206,
        0.5101926124806083,
        0.6015481431479967,
        0.5651967030014448,
        0.5212064803596,
        0.0,
        0.20826009053837383,
        0.7384195986702274,
        0.5576547954040192,
        0.8369548615660907,
        0.5977239437765548,
        0.8835366569391467,
        0.5082513842587274,
        0.7149927589532552,
        0.5393919187903102,
        0.89746135910336,
        0.9421625252798846,
        0.9585639519119613,
        0.4549202727547031,
        0.447605847404281,
        0.6993622461585662,
        0.3819647172221742,
        0.9550694689842973,
        0.8571908861038676,
        1.0608505509720785,
        0.17800842141225182,
        0.2272839016138067,
        0.633119630196649,
        0.7996114083792851,
        0.7445229015857471,
        0.5779824752741011,
        0.4394973202355991,
        0.2988844506906147,
        0.9085513609111531,
        0.9888458197471006,
        0.5193982730911977,
        0.5784006862531095,
        0.5277124626348934,
        1.0766448087141551,
        0.41120094457804945,
        0.5832891279386234,
        0.8285616256481245,
        0.6582061941860503,
        0.8904934834170376,
        1.0596988869414503,
        1.0228031377020026,
        0.9844007909144674,
        0.4201731147669718,
        0.23506610224536956,
        0.4813217643904004,
        0.6607427079697917,
        0.8630529042278436,
        0.3355292636979077,
        0.8996200897012838,
        0.35819415824284717,
        0.30396046228044016,
        0.9215499115114784,
        0.7499388657657907,
        0.9035547280280384,
        0.825298186820622
      ],
      [
        0.7310170282977468,
        0.3019325219422345,
        0.39328805260962285,
        0.5505519273135355,
        0.46383614407145424,
        0.20826009053837383,
        0.0,
        0.5412716164805923,
        0.49319334609182564,
        0.6286947710277169,
        0.389463853238181,
        0.6784547124679678,
        0.29999129372035355,
        0.6712367105615211,
        0.3323006355148125,
        0.6892012685649862,
        0.7450145430902495,
        0.7503038613735875,
        0.24666018221632927,
        0.23934575686590714,
        0.4911021556201924,
        0.1995785358576933,
        0.7557395571918184,
        0.6489307955654938,
        0.8525904604337046,
        0.3862685119506256,
        0.43554399215218054,
        0.42485953965827516,
        0.672901266685302,
        0.5362628110473733,
        0.5260860868107528,
        0.2312372296972253,
        0.40842499725474457,
        0.7002912703727793,
        0.7805857292087267,
        0.3111381825528238,
        0.3701405957147356,
        0.5168142942989182,
        0.8683847181757813,
        0.2029408540396756,
        0.37502903740024957,
        0.6557844470519085,
        0.4499461036476765,
        0.6822333928786638,
        0.8514387964030765,
        0.8145430471636287,
        0.7761407003760936,
        0.21191302422859795,
        0.026806011706995717,
        0.39076997391640894,
        0.4524826174314179,
        0.7680687201628165,
        0.1272691731595339,
        0.7020796212653385,
        0.14993406770447337,
        0.09570037174206632,
        0.7132898209731044,
        0.5416787752274169,
        0.7064067458384032,
        0.7888456496828822
      ],
      [
        0.5236468500092551,
        0.5702799900087878,
        0.8739420820526707,
        0.39200863008406417,
        0.21721311831062737,
        0.7384195986702274,
        0.5412716164805923,
        0.0,
        0.3226047645198543,
        0.7440034358980452,
        0.4291703699147354,
        0.14511705826891932,
        0.8034122092873102,
        0.3593125544506702,
        0.8735722519954048,
        0.6633880105367547,
        0.20374292660965718,
        0.5378992372211602,
        0.7670310809324701,
        0.6143142942088511,
        0.532795602627551,
        0.7342752509856619,
        0.21664987031406985,
        0.6917731335130055,
        0.4385549565132087,
        0.9164280200824793,
        0.8784263750899108,
        0.9322811530780202,
        0.14218142646830587,
        0.6332518701263933,
        0.34084485978301404,
        0.4935546423985595,
        0.5396883449755184,
        0.17489573609667858,
        0.4586842461484738,
        0.5060408986458494,
        0.4840599623225004,
        0.3893202811764902,
        0.41350573163006343,
        0.744212470520268,
        0.61840297507013,
        0.11451283057131621,
        0.9479788275743596,
        0.5570365824785368,
        0.4931414859298887,
        0.29702990082051023,
        0.3294647117252429,
        0.6077115736255237,
        0.5680526701736094,
        0.3579040114859521,
        0.9367640397858796,
        0.23975895499869432,
        0.6685407896401262,
        0.16120049103105635,
        0.6912056841850657,
        0.6369719882226587,
        0.8121661224217535,
        0.38252403855356565,
        0.16513512935781094,
        0.42948032852247525
      ],
      [
        0.8462516145291096,
        0.6984360910011342,
        0.8518344772867117,
        0.0738981297900062,
        0.10539164620922692,
        0.5576547954040192,
        0.49319334609182564,
        0.3226047645198543,
        0.0,
        0.943289655973303,
        0.7517751344345898,
        0.4368381540656873,
        0.7710853520728722,
        0.1810077515547793,
        0.7986844858755674,
        0.881150262524619,
        0.5263476911295115,
        0.8605040017410145,
        0.7121192971564901,
        0.6419225483697375,
        0.8554003671474053,
        0.6891552898567943,
        0.5392546348339242,
        1.004811915192433,
        0.761159721033063,
        0.7310270316932219,
        0.6775927021905194,
        0.8999520636143931,
        0.24195661297526588,
        0.8911779909686388,
        0.03297727116547386,
        0.27491251732553035,
        0.2587703447134045,
        0.47212366637352376,
        0.7812890106683281,
        0.21414734744404051,
        0.7528469385379792,
        0.06687535385564686,
        0.7361104961499177,
        0.6643175956045397,
        0.7877410484954528,
        0.2709068302441052,
        0.9194814302517954,
        0.8796413469983911,
        0.815746250449743,
        0.6196346653403646,
        0.6520694762450971,
        0.5926080708429224,
        0.5145679092484976,
        0.10710060127802365,
        0.9014619331571299,
        0.3057197214619525,
        0.5936530235202888,
        0.40742468073846616,
        0.612488224714495,
        0.45599624596433813,
        1.0278847059186909,
        0.6807083974788098,
        0.48773989387766525,
        0.2994392614535577
      ],
      [
        0.5109676446473734,
        0.3304463930945811,
        0.392057966652557,
        1.0171877857633094,
        0.9612165542086726,
        0.8369548615660907,
        0.6286947710277169,
        0.7440034358980452,
        0.943289655973303,
        0.0,
        0.3302578074313022,
        0.7971759303618522,
        0.4886676390976657,
        1.1033159903487153,
        0.7310814590639951,
        0.2911439751103238,
        0.7035330054874573,
        0.4366859248941769,
        0.5278253364572517,
        0.38934901416180967,
        0.2116499031244117,
        0.6991376601596984,
        0.6734165553548359,
        0.1675005930564576,
        0.5540928736113134,
        0.8821159207771467,
        1.0642387631798973,
        0.4269946391449515,
        0.8822912194302763,
        0.11334866093395485,
        0.9715493807371198,
        0.8008882079253032,
        0.9704383932816905,
        0.7933693836825996,
        0.48233880442450316,
        0.8260892824827769,
        0.29724094325360106,
        0.9991712319826284,
        0.5826782215469888,
        0.5115358965282422,
        0.4332670395295726,
        0.856746148526853,
        0.40303033934611415,
        0.3839864680944402,
        0.5827020665191576,
        0.6439931497524667,
        0.6404056461729928,
        0.4394619675178029,
        0.6392391282031546,
        0.935404410418208,
        0.329236008919348,
        0.9832745554490829,
        0.5332816424204465,
        0.854491452018391,
        0.5218532697907481,
        0.5728858921221944,
        0.08459504994538772,
        0.4933644652277349,
        0.6867505716278467,
        1.169666304800292
      ],
      [
        0.43512172788860315,
        0.14110962009405248,
        0.44477171213793515,
        0.8025400815613349,
        0.6463834882253627,
        0.5977239437765548,
        0.389463853238181,
        0.4291703699147354,
        0.7517751344345898,
        0.3302578074313022,
        0.0,
        0.5040486121551312,
        0.37642310934781203,
        0.7869411264269563,
        0.5268763691963012,
        0.3002699414390509,
        0.41798993714596017,
        0.36084000813540656,
        0.3378607110177347,
        0.18514392429411564,
        0.12737272735443617,
        0.49701953853563524,
        0.3929080677392864,
        0.27996668337105823,
        0.4645338834142815,
        0.6682786217745502,
        0.8250078453903615,
        0.505292053138522,
        0.5614275267690325,
        0.21700268909633555,
        0.7700152296977494,
        0.5431553443924814,
        0.7166408883497175,
        0.5067706652149132,
        0.3925291521893037,
        0.568356418949955,
        0.06216516390429837,
        0.7640954526333257,
        0.4930754374845635,
        0.3170213420265434,
        0.20420025338745135,
        0.5376686818603228,
        0.5188084576596241,
        0.2941768158592407,
        0.5005265762648423,
        0.47382097633286857,
        0.5059920732299038,
        0.17854120371078833,
        0.4074472327306395,
        0.6776715468853861,
        0.5075936698711441,
        0.6681072679870084,
        0.32362270666612686,
        0.5609298792310384,
        0.3156833161808896,
        0.31515302858937255,
        0.38868565279122125,
        0.1631066577964327,
        0.4032517716363467,
        0.8488026121390482
      ],
      [
        0.4575896066874836,
        0.6200435811565769,
        0.9428700649668786,
        0.4860466260697328,
        0.3623301765795467,
        0.8835366569391467,
        0.6784547124679678,
        0.14511705826891932,
        0.4368381540656873,
        0.7971759303618522,
        0.5040486121551312,
        0.0,
        0.8556902741913115,
        0.4254419781427474,
        1.0107553479827804,
        0.597330767214983,
        0.1314822064112413,
        0.468503331107812,
        0.8174225245192475,
        0.6832422771230592,
        0.5855260272374405,
        0.8780332483256612,
        0.15960923408648925,
        0.6655251963848676,
        0.3751798508993899,
        1.0615450783513987,
        1.0235434333588302,
        0.9845592179820214,
        0.20617128761515602,
        0.6852114440063748,
        0.4397697993945071,
        0.6386717006674788,
        0.6848054032444377,
        0.03528551230783644,
        0.39262700282670215,
        0.47653216998894565,
        0.5644413747890933,
        0.5026634705848247,
        0.3429819064855331,
        0.8011330845902378,
        0.7053885229995199,
        0.1815095027624128,
        1.0063216135716708,
        0.49097933915676517,
        0.41847516777703925,
        0.23097265749873863,
        0.2508285779284946,
        0.6825898158659195,
        0.7052459032049941,
        0.5030210697548714,
        1.0056920227000876,
        0.24088103192809196,
        0.8057238856275017,
        0.07054750062926834,
        0.8115699373329999,
        0.7297355603495281,
        0.8649710462475494,
        0.41313258587533186,
        0.11579789895604159,
        0.461051534245562
      ],
      [
        0.664731199390247,
        0.23564669303473465,
        0.0969242646900761,
        0.8351692465526399,
        0.7638274377918077,
        0.5082513842587274,
        0.29999129372035355,
        0.8034122092873102,
        0.7710853520728722,
        0.4886676390976657,
        0.37642310934781203,
        0.8556902741913115,
        0.0,
        0.9407213555269496,
        0.3384356650000465,
        0.6125968612531848,
        0.7786871436816126,
        0.7240445525112807,
        0.059303858345635556,
        0.21064338835401494,
        0.43324590948263475,
        0.21686467342304333,
        0.7562795614017186,
        0.5863305594078658,
        0.8080174880238323,
        0.42020368630242877,
        0.6093228360106763,
        0.12886894379070993,
        0.9321731561442284,
        0.47023472955055967,
        0.8038730557242624,
        0.5274534623282261,
        0.6895493124525712,
        0.8631821383446335,
        0.7296938032510284,
        0.5655953900139058,
        0.31935224696480974,
        0.804259019633655,
        0.8324394879832749,
        0.10689803660880955,
        0.31199765557735454,
        0.9094401550398346,
        0.15063133938035939,
        0.6560399840126563,
        0.8530755371591326,
        0.8371924699953007,
        0.8346129583580485,
        0.2703852822105528,
        0.29013308264145393,
        0.6760705137799922,
        0.15943163017831768,
        1.0313957910972746,
        0.17938139271717132,
        0.9098473581906285,
        0.15908258983603143,
        0.3150931536770271,
        0.4446173898995261,
        0.5373227920039021,
        0.7640860972975283,
        1.0591759482638075
      ],
      [
        0.8696108521738549,
        0.8665704548811513,
        1.024604990422864,
        0.14981621284042207,
        0.2732882162314062,
        0.7149927589532552,
        0.6712367105615211,
        0.3593125544506702,
        0.1810077515547793,
        1.1033159903487153,
        0.7869411264269563,
        0.4254419781427474,
        0.9407213555269496,
        0.0,
        0.7259896297843439,
        1.0093520127013544,
        0.5419597716358412,
        0.8789817445526056,
        0.8829407365726183,
        0.8127223944416022,
        0.8921081570782212,
        0.8680046299074214,
        0.5627967813692022,
        1.0034152758408705,
        0.7885751470289659,
        0.8883649952424579,
        0.8433685947721541,
        1.0695902993176596,
        0.22551359965792386,
        0.9925644245770635,
        0.14965647475901953,
        0.4559193358985442,
        0.41610830826264045,
        0.45916900208590283,
        0.8046482483130735,
        0.39501534571106556,
        0.8383345088373425,
        0.18746842408468242,
        0.7597973675953426,
        0.835133354138881,
        0.9585408945673174,
        0.2540831714634468,
        1.0906360332078764,
        0.9030005846431365,
        0.8381149498964222,
        0.6429939029851099,
        0.6697500739405317,
        0.763407916914787,
        0.6934172492991247,
        0.28801991968882806,
        1.0775497507619183,
        0.21057021841363005,
        0.7658994494040323,
        0.3707568813817475,
        0.7836120433584635,
        0.6267960920362028,
        1.1714786768724237,
        0.7418365930042359,
        0.5095001935315655,
        0.11845459273685792
      ],
      [
        0.8339282236077097,
        0.40484371725219737,
        0.43529758499564797,
        0.8616141972457186,
        0.7961367795862667,
        0.5393919187903102,
        0.3323006355148125,
        0.8735722519954048,
        0.7986844858755674,
        0.7310814590639951,
        0.5268763691963012,
        1.0107553479827804,
        0.3384356650000465,
        0.7259896297843439,
        0.0,
        0.8028413476008106,
        0.9097762002297831,
        0.8865551700264147,
        0.2984133031977981,
        0.3417324449021855,
        0.6010082990698833,
        0.15742720156813603,
        0.9197844369355874,
        0.7553694505053892,
        0.9772145122412951,
        0.36138349737805836,
        0.5500442392149211,
        0.4476143031100946,
        0.9515032294422677,
        0.6353461671600751,
        0.8315840117002986,
        0.5537820897716887,
        0.7151993820906785,
        1.021463771980959,
        0.8988908274684911,
        0.5975617441737786,
        0.4855234924078115,
        0.8302654613132394,
        1.0016365122007378,
        0.26632409023001374,
        0.46341618500907966,
        0.9800728012477906,
        0.4775266324989278,
        0.8191515768385789,
        0.99980442730819,
        0.9629086780687421,
        0.9245063312812071,
        0.3602786551337114,
        0.3305755112860618,
        0.7021724917622874,
        0.4978620526879431,
        0.936559848197974,
        0.20503146235527858,
        0.9468459989496382,
        0.22457446586463212,
        0.34438513938758414,
        0.7830478124091516,
        0.6869188780783639,
        0.9301281408326478,
        0.8444442225212018
      ],
      [
        0.22133717428415237,
        0.4090438349521612,
        0.6832019417628807,
        0.9525602212794462,
        0.880601128847382,
        0.89746135910336,
        0.6892012685649862,
        0.6633880105367547,
        0.881150262524619,
        0.2911439751103238,
        0.3002699414390509,
        0.597330767214983,
        0.6125968612531848,
        1.0093520127013544,
        0.8028413476008106,
        0.0,
        0.46818795079734277,
        0.14705545453095578,
        0.593114884884082,
        0.4683577293187799,
        0.21444304292080238,
        0.7772689096387475,
        0.4472710183098266,
        0.12366165266781394,
        0.26931363029349586,
        0.9609434068830597,
        1.1247452607171669,
        0.7181386142552753,
        0.7838737228848827,
        0.245397494095558,
        0.9123617860326245,
        0.83009056042063,
        0.9569914480966668,
        0.5706078092335704,
        0.20470376438828086,
        0.6670029150805785,
        0.3248799552731069,
        0.9302987032197993,
        0.3012216520118728,
        0.5873667372894518,
        0.46705032524056755,
        0.7555088087425882,
        0.694174314456438,
        0.10797668722809815,
        0.2922119994468298,
        0.3663581097162444,
        0.3641396720941474,
        0.47743407573818575,
        0.7062755522688283,
        0.8123242938150552,
        0.6203799840296718,
        0.8375440705297583,
        0.6122498174388324,
        0.6663090453792713,
        0.6001827653944386,
        0.61404590061677,
        0.37538408029144094,
        0.4633765992354836,
        0.5004881816768759,
        1.056195222157862
      ],
      [
        0.32844679026984336,
        0.5478074492632379,
        0.8276715431714172,
        0.5934496100399129,
        0.42095604492028454,
        0.9421625252798846,
        0.7450145430902495,
        0.20374292660965718,
        0.5263476911295115,
        0.7035330054874573,
        0.41798993714596017,
        0.1314822064112413,
        0.7786871436816126,
        0.5419597716358412,
        0.9097762002297831,
        0.46818795079734277,
        0.0,
        0.33702197291676445,
        0.7294546875518378,
        0.5680437553275977,
        0.5150508054303582,
        0.8526970619657708,
        0.030116450132621413,
        0.5360324124309997,
        0.24773870869566245,
        1.0566533577756931,
        1.045535227620639,
        0.8925015114353771,
        0.31669330639619786,
        0.6158096236602197,
        0.5445877863926712,
        0.6045844096273014,
        0.733940319651207,
        0.11168757175117572,
        0.26348418640906196,
        0.44395178663511864,
        0.480118898370758,
        0.5930632077861474,
        0.217892113098026,
        0.7012594860182331,
        0.6221668123611311,
        0.2886076919730613,
        0.9017082886931062,
        0.3618365227391249,
        0.29624119916484404,
        0.10182984108109841,
        0.1283832903054781,
        0.5965311408567485,
        0.7717955967832666,
        0.5616469380956093,
        0.8904935009046262,
        0.3700961367383371,
        0.7119763835862345,
        0.20188071878982738,
        0.7005480109565361,
        0.6971551769957012,
        0.7877647719009073,
        0.3372848238462135,
        0.039950136926923216,
        0.5881491858800467
      ],
      [
        0.07428171975319658,
        0.49308833887286135,
        0.7274323594074124,
        0.9299078673052242,
        0.7551123555317875,
        0.9585639519119613,
        0.7503038613735875,
        0.5378992372211602,
        0.8605040017410145,
        0.4366859248941769,
        0.36084000813540656,
        0.468503331107812,
        0.7240445525112807,
        0.8789817445526056,
        0.8865551700264147,
        0.14705545453095578,
        0.33702197291676445,
        0.0,
        0.6882140888794628,
        0.5448227251242291,
        0.3199076672254851,
        0.8575572749048804,
        0.3217822449942321,
        0.2698246766249395,
        0.12479344653212275,
        1.0291186299099568,
        1.1858478535257682,
        0.8021172335302398,
        0.6537152793129624,
        0.37781275780446066,
        0.8787440970041741,
        0.8334610081885448,
        0.9603618958645816,
        0.4461796049733428,
        0.08084528191053902,
        0.6703733628484934,
        0.404692305546471,
        0.9272195183976503,
        0.15905325830618242,
        0.6739441077108644,
        0.5136675020156153,
        0.6256296648898257,
        0.7696011670447437,
        0.06827150087736608,
        0.1461330844037966,
        0.24086933640064992,
        0.23489459365878992,
        0.5385918695274319,
        0.7676199222769456,
        0.8185102500083907,
        0.7659219338135249,
        0.7071181096551016,
        0.684418758566722,
        0.5388365772606861,
        0.6763623233862182,
        0.6752036944060161,
        0.5212090314524708,
        0.5239466659318393,
        0.3749994083612814,
        0.9251711587968112
      ],
      [
        0.6264634497181829,
        0.19737894336267056,
        0.14674587873140882,
        0.7765673277294942,
        0.7104963262877835,
        0.4549202727547031,
        0.24666018221632927,
        0.7670310809324701,
        0.7121192971564901,
        0.5278253364572517,
        0.3378607110177347,
        0.8174225245192475,
        0.059303858345635556,
        0.8829407365726183,
        0.2984133031977981,
        0.593114884884082,
        0.7294546875518378,
        0.6882140888794628,
        0.0,
        0.16141093222424016,
        0.37881231477834737,
        0.19919747067605678,
        0.7221500472866756,
        0.5377898456638018,
        0.7697497383517683,
        0.40178555656689374,
        0.5850289291602326,
        0.18793177876103317,
        0.8976895126181434,
        0.43196697987849564,
        0.7448771027146336,
        0.47117647837830345,
        0.6325946977541919,
        0.8249143886725695,
        0.6914260535789644,
        0.5062957643150063,
        0.2848686034387247,
        0.7459475843843079,
        0.7931711919169515,
        0.047808338460446666,
        0.2529079574289917,
        0.8749565115137496,
        0.20813704672404612,
        0.6199727870112705,
        0.8148077874870686,
        0.8030629558802578,
        0.7797953682193155,
        0.21556769207181978,
        0.23950123295663603,
        0.6177148221812468,
        0.20608255146739718,
        0.9807639414124568,
        0.12242677801879204,
        0.8519327564508077,
        0.10116798809621064,
        0.25614464453641556,
        0.4912683111886056,
        0.5006929327413978,
        0.7258183476254643,
        1.0013953293094762
      ],
      [
        0.4922832023219947,
        0.0631986959664823,
        0.2596277878438195,
        0.7066282846865378,
        0.687923925615284,
        0.447605847404281,
        0.23934575686590714,
        0.6143142942088511,
        0.6419225483697375,
        0.38934901416180967,
        0.18514392429411564,
        0.6832422771230592,
        0.21064338835401494,
        0.8127223944416022,
        0.3417324449021855,
        0.4683577293187799,
        0.5680437553275977,
        0.5448227251242291,
        0.16141093222424016,
        0.0,
        0.2592758541676978,
        0.31291489274948225,
        0.578051992033402,
        0.4136688861174886,
        0.63556949095558,
        0.49276690661533706,
        0.6748897490180876,
        0.32445775610777955,
        0.7465714510631482,
        0.2969231608227691,
        0.6747062937024443,
        0.4115824015273518,
        0.5868409029006119,
        0.6797313270787734,
        0.5572458061827761,
        0.4391296927659819,
        0.143791047505626,
        0.6766507682668922,
        0.6599914909150226,
        0.13321573069063547,
        0.14627661155473384,
        0.7228126061544384,
        0.3336645333655085,
        0.4774191319363933,
        0.6806275400908803,
        0.6589649006269841,
        0.635151116547501,
        0.07092344040000526,
        0.24989011404134504,
        0.548444820701413,
        0.3224497455770285,
        0.853251192281124,
        0.1439326282586368,
        0.7460738035251541,
        0.1325042556289384,
        0.1859263024053994,
        0.47394406410719736,
        0.3474169550044003,
        0.5883956959304624,
        0.9311769871784601
      ],
      [
        0.39418938697868167,
        0.19759921644790007,
        0.5189036420115173,
        0.8616361862196421,
        0.7500087209381784,
        0.6993622461585662,
        0.4911021556201924,
        0.532795602627551,
        0.8554003671474053,
        0.2116499031244117,
        0.12737272735443617,
        0.5855260272374405,
        0.43324590948263475,
        0.8921081570782212,
        0.6010082990698833,
        0.21444304292080238,
        0.5150508054303582,
        0.3199076672254851,
        0.37881231477834737,
        0.2592758541676978,
        0.0,
        0.5638439174666183,
        0.5202807950937225,
        0.1589775308854545,
        0.4231113551696263,
        0.751227243716065,
        0.9266461477723729,
        0.5621148532733447,
        0.6706682133911783,
        0.10075881822986157,
        0.873640462410565,
        0.646062717934957,
        0.819548261892193,
        0.5817194805581879,
        0.3511066239446485,
        0.6712637924924306,
        0.1212612685626056,
        0.8231915572916328,
        0.4516529092399083,
        0.3733713726876512,
        0.26343163853006624,
        0.6452190980547267,
        0.5838772488629942,
        0.2527542876145855,
        0.4591040480201871,
        0.512760969272612,
        0.5091734656931381,
        0.2814485772532639,
        0.5052816709609665,
        0.7805789204278617,
        0.5408859120437597,
        0.7723340640525889,
        0.4026516560597498,
        0.6485387395245797,
        0.3890102473865777,
        0.41806040213184814,
        0.2807819524072731,
        0.2904793851508689,
        0.47510066850343496,
        0.958043298761194
      ],
      [
        0.7977757734206297,
        0.3686912670651173,
        0.3081326489688832,
        0.7449833269582885,
        0.66261503461862,
        0.3819647172221742,
        0.1995785358576933,
        0.7342752509856619,
        0.6891552898567943,
        0.6991376601596984,
        0.49701953853563524,
        0.8780332483256612,
        0.21686467342304333,
        0.8680046299074214,
        0.15742720156813603,
        0.7772689096387475,
        0.8526970619657708,
        0.8575572749048804,
        0.19919747067605678,
        0.31291489274948225,
        0.5638439174666183,
        0.0,
        0.8225806118331493,
        0.7078750318029581,
        0.9410620620542149,
        0.20395629580992233,
        0.39261703764678507,
        0.3043390777872885,
        0.8648100874062103,
        0.5950273484639933,
        0.7219583182887067,
        0.4231460504181336,
        0.6003338179756529,
        0.8998698062304726,
        0.862738377281411,
        0.5106611066344181,
        0.45557251317186015,
        0.7106423926842833,
        0.9364517133653013,
        0.1910888599087964,
        0.39308442542155636,
        0.8487880815569782,
        0.33639061144895605,
        0.7902910543031819,
        0.9707637748401947,
        0.9034935204267315,
        0.8954656788132118,
        0.3312380026657161,
        0.17458738060829673,
        0.5856291692608913,
        0.3703106001934054,
        0.9158500890641175,
        0.17608730263109423,
        0.8954756615508604,
        0.18137986707852483,
        0.2768510124541113,
        0.6554963599146137,
        0.6570860137803267,
        0.8759430463389268,
        0.9858739261468611
      ],
      [
        0.3075298577823271,
        0.5247711039240051,
        0.8376797798772215,
        0.608658500398134,
        0.4338629886246972,
        0.9550694689842973,
        0.7557395571918184,
        0.21664987031406985,
        0.5392546348339242,
        0.6734165553548359,
        0.3929080677392864,
        0.15960923408648925,
        0.7562795614017186,
        0.5627967813692022,
        0.9197844369355874,
        0.4472710183098266,
        0.030116450132621413,
        0.3217822449942321,
        0.7221500472866756,
        0.578051992033402,
        0.5202807950937225,
        0.8225806118331493,
        0.0,
        0.5059159622983783,
        0.22578923614624824,
        1.0265369076430717,
        1.0530094046251068,
        0.8851485051924285,
        0.337285609567053,
        0.6099107568356219,
        0.5574947300970838,
        0.6033242575008682,
        0.7345899076550829,
        0.14148988928297232,
        0.2425672539215457,
        0.4446013746389946,
        0.4550726738556482,
        0.60597015149056,
        0.19809354113350847,
        0.7058606073576661,
        0.5968696959529153,
        0.30877256555102756,
        0.9069109007820779,
        0.34091959025160873,
        0.27744818036424573,
        0.08091290859358218,
        0.11308400549061741,
        0.5714492714500747,
        0.7808240941762395,
        0.574553881800022,
        0.9005017376104305,
        0.39602396770019566,
        0.7165307744054132,
        0.23015578083410837,
        0.708591383920176,
        0.6978047649995771,
        0.7576483217682859,
        0.35069712142506776,
        0.05336243450577749,
        0.6126885711395265
      ],
      [
        0.34410639637813606,
        0.3506838663731312,
        0.5595585597090146,
        1.020408042930968,
        0.9089862518236329,
        0.8571908861038676,
        0.6489307955654938,
        0.6917731335130055,
        1.004811915192433,
        0.1675005930564576,
        0.27996668337105823,
        0.6655251963848676,
        0.5863305594078658,
        1.0034152758408705,
        0.7553694505053892,
        0.12366165266781394,
        0.5360324124309997,
        0.2698246766249395,
        0.5377898456638018,
        0.4136688861174886,
        0.1589775308854545,
        0.7078750318029581,
        0.5059159622983783,
        0.0,
        0.389447493484171,
        0.9013012235173021,
