{
  "sol": {
    "z": 2.471625936112171,
    "tours": [
      [
        0,
        12,
        8,
        25,
        9,
        27,
        26,
        19
      ],
      [
        2,
        13,
        22,
        18,
        17,
        6,
        24
      ],
      [
        1,
        23,
        5,
        7,
        21,
        15,
        14,
        11,
        4,
        3,
        20
      ],
      [
        10
      ],
      [
        16
      ]
    ]
  },
  "params": {
    "gm": [
      [
        0.0,
        0.7628245956726868,
        0.52229126732375,
        0.5664115047699393,
        0.5455357243230953,
        0.74896281997868,
        0.6406955814742114,
        0.6338345084748022,
        0.06750647840401407,
        0.23773528340770894,
        0.9393646035229223,
        0.5942436264074982,
        0.07094328392719745,
        0.27732572115551396,
        0.7930529433941201,
        0.9304172696102595,
        0.42569458426988216,
        0.4810905626510924,
        0.5084969451717454,
        0.3068040727275279,
        0.8492079433728519,
        0.8487784616884775,
        0.33506820627722944,
        0.7826527894379576,
        0.2924277412797603,
        0.24706871153482113,
        0.36121153294061886,
        0.3130265211451512,
        0.8629332518977479,
        0.8360871333415557,
        0.7299454105269854,
        0.8996195920944835,
        0.7705681767920085,
        0.35903203168701936,
        0.21525301715667014,
        0.6830317959192952,
        0.21034444895069443,
        0.25789366235529537,
        0.3645857133276956,
        0.3485845718145516,
        0.09552740591270834,
        0.630830970885509,
        0.5470379454537316,
        0.10786323632543728,
        0.7362384728309245,
        0.8438275963667704,
        0.9213921505092915,
        0.26391393761752063,
        0.28087824239354714,
        0.5531134247744762,
        0.5183344063678584,
        0.45670013498992673,
        0.2318101701584766,
        0.30127733046762434,
        0.22688662951043578,
        0.5534417016397282,
        0.4766226993179859,
        0.6012353764567311,
        0.5492983175583466,
        0.04871581783421686,
        0.25313369600650065,
        0.77581363127155,
        0.3184315960720883,
        0.12689439314373208,
        0.5423106607133048,
        0.10750710129332533,
        0.6655063905626462,
        0.4576869898139638,
        0.7664597384270813,
        0.4657000189928409
      ],
      [
        0.7628245956726868,
        0.0,
        0.7121173680800202,
        0.5034205773959695,
        0.5367610262697043,
        0.3054712039512256,
        0.4237645667139008,
        0.5161658397561549,
        0.8303310740767008,
        0.6919837115421594,
        0.18775361230566326,
        0.9838398299548488,
        0.8337678795998842,
        0.6142805679559277,
        0.7845091765558871,
        0.7362510830964131,
        0.9819637575003832,
        0.49009238215623874,
        0.368487080427659,
        0.7882743329244183,
        0.12197671455939245,
        0.6464100020085433,
        0.5594438257191885,
        0.11185924255846041,
        0.6444720401880615,
        0.8415938872388153,
        0.7544401005929977,
        0.6499626698359393,
        0.5660860249897754,
        0.6313786663757379,
        0.2667039135809414,
        0.15348657968648977,
        0.3247526295495673,
        1.0715452292499386,
        0.912104647416375,
        0.5356898621595528,
        0.7780275347027577,
        0.8943440607900972,
        0.5101579526071526,
        0.983224508485191,
        0.7859512486816694,
        0.35802810400158697,
        0.39777254157818254,
        0.8415802634105355,
        0.13847697115622823,
        0.08604964309329656,
        0.7882089700499391,
        0.8333653807049666,
        0.8377404337505807,
        0.49989910152012584,
        0.7335747574326774,
        0.9234043981875459,
        0.9946347658311634,
        0.829933823286144,
        0.7234576515051192,
        0.43570722925446337,
        0.6184557063339603,
        0.9765894020150812,
        0.3404751503109443,
        0.8115404135069036,
        1.0159582916791874,
        0.13342326799398213,
        0.7375835696609272,
        0.8897189888164189,
        0.7631992198972721,
        0.8703316969660121,
        0.23334189684672346,
        0.6884734436285691,
        0.5724551582857725,
        1.2285246146655278
      ],
      [
        0.52229126732375,
        0.7121173680800202,
        0.0,
        0.8114353583531843,
        0.8525433135060374,
        0.8845132779522062,
        0.2944538786502023,
        0.9142143348578998,
        0.5700636365384149,
        0.5910232372076375,
        0.8134958951981347,
        1.0118871981537854,
        0.5085720968406429,
        0.41659363709654307,
        1.1851183090485606,
        1.211268391372538,
        0.8558516969304499,
        0.3271368066451796,
        0.4900368497701437,
        0.21555038124481257,
        0.7238319690597788,
        1.128082141469513,
        0.598787683982736,
        0.8239766106384807,
        0.6672865354977036,
        0.7255465241787583,
        0.16175240711859698,
        0.3808928371069058,
        1.1118142833525777,
        1.1081836873419657,
        0.8225315261993451,
        0.8652390015341299,
        0.8579868404448934,
        0.8658782451510516,
        0.32433450754085197,
        0.963316012624756,
        0.6706437320238803,
        0.32162010911049144,
        0.44364165596857635,
        0.7612695893838046,
        0.5082124234819613,
        0.8049020807021224,
        0.3555042879393015,
        0.5863410489693744,
        0.5999224831180147,
        0.7551291644849275,
        1.2582339568385195,
        0.2593985216456694,
        0.24737876412071227,
        0.6174513141454342,
        0.02384622658811527,
        0.9169994180631127,
        0.7306212272200037,
        0.236643521357581,
        0.6496603156126899,
        0.32166892687618237,
        0.12895368588928036,
        1.0037943324926981,
        0.5414153746570737,
        0.5531271510616664,
        0.7712413163185534,
        0.6332756803375194,
        0.7464310663157208,
        0.6482720118046787,
        0.05126278382331743,
        0.6297176734886746,
        0.5972523278708997,
        0.07206165807472634,
        1.0454080435434958,
        0.9661167294264222
      ],
      [
        0.5664115047699393,
        0.5034205773959695,
        0.8114353583531843,
        0.0,
        0.041107955152853204,
        0.25023926767736127,
        0.6275350433120702,
        0.1027789765047156,
        0.50015264912822,
        0.4156078274778635,
        0.6386234978064339,
        0.5309882286392944,
        0.6346344938310118,
        0.5142701074123206,
        0.45187153824303017,
        0.3998330330193538,
        0.48582194490615505,
        0.5019170523141085,
        0.38494613759586627,
        0.782907215521543,
        0.6070884859114724,
        0.3166467831163288,
        0.5555686631034832,
        0.391561334837509,
        0.35216551249858485,
        0.39298551588959746,
        0.7569063125896027,
        0.537765882601294,
        0.32810587812138314,
        0.30502311020454476,
        0.24434855373843153,
        0.4994710909128952,
        0.28232347310474726,
        0.5783035977847129,
        0.7471252654879807,
        0.15188065427157169,
        0.35606705581924486,
        0.6860160916782728,
        0.4001302562606345,
        0.5804040524528005,
        0.5095741868477326,
        0.14539247339438247,
        0.5343145956631921,
        0.45863231900300405,
        0.5665074400801895,
        0.5523043533691911,
        0.4467985984853352,
        0.7403526282132042,
        0.7307961536928878,
        0.2116025448138539,
        0.8352815849412996,
        0.4212996809132002,
        0.6799818221595668,
        0.7601364301810786,
        0.35212317405510496,
        0.5453650396821842,
        0.7001040913820501,
        0.5403973397934483,
        0.3645092609254734,
        0.5178388001258186,
        0.6583828331695365,
        0.6024500540297424,
        0.25267444082117796,
        0.5540075665497868,
        0.8626981421765016,
        0.5343617858516538,
        0.4797412932089994,
        0.7742340713907186,
        0.23539571529007025,
        0.7968430142755305
      ],
      [
        0.5455357243230953,
        0.5367610262697043,
        0.8525433135060374,
        0.041107955152853204,
        0.0,
        0.27561650964310763,
        0.6651193432709248,
        0.08843221674007785,
        0.4872344293314332,
        0.4073102677589423,
        0.6719639466801689,
        0.5239893661748425,
        0.6164704740266966,
        0.5521564152872666,
        0.4375332696453168,
        0.385486273254716,
        0.4665034915159602,
        0.5398033601890545,
        0.42418110510579066,
        0.7540181999280442,
        0.6404289347852072,
        0.3033761699537532,
        0.5934549709784291,
        0.42490178371124393,
        0.3451666500341328,
        0.38375138347889276,
        0.7947926204645487,
        0.5756521904762399,
        0.3173985277291027,
        0.29068484160683145,
        0.27677712756162,
        0.533480450095614,
        0.3181981913434532,
        0.5589851443945181,
        0.714939464362019,
        0.1376295041845709,
        0.3539596163025995,
        0.6593988654466766,
        0.43801656413558043,
        0.5561305521355044,
        0.47786427616964133,
        0.17918378016886474,
        0.5721888344080566,
        0.44402540097123283,
        0.6069896921993754,
        0.585644802242926,
        0.4324518387206974,
        0.710253014640813,
        0.753207615542221,
        0.24948885268879986,
        0.8763895400941528,
        0.39499504388685247,
        0.6729829596951149,
        0.7808563485594755,
        0.319908265560167,
        0.5821152397033452,
        0.737990399256996,
        0.5333984773289963,
        0.40499151304465936,
        0.501119214119898,
        0.6390643797793417,
        0.642490214565234,
        0.24567557835672593,
        0.5470087040853349,
        0.9038060973293549,
        0.5273629233872017,
        0.5176276010839453,
        0.8121203792656646,
        0.22105744669235694,
        0.7771753246887356
      ],
      [
        0.74896281997868,
        0.3054712039512256,
        0.8845132779522062,
        0.25023926767736127,
        0.27561650964310763,
        0.0,
        0.6447850639013755,
        0.22887504997985061,
        0.7367422359729063,
        0.6581507349923298,
        0.4360110133677982,
        0.6803175122775611,
        0.8139894716695766,
        0.5997350051798843,
        0.4809868588785995,
        0.4316507767039569,
        0.7355931839377992,
        0.5589201519959324,
        0.3960827779480585,
        0.8182693999165446,
        0.4091391124667285,
        0.3413032448256943,
        0.633767680859758,
        0.19361196139276518,
        0.5947084200130511,
        0.6352008593984945,
        0.8441353310291306,
        0.6249949010408219,
        0.26772992162778064,
        0.32803063736275445,
        0.06355165181720068,
        0.2778749142889917,
        0.11635547069837215,
        0.828074836816357,
        0.8367460155151257,
        0.2380467575161415,
        0.6063063234966062,
        0.8694696348764702,
        0.478493294721255,
        0.8301752914844446,
        0.6534354140659716,
        0.11813184909317095,
        0.5515888829750566,
        0.7063665261914106,
        0.442483809866226,
        0.35433251370559105,
        0.4837061674674976,
        0.8633604476970929,
        0.8187486895493157,
        0.29955508067028175,
        0.9018923477353205,
        0.6702085701299192,
        0.9225247296740331,
        0.8480889660375064,
        0.5946660815695712,
        0.572933841426524,
        0.7559411458220961,
        0.6730670843377935,
        0.4103182168360091,
        0.7304202338857175,
        0.9081540722011806,
        0.4387176704748549,
        0.49521734833564424,
        0.7965504740642531,
        0.9346314322157895,
        0.7769046933661201,
        0.5279398202871244,
        0.8296582179203049,
        0.2672742545566308,
        1.0466142533071745
      ],
      [
        0.6406955814742114,
        0.4237645667139008,
        0.2944538786502023,
        0.6275350433120702,
        0.6651193432709248,
        0.6447850639013755,
        0.0,
        0.7153088048137712,
        0.6281228054758984,
        0.48049935708898095,
        0.5196505754364945,
        0.9016847774452603,
        0.6619097418773983,
        0.40233381864737994,
        1.026320431055909,
        1.009233081764268,
        0.8300781951248721,
        0.16833892865252803,
        0.248702285953317,
        0.36450976621051745,
        0.4294180164122775,
        0.9211539391572874,
        0.4294445853743577,
        0.5356238092723612,
        0.5571960775714169,
        0.6880543522423075,
        0.330675533879097,
        0.43380770867823826,
        0.8851852779242086,
        0.9042165010417053,
        0.6647787016872835,
        0.575332704700878,
        0.6564713313335472,
        0.92255984800343,
        0.48834008070247426,
        0.7602512040266077,
        0.6160752194526461,
        0.47057949407619637,
        0.2761098681465157,
        0.7491764240245542,
        0.545198561677836,
        0.5780877743895029,
        0.09368802213681271,
        0.5847498205945061,
        0.30577133495835224,
        0.46140326366611945,
        1.0581138181427572,
        0.40960081399106574,
        0.4139758670366799,
        0.415935805034088,
        0.3172998368831959,
        0.8536550758126826,
        0.8392737698183865,
        0.4061692565722431,
        0.5671217082682302,
        0.08743666470994052,
        0.1946911396200595,
        0.9151884712855507,
        0.28799981253918666,
        0.6210140264584535,
        0.8374396689997023,
        0.33882583250591175,
        0.6434327437456665,
        0.7133774186045816,
        0.34442475770855374,
        0.6854656609492211,
        0.313177040289189,
        0.26470887691466827,
        0.8345891061272308,
        1.0581977866010186
      ],
      [
        0.6338345084748022,
        0.5161658397561549,
        0.9142143348578998,
        0.1027789765047156,
        0.08843221674007785,
        0.22887504997985061,
        0.7153088048137712,
        0.0,
        0.575664918588765,
        0.49525619622647293,
        0.6513687601666195,
        0.5484317063042006,
        0.7047582561738133,
        0.6053733872688375,
        0.34910105290523896,
        0.2970540565146382,
        0.5549357082560381,
        0.5917924114542437,
        0.46826364114427527,
        0.8424502671154439,
        0.6198337482716578,
        0.21494395321367538,
        0.6386762869587487,
        0.4043065971976945,
        0.43181388124719433,
        0.4685196191622083,
        0.8480095924461197,
        0.6288691624578109,
        0.2291588587770591,
        0.20225262486675355,
        0.24956755768634853,
        0.5031571620501417,
        0.30119094772333027,
        0.6474173611345959,
        0.8033715315494188,
        0.04919728744449304,
        0.4417113553457829,
        0.7478309326340763,
        0.4832378801159,
        0.6445627688755824,
        0.566296343357041,
        0.16682186722591671,
        0.621629029424028,
        0.5324494377350386,
        0.6421804029377629,
        0.5650496157293766,
        0.3440196219806196,
        0.7986850818282127,
        0.8218994335494048,
        0.3027058246703708,
        0.9352946710348442,
        0.4834272606269303,
        0.7596301909081762,
        0.8512397100375955,
        0.4083403327475667,
        0.635842069851801,
        0.7899794505221853,
        0.5411812783644331,
        0.44018222378304683,
        0.5895349330451978,
        0.7274965965194196,
        0.6494123062797842,
        0.3323228095697874,
        0.6336559352983963,
        0.9654771186812172,
        0.6140101546002632,
        0.5578038272341621,
        0.8641094305308539,
        0.13262522995227907,
        0.8656075414288135
      ],
      [
        0.06750647840401407,
        0.8303310740767008,
        0.5700636365384149,
        0.50015264912822,
        0.4872344293314332,
        0.7367422359729063,
        0.6281228054758984,
        0.575664918588765,
        0.0,
        0.19624674803942452,
        0.9215175343182405,
        0.5280401181547524,
        0.13448754065307347,
        0.29078922231435755,
        0.7265403458143952,
        0.8639046720305346,
        0.39984288613759117,
        0.45978387682337024,
        0.49619406419850715,
        0.3553342524337439,
        0.8336874417358581,
        0.7906088718024404,
        0.3234521332812783,
        0.7710367164420064,
        0.23916194728997495,
        0.1825784600907761,
        0.41130338306120473,
        0.3064191130516487,
        0.8044374227681522,
        0.7779175434555186,
        0.7177248265212117,
        0.8880035190985324,
        0.7495599264220978,
        0.3331803335547284,
        0.2759787028778726,
        0.624862206033258,
        0.14408559330897508,
        0.2904789602899395,
        0.3570043910179936,
        0.336363987808778,
        0.08330682190693474,
        0.6186103868797354,
        0.5347545147091829,
        0.04337298488139225,
        0.7260960610112784,
        0.8266828150803747,
        0.8547369627630526,
        0.31080693095648215,
        0.33576946235092187,
        0.5455321024647741,
        0.5681352656157215,
        0.3904412793482074,
        0.22831668603452415,
        0.3585149575052273,
        0.16736282068027372,
        0.5458603793300261,
        0.5251528790242019,
        0.5345801887104922,
        0.5321535362719508,
        0.019512517715390733,
        0.2272819978742097,
        0.7649270312595345,
        0.25403194141623037,
        0.10429435388549421,
        0.5938850995121883,
        0.07658332582277479,
        0.6496542341256661,
        0.5027004162902351,
        0.7082901485410441,
        0.4491150202091652
      ],
      [
        0.23773528340770894,
        0.6919837115421594,
        0.5910232372076375,
        0.4156078274778635,
        0.4073102677589423,
        0.6581507349923298,
        0.48049935708898095,
        0.49525619622647293,
        0.19624674803942452,
        0.0,
        0.7588600144345776,
        0.4211854203562794,
        0.3060378926199545,
        0.21820978188286633,
        0.620516073755241,
        0.7578803999713803,
        0.41509769259587836,
        0.3129633574561956,
        0.32641513445167075,
        0.37615488246791234,
        0.6674291105051418,
        0.7102001494401483,
        0.3649787845079756,
        0.609309518112037,
        0.07669672048243588,
        0.21466952940713674,
        0.42927083008904054,
        0.21435160329516875,
        0.724415055003532,
        0.6975088210932264,
        0.6308910500279007,
        0.726276320768563,
        0.6386036154113667,
        0.5075793454744362,
        0.3598303004156366,
        0.544453483670966,
        0.1417310384308836,
        0.3623660331136572,
        0.2095403776651269,
        0.39938897820500197,
        0.14633181230315864,
        0.5424888523160258,
        0.40642678762693446,
        0.1611311092701963,
        0.5535067403859312,
        0.6665960386025562,
        0.75484588824913,
        0.33493418450699364,
        0.38417820043001816,
        0.3980680891119075,
        0.5864693612666539,
        0.373262513116167,
        0.4145495168221657,
        0.41310215584729304,
        0.08740200219877528,
        0.3947920131511699,
        0.5111503965241372,
        0.43468911419656975,
        0.3806918310509836,
        0.20290056388852895,
        0.41359274364089404,
        0.5936324269905866,
        0.16293338665668555,
        0.2891977941245999,
        0.6119848593208915,
        0.26161873559041277,
        0.48494622979251834,
        0.5283035374242426,
        0.627881426178752,
        0.6343508612422103
      ],
      [
        0.9393646035229223,
        0.18775361230566326,
        0.8134958951981347,
        0.6386234978064339,
        0.6719639466801689,
        0.4360110133677982,
        0.5196505754364945,
        0.6513687601666195,
        0.9215175343182405,
        0.7588600144345776,
        0.0,
        0.8440016672577474,
        0.9906459050091447,
        0.6902496210409115,
        0.9169964757102318,
        0.8592456410506388,
        1.1171666779108478,
        0.5714068915897399,
        0.4324448799829068,
        0.8248293067616264,
        0.09445117901041385,
        0.7717415927576916,
        0.6701297828946062,
        0.24706216296892494,
        0.779674960598526,
        0.9735295438417143,
        0.8503261093155915,
        0.7256643026981737,
        0.6813772865601283,
        0.7639954403232573,
        0.40190672421600887,
        0.1709639369692592,
        0.3899114511621631,
        1.206748039885006,
        0.9486728799145001,
        0.6703726956577718,
        0.9005910528654612,
        0.9308990346273052,
        0.57758627971304,
        1.0506528355910785,
        0.8470774534880158,
        0.49323102441205147,
        0.4805604191100462,
        0.8937945433183213,
        0.2214363585696457,
        0.1017102895906176,
        0.9105501800252713,
        0.8699203545421746,
        0.8769403685902816,
        0.5422791510919709,
        0.8366177073121609,
        1.0586073185980105,
        1.1481294713128816,
        0.8938121243439829,
        0.8462620166333529,
        0.5184826422125403,
        0.7094748457020514,
        0.8663588896974291,
        0.39020231630856644,
        0.9217566470904354,
        1.1459607819788378,
        0.1834224988850559,
        0.8727864900713918,
        1.0221609539061662,
        0.862672769767746,
        0.9939867739283565,
        0.2741404026968254,
        0.7822496622499809,
        0.7025734347434237,
        1.355487835222402
      ],
      [
        0.5942436264074982,
        0.9838398299548488,
        1.0118871981537854,
        0.5309882286392944,
        0.5239893661748425,
        0.6803175122775611,
        0.9016847774452603,
        0.5484317063042006,
        0.5280401181547524,
        0.4211854203562794,
        0.8440016672577474,
        0.0,
        0.6624541310316355,
        0.6393952022391458,
        0.19933065339896158,
        0.336694979615101,
        0.40332199736258173,
        0.734148777812475,
        0.7476005548079502,
        0.7973086197047198,
        0.9384528462681613,
        0.3705341057653113,
        0.6831199228818796,
        0.8719805873963883,
        0.34460066265608186,
        0.37878231407896473,
        0.8501347910351884,
        0.6337923773336056,
        0.4823491750356882,
        0.35246760432903823,
        0.7204702557813372,
        0.9552314972093972,
        0.7738417728239839,
        0.49529215961221507,
        0.7712624826312994,
        0.4993689747457311,
        0.38401275090562603,
        0.7116554386752114,
        0.6307257980214063,
        0.39650627871312416,
        0.5348618899650354,
        0.6578692534774568,
        0.8276122079832139,
        0.48638047666679535,
        0.9746921607422105,
        0.945711956848365,
        0.3370730330505689,
        0.756014037829131,
        0.80397251417901,
        0.7425907734531483,
        1.0073333222128018,
        0.3018277272208986,
        0.6563223290069768,
        0.8325244084227118,
        0.37692191291922766,
        0.8159774335074493,
        0.8971978690430995,
        0.022357222439681718,
        0.801877251407263,
        0.5457602152711435,
        0.5758828856259632,
        1.014817847346866,
        0.2783137878181165,
        0.5796469135467254,
        1.0328488202670394,
        0.5600011328485923,
        0.9061316501487977,
        0.94945727466105,
        0.4158064763519215,
        0.704385142503669
      ],
      [
        0.07094328392719745,
        0.8337678795998842,
        0.5085720968406429,
        0.6346344938310118,
        0.6164704740266966,
        0.8139894716695766,
        0.6619097418773983,
        0.7047582561738133,
        0.13448754065307347,
        0.3060378926199545,
        0.9906459050091447,
        0.6624541310316355,
        0.0,
        0.3117068366191602,
        0.8607778721000389,
        0.9981421983161782,
        0.43816916640462455,
        0.5296407150561352,
        0.5582560612390152,
        0.29739997566688076,
        0.8990967939654084,
        0.9197022093874887,
        0.40025158987822157,
        0.8478361730389496,
        0.3630430758761191,
        0.3161752321349482,
        0.34723677023280225,
        0.3474076366087975,
        0.9338663249867903,
        0.9070108810405668,
        0.794972062217882,
        0.9648029756954756,
        0.8355948284829051,
        0.35730614831040874,
        0.1864552739610752,
        0.7539555436183063,
        0.2785674380117669,
        0.27338481401814113,
        0.41313586573273847,
        0.4136112235054483,
        0.160554057603605,
        0.6958576225764056,
        0.6103275904804231,
        0.17696975692556433,
        0.7825903779277464,
        0.8965706106195103,
        0.9889036905260984,
        0.2593296075306924,
        0.26134636644458764,
        0.6016635771795191,
        0.5014806158746018,
        0.5249231240509993,
        0.22278087195693413,
        0.27611178822980326,
        0.29771879305333804,
        0.601991854044771,
        0.46721860225733874,
        0.668746916473538,
        0.6020640137679519,
        0.11749191925247768,
        0.26560827814124305,
        0.8225272171473343,
        0.3881126406502112,
        0.1530738367762538,
        0.5222234682736198,
        0.14546796978584195,
        0.7165357528033833,
        0.44926180861517406,
        0.8373834861260924,
        0.45972008326618136
      ],
      [
        0.27732572115551396,
        0.6142805679559277,
        0.41659363709654307,
        0.5142701074123206,
        0.5521564152872666,
        0.5997350051798843,
        0.40233381864737994,
        0.6053733872688375,
        0.29078922231435755,
        0.21820978188286633,
        0.6902496210409115,
        0.6393952022391458,
        0.3117068366191602,
        0.0,
        0.8387258556381074,
        0.9021595220696859,
        0.5557477151554617,
        0.242728799824261,
        0.2623157882134112,
        0.3114502554204394,
        0.5968058758609155,
        0.8172914359497938,
        0.22459867031785613,
        0.6721832534785843,
        0.2949065023653022,
        0.4035564888731898,
        0.25484122997794606,
        0.035700799989637266,
        0.8006749582645902,
        0.8010511621215558,
        0.544435185953466,
        0.7325293340838978,
        0.5432030888979258,
        0.6237621448376849,
        0.4201212660709323,
        0.6524191700577815,
        0.3350578465527684,
        0.4175199832861183,
        0.12622395050086424,
        0.4611656076088164,
        0.2081084417069731,
        0.4997588577826941,
        0.32341567524854875,
        0.28695436705010957,
        0.4758035967996994,
        0.6013663810512722,
        0.9493837694800149,
        0.3565388253617982,
        0.3421206260237807,
        0.30266756259846667,
        0.4120397611555594,
        0.5805881017568663,
        0.5082924825348708,
        0.33908056186029967,
        0.29538634624871135,
        0.31507993881289675,
        0.39731995029648565,
        0.6528988960794361,
        0.31296519493441827,
        0.2811369871613094,
        0.5178638091571662,
        0.5159277580869902,
        0.38111020375591825,
        0.39231946306903903,
        0.4375552592097971,
        0.3660876183708704,
        0.41901466411098653,
        0.35940814352656786,
        0.7314237672070814,
        0.7381711014748572
      ],
      [
        0.7930529433941201,
        0.7845091765558871,
        1.1851183090485606,
        0.45187153824303017,
        0.4375332696453168,
        0.4809868588785995,
        1.026320431055909,
        0.34910105290523896,
        0.7265403458143952,
        0.620516073755241,
        0.9169964757102318,
        0.19933065339896158,
        0.8607778721000389,
        0.8387258556381074,
        0.0,
        0.13736432621613942,
        0.5746815938291593,
        0.8579815024033811,
        0.8024219227304289,
        0.9966392731036814,
        0.8881770850713899,
        0.17120345236634973,
        0.8769910269034871,
        0.6726499339974267,
        0.5439313160550434,
        0.5726534181005722,
        1.04946544443415,
        0.8331230307325672,
        0.28301852163672664,
        0.15313695093007665,
        0.5211396023823756,
        0.7559008438104355,
        0.5778511481189322,
        0.6628886118144615,
        0.970593136030261,
        0.30003832134676955,
        0.5827127123889969,
        0.9109860920741729,
        0.8294406023249742,
        0.5844674962798552,
        0.734192543363997,
        0.47788567555436656,
        0.957584180276532,
        0.6852202846134691,
        0.9215217824708875,
        0.8333929525291088,
        0.1377423796516073,
        0.9553446912280926,
        1.0033031675779716,
        0.6452320275615746,
        1.2014837619839815,
        0.4638587905901658,
        0.8276819254735543,
        1.0318550618216733,
        0.5762525663181892,
        0.9447451770172883,
        1.0561685414713227,
        0.19208022545919406,
        0.7685359267032431,
        0.7444740184779703,
        0.7472424820925407,
        0.9177556430795164,
        0.47764444121707805,
        0.7789775669456869,
        1.232179473666001,
        0.7593317862475539,
        0.8861575301543584,
        1.1302985214799912,
        0.2164758229529599,
        0.8555233789090353
      ],
      [
        0.9304172696102595,
        0.7362510830964131,
        1.211268391372538,
        0.3998330330193538,
        0.385486273254716,
        0.4316507767039569,
        1.009233081764268,
        0.2970540565146382,
        0.8639046720305346,
        0.7578803999713803,
        0.8592456410506388,
        0.336694979615101,
        0.9981421983161782,
        0.9021595220696859,
        0.13736432621613942,
        0.0,
        0.6959870582312025,
        0.8888454265691579,
        0.7608319733411227,
        1.1340035993198208,
        0.8398984278347046,
        0.0914782275537576,
        0.9357303434733869,
        0.6243918405379527,
        0.6812956422711829,
        0.7100177443167117,
        1.0996316646817244,
        0.9256552972586592,
        0.18334852446102734,
        0.15320038445835557,
        0.4833326167827466,
        0.6912862335359482,
        0.5413795044189205,
        0.7863791648534267,
        1.0667523350920314,
        0.24983002876245416,
        0.7200770386051363,
        1.0448849891487144,
        0.7802919366305382,
        0.7218318224959945,
        0.8633503998716792,
        0.43746532549657263,
        0.9156206114745022,
        0.8225846108296084,
        0.8732636890114135,
        0.7844771558836975,
        0.052090800308449155,
        1.092709017444232,
        1.118685568350253,
        0.5994919594712191,
        1.2304932853730333,
        0.5881728773028799,
        0.9489873898755976,
        1.1480258448384437,
        0.7053943892622049,
        0.9314706651144621,
        1.0870324656370995,
        0.3294445516753335,
        0.727912069674946,
        0.8818383446941098,
        0.868547946494584,
        0.8694975496200424,
        0.6150087674332174,
        0.9163418931618263,
        1.2625311751958554,
        0.8966961124636932,
        0.8455336731260613,
        1.1494242081639057,
        0.1760778226951363,
        0.9856487362449128
      ],
      [
        0.42569458426988216,
        0.9819637575003832,
        0.8558516969304499,
        0.48582194490615505,
        0.4665034915159602,
        0.7355931839377992,
        0.8300781951248721,
        0.5549357082560381,
        0.39984288613759117,
        0.41509769259587836,
        1.1171666779108478,
        0.40332199736258173,
        0.43816916640462455,
        0.5557477151554617,
        0.5746815938291593,
        0.6959870582312025,
        0.0,
        0.6617392664723442,
        0.7127919582593818,
        0.641525754616364,
        1.0536474219137721,
        0.745885046195509,
        0.5877845848228322,
        0.8701045149419229,
        0.3516553776165997,
        0.3927135727094088,
        0.698131199059023,
        0.591448515145099,
        0.783902019245063,
        0.7278185447592359,
        0.7212436623141002,
        0.9631744488736586,
        0.7460331368349977,
        0.09248165287855784,
        0.5860679502374061,
        0.6041329957005311,
        0.3593885426633633,
        0.5636734942589873,
        0.5676486634246839,
        0.0945821075466454,
        0.34763927344848866,
        0.6239356534987963,
        0.7648403881723684,
        0.4252507366685778,
        0.9393296448756082,
        1.030847533473605,
        0.7109889082097967,
        0.5964531752847806,
        0.6315987238815925,
        0.6974244897200089,
        0.8524535821918652,
        0.11303285662413098,
        0.25300033164439506,
        0.6576768181487167,
        0.3516130391731198,
        0.7485029410862514,
        0.811344381206822,
        0.39799398727351853,
        0.758983866957092,
        0.40964921579568636,
        0.17256088826338148,
        0.9788765833480143,
        0.2521643059391928,
        0.2997775254665834,
        0.8801912964290627,
        0.32453489631386273,
        0.8712340431627827,
        0.7902297503243259,
        0.6875609382083172,
        0.3110210693693754
      ],
      [
        0.4810905626510924,
        0.49009238215623874,
        0.3271368066451796,
        0.5019170523141085,
        0.5398033601890545,
        0.5589201519959324,
        0.16833892865252803,
        0.5917924114542437,
        0.45978387682337024,
        0.3129633574561956,
        0.5714068915897399,
        0.734148777812475,
        0.5296407150561352,
        0.242728799824261,
        0.8579815024033811,
        0.8888454265691579,
        0.6617392664723442,
        0.0,
        0.17116410188851466,
        0.36800566565839965,
        0.4769860831882648,
        0.8048067201223013,
        0.2716508773375564,
        0.6004872594734714,
        0.38966007793863144,
        0.5197459894962577,
        0.34066575938648125,
        0.2742026898551193,
        0.7853121902122548,
        0.7886806074439756,
        0.49776906223607414,
        0.6208910101061824,
        0.5308500337997137,
        0.754220919350902,
        0.49183598015035634,
        0.6394994870796756,
        0.44773722620076434,
        0.47407539352407846,
        0.11650484932339676,
        0.5895714052014353,
        0.39308376655795446,
        0.4779557297668725,
        0.1118039258791269,
        0.416410891941978,
        0.35161541100001054,
        0.4897280570735569,
        0.9358120334348632,
        0.41309671343894794,
        0.41747176648456197,
        0.2903145075002546,
        0.3435022595806005,
        0.6862165496464486,
        0.6709348411658584,
        0.422787875518575,
        0.3991643413413629,
        0.08676367461390717,
        0.19818703906794163,
        0.7476524716527653,
        0.2252637479297024,
        0.46992307544609224,
        0.6691007403471743,
        0.3913892952220982,
        0.47589674411288113,
        0.5450384899520535,
        0.3764813994685532,
        0.517126732296693,
        0.31037598322610477,
        0.2723170190766102,
        0.7190532125295012,
        0.8898588579484905
      ],
      [
        0.5084969451717454,
        0.368487080427659,
        0.4900368497701437,
        0.38494613759586627,
        0.42418110510579066,
        0.3960827779480585,
        0.248702285953317,
        0.46826364114427527,
        0.49619406419850715,
        0.32641513445167075,
        0.4324448799829068,
        0.7476005548079502,
        0.5582560612390152,
        0.2623157882134112,
        0.8024219227304289,
        0.7608319733411227,
        0.7127919582593818,
        0.17116410188851466,
        0.0,
        0.42218662196848605,
        0.34101397605347095,
        0.6725014951416067,
        0.23768490291169947,
        0.4788819577448915,
        0.4031118549341066,
        0.5410846638588075,
        0.4787956474109794,
        0.2968209816426908,
        0.6382168235606003,
        0.6555734946919435,
        0.4253222921109487,
        0.4713438571835111,
        0.41701492175721233,
        0.8052736111379396,
        0.5460301951213598,
        0.512358172317947,
        0.46814617288255433,
        0.5282563498341649,
        0.1451432948346979,
        0.6182098507127364,
        0.41822887980407325,
        0.3300284367108749,
        0.15550610502699805,
        0.4732098818965639,
        0.23001010927143073,
        0.3401809041508855,
        0.8099993115205402,
        0.46727766974903434,
        0.4742976837971413,
        0.17647939545775318,
        0.5083693486092574,
        0.6996776475678377,
        0.7244765601882089,
        0.4911694395508427,
        0.41381713665044606,
        0.17685106347846555,
        0.3624516362823623,
        0.7611042486482404,
        0.05427669659931282,
        0.49435513483684873,
        0.7230498290188185,
        0.26873530381336336,
        0.4893485211083563,
        0.5993283067703822,
        0.5406796901409242,
        0.5710758209683373,
        0.15853109534084756,
        0.4335754399722464,
        0.585946099777469,
        0.9438079466201348
      ],
      [
        0.3068040727275279,
        0.7882743329244183,
        0.21555038124481257,
        0.782907215521543,
        0.7540181999280442,
        0.8182693999165446,
        0.36450976621051745,
        0.8424502671154439,
        0.3553342524337439,
        0.37615488246791234,
        0.8248293067616264,
        0.7973086197047198,
        0.29739997566688076,
        0.3114502554204394,
        0.9966392731036814,
        1.1340035993198208,
        0.641525754616364,
        0.36800566565839965,
        0.42218662196848605,
        0.0,
        0.7303781277512125,
        1.0573942203291193,
        0.48001520748068155,
        0.9001335754828786,
        0.4527097774807998,
        0.5114694158361995,
        0.056609025442493376,
        0.27574945543080215,
        1.0604034455290863,
        1.003040305665862,
        0.8201475673608846,
        0.8935304791519971,
        0.8118401970071483,
        0.6547061239772896,
        0.12384357315287371,
        0.8916475545599369,
        0.456040838432409,
        0.10606972786567885,
        0.4334472959625247,
        0.5469436470697187,
        0.2938864811678753,
        0.752215058679361,
        0.4059600860603354,
        0.37403727181754015,
        0.6521967312399168,
        0.7623675261193715,
        1.0985599847545908,
        0.0450910477805483,
        0.052111061828655256,
        0.5713046707076891,
        0.21280101318948283,
        0.7023965244716412,
        0.5201683826659725,
        0.06898281758235661,
        0.43410993436787726,
        0.3697263916122224,
        0.169818626590458,
        0.8107869417679197,
        0.4764633185677989,
        0.3380469843162386,
        0.5569215752152388,
        0.6909219257818494,
        0.5308806850709082,
        0.43304378142221056,
        0.2391319006807976,
        0.4141881981426302,
        0.5807177173093336,
        0.15214865495633026,
        0.975075497067723,
        0.7570720352363138
      ],
      [
        0.8492079433728519,
        0.12197671455939245,
