{
  "sol": {
    "z": 3.1765771857184655,
    "tours": [
      [
        0,
        24,
        3,
        21,
        10,
        17,
        22,
        16,
        14,
        26,
        13,
        25
      ],
      [
        7,
        9,
        6,
        1,
        2,
        18,
        8,
        4,
        12
      ],
      [
        5,
        19,
        15,
        11,
        23,
        27,
        20
      ]
    ]
  },
  "params": {
    "gm": [
      [
        0.0,
        0.5834664411324086,
        0.49564103136577264,
        0.23292009715047643,
        0.41464324214100773,
        0.6774794823267034,
        0.7977884210108216,
        0.6336946935146477,
        0.26273943394462423,
        0.6033543779096877,
        0.45607990688259176,
        0.8380452132726718,
        0.5576868374146516,
        0.45376577548205665,
        0.7152146193630495,
        0.8120767380384669,
        0.6925774939484017,
        0.5132357784562674,
        0.030866912682034082,
        0.7330058675359729,
        0.9160146575369013,
        0.26679410514302654,
        0.6365342270235349,
        0.9031393650550775,
        0.09048752005860818,
        0.4818255767878694,
        0.709332002361281,
        0.8708192423814705,
        0.7008977546886189,
        0.19486669591149924,
        0.18994554518884485,
        0.45987798516303363,
        0.025503304203141043,
        0.8509344629803358,
        0.48520671094595774,
        0.6928328814911021,
        0.8574532898931608,
        0.4421084172624025,
        0.5191708180208161,
        0.26724703149423296,
        0.39042810924661264,
        0.22906840112334084,
        0.34301859164683457,
        0.4966286930348325,
        0.14989501344500133,
        0.28369361860525333,
        0.766312390793094,
        0.6016264065747019,
        0.4861991045142171,
        0.6004228378749038,
        0.20680327746535304,
        0.257534815297353,
        0.12430059849499933,
        0.5093156326729806,
        0.813960826899412,
        0.345894224477397,
        0.4706685843866141,
        0.8564362149567145,
        0.7551774873479871,
        0.24324004486345158,
        0.11589113918269639,
        0.5407074785936304,
        0.2455867886233845,
        0.8286376741615264,
        0.5182095996579238,
        0.37680920095396925,
        0.36641508494179525,
        0.5588503710573228,
        0.8001665131056556,
        0.41091652124306344
      ],
      [
        0.5834664411324086,
        0.0,
        0.7034750847819716,
        0.8163865382828851,
        0.9848581049841589,
        0.6871945416818832,
        0.2941725946575743,
        0.2230111457765992,
        0.8462058750770329,
        0.29036962333419153,
        0.6930354773092838,
        0.7658156461662207,
        0.9740286818971893,
        0.5695062990407123,
        0.6239884287919732,
        0.7661939266675952,
        0.6310465742431366,
        0.6412226877067848,
        0.6143333538144428,
        0.6869412313515934,
        0.6110072015032223,
        0.8502605462754351,
        0.6450243755348986,
        0.6854372127890733,
        0.6739539611910168,
        0.36947620174894424,
        0.5570938584750742,
        0.6304990660420473,
        0.7392557859541427,
        0.5735537169760803,
        0.7734119863212535,
        0.4026552556367007,
        0.6089697453355497,
        0.4504741811133922,
        0.37129330731598176,
        0.7113192055292665,
        0.44240930829512287,
        0.688394274319987,
        0.3512301115767733,
        0.8190705023218733,
        0.6460769496329999,
        0.720383103477395,
        0.9189968755347455,
        0.2755759992795883,
        0.73336145457741,
        0.6185813905700315,
        0.5573116773984446,
        0.7104379111990755,
        0.950829473036737,
        0.16799757501267576,
        0.7766432010252292,
        0.7157177578553872,
        0.707767039627408,
        0.7276588788915419,
        0.2726552190288067,
        0.7174464784710768,
        0.5610635687690549,
        0.6158360399004441,
        0.24627132708034177,
        0.8267064859958602,
        0.6670443129636371,
        0.9942321472019411,
        0.728643209361797,
        0.5883174978221033,
        0.5996101905056688,
        0.9274463510325788,
        0.6959651748107162,
        0.5024887242706658,
        0.44340096745072993,
        0.9943829623754721
      ],
      [
        0.49564103136577264,
        0.7034750847819716,
        0.0,
        0.45643461701595983,
        0.8305610956218034,
        0.7469330725645792,
        0.6537593977505695,
        0.5563961070194997,
        0.7178637737480501,
        0.48348136455352414,
        0.2722258627625368,
        0.8396396048985623,
        0.9465879047151418,
        0.1339687857412593,
        0.22026127432623563,
        0.814349307731209,
        0.19762414891158794,
        0.1947896037667741,
        0.5030173808889995,
        0.7350073076243134,
        0.9243328843898941,
        0.48701428732608254,
        0.19404931206418766,
        0.9021323921366623,
        0.580366319047787,
        0.3354314150240323,
        0.30720384572468445,
        0.9252437947363745,
        0.7978599860752675,
        0.30144766732330763,
        0.5178793531124312,
        0.4585890207072759,
        0.4701377271626316,
        0.7530504697843527,
        0.33441292071241047,
        0.7706634538212468,
        0.7375786597218382,
        0.27257980213278205,
        0.39929618784949344,
        0.655921022147544,
        0.2487021161076727,
        0.5508209634668512,
        0.7712131926621714,
        0.4772605252559763,
        0.5186672920898838,
        0.2815677856995248,
        0.2713590457562801,
        0.13441752752131406,
        0.8648810095725983,
        0.5354775097692959,
        0.4946605294619735,
        0.5688809386571225,
        0.6196609184769575,
        0.7768142655468889,
        0.605984514944099,
        0.64753623197662,
        0.609623702597864,
        0.9307556804746939,
        0.6117653717734003,
        0.5878587367064582,
        0.39211312249873426,
        0.8278690941605145,
        0.3633247272936675,
        0.9071292290585191,
        0.6479956566012351,
        0.7761341201053585,
        0.6670311899324226,
        0.5578433981389076,
        0.680293499749492,
        0.6813052036034529
      ],
      [
        0.23292009715047643,
        0.8163865382828851,
        0.45643461701595983,
        0.0,
        0.6160367146089458,
        0.8457740051385688,
        0.946069575098468,
        0.7805646186614398,
        0.45515593082023775,
        0.7877352237859803,
        0.24767078224782152,
        1.0586913881174216,
        0.7752929448103636,
        0.386745496566698,
        0.6614162168420863,
        1.012331663096993,
        0.6502219347474705,
        0.3652632119587877,
        0.26224689655818134,
        0.9491815511095785,
        1.144540498840558,
        0.06034558468413424,
        0.5237553970171289,
        1.136059462205554,
        0.15045850831468588,
        0.5792702858481151,
        0.7338763734820613,
        1.1037393395319468,
        0.8985826456818236,
        0.41390851106664794,
        0.06144473609647129,
        0.6720351465339893,
        0.25842340135361747,
        1.0400484710773996,
        0.5790711621059761,
        0.8699593641415311,
        1.0374170292959908,
        0.2621834745609032,
        0.7313279793917719,
        0.4890687304686465,
        0.3021463653743508,
        0.4618154289002999,
        0.5438343675479462,
        0.6431165751581734,
        0.0830250837054751,
        0.32012459009583416,
        0.7239360724555941,
        0.5293308946061843,
        0.6973971602545128,
        0.750694999425086,
        0.43972337461582944,
        0.4901303838150318,
        0.23634938813438425,
        0.7422357298234571,
        0.971270431709462,
        0.5788143216278734,
        0.7035886815370905,
        1.089356312107191,
        0.9040789083285936,
        0.1314241196904983,
        0.3488112363331728,
        0.7511512490765153,
        0.4785068857738609,
        1.0615577713120028,
        0.7511296968084002,
        0.5872529714368541,
        0.5991382726513041,
        0.7917704682077993,
        0.9830375440889096,
        0.25958238325893496
      ],
      [
        0.41464324214100773,
        0.9848581049841589,
        0.8305610956218034,
        0.6160367146089458,
        0.0,
        0.5545264325757345,
        0.9539283462956867,
        0.7966811761853363,
        0.16158336997428083,
        0.724321886240761,
        0.8002532141128793,
        0.7674438155545874,
        0.18746799282702456,
        0.8102323006957152,
        1.050822369948039,
        0.7210840905341587,
        1.0281852445333912,
        0.8672299929971382,
        0.38661977436274747,
        0.6579339785467442,
        0.9342806212671202,
        0.6491214455266676,
        0.9915647602479459,
        0.8874688497637679,
        0.4670535235702858,
        0.8039835475916232,
        1.0658360278410854,
        0.8444985608245347,
        0.5447583510323452,
        0.5513707213913036,
        0.572695418782682,
        0.5822028493474581,
        0.4214132871601615,
        0.9653751692604242,
        0.8082218920573633,
        0.574728879717633,
        0.9505909650945005,
        0.7862817244926901,
        0.6401367095367303,
        0.1746567766911549,
        0.7346085797582504,
        0.28187766593633007,
        0.07237762310963147,
        0.7157984993647887,
        0.5330116309034707,
        0.6278669258355409,
        1.1019201413780835,
        0.9513837640368632,
        0.09647094067265807,
        0.8168605299714831,
        0.33712655899230026,
        0.2691403471287717,
        0.3834527076912874,
        0.4338377958326719,
        0.9980284149224818,
        0.4674376772694473,
        0.516187574443253,
        0.8747021786869336,
        0.9324381011192022,
        0.5937351017383521,
        0.460064446412984,
        0.20614377685588472,
        0.4720057354735427,
        0.8469036378917454,
        0.46023615104357646,
        0.0584087849414914,
        0.37822873088009906,
        0.5787376683056095,
        0.8226523847109679,
        0.7483579577141761
      ],
      [
        0.6774794823267034,
        0.6871945416818832,
        0.7469330725645792,
        0.8457740051385688,
        0.5545264325757345,
        0.0,
        0.6268220839606846,
        0.4772076700921556,
        0.649658520756472,
        0.39712108091752024,
        0.9514526385681511,
        0.21291738297885285,
        0.4408715170093331,
        0.8354275925783703,
        0.9097310624301267,
        0.1665576579584241,
        0.9322031050740313,
        0.9136370704870661,
        0.6512095185283644,
        0.10340754597100961,
        0.394295131838491,
        0.906119589822703,
        0.9409823846287668,
        0.3330053717833894,
        0.7676984384425067,
        0.6657710649227754,
        0.8226234082609347,
        0.28997212824880014,
        0.052808640543254785,
        0.7047544668558126,
        0.8674250275155483,
        0.3281216584748868,
        0.66097524093308,
        0.5006278797779649,
        0.6696506814604437,
        0.024185359002962304,
        0.4988744943721486,
        0.9374811489479619,
        0.35091749738137645,
        0.5398862569744476,
        0.8858080042135222,
        0.4594313628513039,
        0.6230630611175297,
        0.5006454767751922,
        0.8273744957717047,
        0.7790663502908127,
        0.9085110690549763,
        0.8813506000858933,
        0.49260649059499156,
        0.5191969666692074,
        0.4707174489656747,
        0.43533644705390756,
        0.7504787494684845,
        0.22814460061371764,
        0.6677291492360764,
        0.3674110097756412,
        0.2135371203120984,
        0.3235085199338988,
        0.5962525574666138,
        0.9206245408252909,
        0.6112638708682557,
        0.6010731884023779,
        0.6060569972341556,
        0.33037235557402067,
        0.1605725722195324,
        0.5623999383216175,
        0.35727310655358335,
        0.18994200350499352,
        0.4338567199103519,
        1.0874684372817858
      ],
      [
        0.7977884210108216,
        0.2941725946575743,
        0.6537593977505695,
        0.946069575098468,
        0.9539283462956867,
        0.6268220839606846,
        0.0,
        0.17279822830614444,
        0.8949114488768041,
        0.22970100304316435,
        0.7044537351231082,
        0.4836862164678404,
        0.916826205302494,
        0.5735520974600965,
        0.43373897343519796,
        0.5217127792042554,
        0.4561352488389815,
        0.6446236919565391,
        0.804515246991949,
        0.5353055337595696,
        0.34731519914509834,
        0.8918363416529806,
        0.6083005993908065,
        0.40672072247095553,
        0.882513708692836,
        0.3728542453695655,
        0.3510115060102485,
        0.3450690466475084,
        0.6767810754074288,
        0.6029217250993223,
        0.9030950231368364,
        0.3730606535419209,
        0.7722851168076805,
        0.16580037798278086,
        0.37310796248894534,
        0.649509558899138,
        0.16216956147190348,
        0.7016677701496307,
        0.31379163675895655,
        0.7885635887116967,
        0.6641013873674069,
        0.6881980195115565,
        0.9031185087953154,
        0.30295299994029457,
        0.8630444913929929,
        0.6456995460083348,
        0.4382098292734593,
        0.5598829443463958,
        0.957182090526768,
        0.19737399005146378,
        0.7444581170593907,
        0.684787999166915,
        0.9218083081220064,
        0.6704564022968467,
        0.07294219066806086,
        0.6035329283210954,
        0.5067392918168535,
        0.33971156455342016,
        0.048282557504589735,
        0.9562499678357549,
        0.6964123210868791,
        0.7962433776261891,
        0.7580112174850391,
        0.31280687943029806,
        0.5283466740330715,
        0.8965165923441066,
        0.6645705966732314,
        0.4444935332156514,
        0.2254816149730239,
        1.0798762549349488
      ],
      [
        0.6336946935146477,
        0.2230111457765992,
        0.5563961070194997,
        0.7805646186614398,
        0.7966811761853363,
        0.4772076700921556,
        0.17279822830614444,
        0.0,
        0.7221132205706596,
        0.08008658917463538,
        0.5758202182864021,
        0.5762381019018505,
        0.7794782393655753,
        0.45528311772623153,
        0.4325233923379712,
        0.5581470975391254,
        0.4549954349818757,
        0.5280768678464146,
        0.6404215194957751,
        0.4841998901395254,
        0.40217190600695624,
        0.7681388729945826,
        0.5322499288395639,
        0.48170411307814315,
        0.7184199811966621,
        0.2567017550536097,
        0.3454157381687792,
        0.46799404510259224,
        0.5266571283437206,
        0.43882799760314845,
        0.7375900666998082,
        0.21447832683787807,
        0.6081913893115066,
        0.27162760557976967,
        0.25873965786428754,
        0.5012982159383089,
        0.25909167897924384,
        0.5705325606550378,
        0.15709991917000624,
        0.6308935735230506,
        0.5263380923043661,
        0.5315063019226062,
        0.7510101357386545,
        0.13744804350326636,
        0.6975395349559647,
        0.49153986513422,
        0.4384651940716114,
        0.5542871765049265,
        0.8235408999720403,
        0.05674336800487284,
        0.5877663994704404,
        0.5275408290565645,
        0.7577145806258325,
        0.5331084363599279,
        0.2140275269564397,
        0.5107808968404335,
        0.36567495810036693,
        0.4522686997320996,
        0.1409809953286285,
        0.7957588060679076,
        0.5323185935907052,
        0.8889418154502279,
        0.5939174899888652,
        0.4286422483159247,
        0.3990243413632786,
        0.7392694222337561,
        0.5072276383712232,
        0.29444189514219593,
        0.22553578713972153,
        0.9589460952975437
      ],
      [
        0.26273943394462423,
        0.8462058750770329,
        0.7178637737480501,
        0.45515593082023775,
        0.16158336997428083,
        0.649658520756472,
        0.8949114488768041,
        0.7221132205706596,
        0.0,
        0.6653085548878261,
        0.669789865616566,
        0.8324882793104706,
        0.3353097826674779,
        0.6792971243794922,
        0.9381172630285615,
        0.798990364869281,
        0.9154801376139138,
        0.7369220482509214,
        0.23759493100523954,
        0.7200804629090815,
        0.9485384102332584,
        0.4886323106969076,
        0.8637996347838695,
        0.9148596587640373,
        0.30685418425804367,
        0.6862798085687509,
        0.9375546732357535,
        0.907879344947445,
        0.6871254935742878,
        0.42308936678597175,
        0.4116336873173589,
        0.5264852767408265,
        0.273821136734634,
        0.9376304888335147,
        0.6903419083998527,
        0.6620124902590357,
        0.9221586787710002,
        0.6558183759963767,
        0.5838762068986554,
        0.11819542370288363,
        0.6041452312619371,
        0.2094698241460555,
        0.0905269778915422,
        0.7060942249926263,
        0.37213084711476263,
        0.4974035773392276,
        0.9892150344586059,
        0.8297111262919554,
        0.24942971899430758,
        0.7611429573648514,
        0.2515330368439376,
        0.21432207370256448,
        0.22198736235909705,
        0.5540453920515652,
        0.9361407475270993,
        0.40901171895086963,
        0.46293838825059996,
        0.8718238899975093,
        0.8630942158992881,
        0.43254354674257595,
        0.3296010979166706,
        0.3078013054012604,
        0.3806285710898327,
        0.8850224583274422,
        0.4983549714792732,
        0.14390302776159916,
        0.3234104574538918,
        0.5727114509835439,
        0.8166261673889024,
        0.5894001781969807
      ],
      [
        0.6033543779096877,
        0.29036962333419153,
        0.48348136455352414,
        0.7877352237859803,
        0.724321886240761,
        0.39712108091752024,
        0.22970100304316435,
        0.08008658917463538,
        0.6653085548878261,
        0.0,
        0.59601819444589,
        0.49658873693214167,
        0.7010438613726206,
        0.48672164725640826,
        0.5126099815126066,
        0.4784977325694165,
        0.5350820241565111,
        0.5629551818435692,
        0.6142526737386745,
        0.4045505251698165,
        0.4562024486598145,
        0.7823004158711444,
        0.5742002813887328,
        0.5218568343830927,
        0.6880796655917021,
        0.29865210760277855,
        0.42550232734341453,
        0.47835059011510705,
        0.44934857200600886,
        0.4463806457511401,
        0.7447606718243487,
        0.14347639274665405,
        0.5778510737065466,
        0.2842338964016219,
        0.30158936926568386,
        0.4212116267636735,
        0.2694482239917586,
        0.5889790808390113,
        0.08418517670403068,
        0.5589571286567708,
        0.5404996351809279,
        0.4585915594566306,
        0.6735569313441534,
        0.14461864862780685,
        0.7047101400805051,
        0.49043283300455,
        0.5116861507072845,
        0.6178988920748382,
        0.751181610027465,
        0.12237204832151578,
        0.5148516570044648,
        0.4551815391119892,
        0.7273742650208725,
        0.45467405836697333,
        0.2831158054781605,
        0.4311315318707246,
        0.28745094547375083,
        0.46262524474461436,
        0.2087339012558857,
        0.8029294111924481,
        0.5398712417386968,
        0.8308084099288421,
        0.6014701381368568,
        0.43899879332843944,
        0.31920828790285205,
        0.6669101322891808,
        0.43613330997808225,
        0.21479253017248703,
        0.1968121351959679,
        0.9670827896654698
      ],
      [
        0.45607990688259176,
        0.6930354773092838,
        0.2722258627625368,
        0.24767078224782152,
        0.8002532141128793,
        0.9514526385681511,
        0.7044537351231082,
        0.5758202182864021,
        0.669789865616566,
        0.59601819444589,
        0.0,
        0.981236246151101,
        0.9209920505945484,
        0.13907471431887647,
        0.4137454345942648,
        1.0157579539316257,
        0.402551152499649,
        0.11759242971096619,
        0.45589735136681353,
        0.9364159538247303,
        0.9779921242933582,
        0.25194790324114036,
        0.27608461476930735,
        1.057524331364545,
        0.3981292905625074,
        0.33159950360029355,
        0.48620559123423973,
        1.0361259843429216,
        0.9422179871327246,
        0.263170481083449,
        0.3080372722040188,
        0.6312685461319649,
        0.43060025518751033,
        0.8436929519133908,
        0.33140037985815457,
        0.9693840370350701,
        0.8324655554863497,
        0.014512692313081646,
        0.6022395986208803,
        0.6303251680269507,
        0.06804979962172432,
        0.5480285759972374,
        0.7288613089712779,
        0.45165959788016496,
        0.3306958659532966,
        0.17238628827733843,
        0.47626529020777264,
        0.28166011235836275,
        0.8545117683569039,
        0.5250379022966081,
        0.49781705242503466,
        0.5745997339251832,
        0.4840201703822058,
        0.8003294076326624,
        0.7307959428542248,
        0.5956118771777812,
        0.7385234957286061,
        1.0217429569181657,
        0.656408126080772,
        0.3650005226355259,
        0.34018876769989537,
        0.7759447393616755,
        0.4108935305848357,
        0.9939444161229777,
        0.7910254263829006,
        0.7508708204011385,
        0.6655132291352801,
        0.7624255941174918,
        0.7914184741889757,
        0.42198061104609214
      ],
      [
        0.8380452132726718,
        0.7658156461662207,
        0.8396396048985623,
        1.0586913881174216,
        0.7674438155545874,
        0.21291738297885285,
        0.4836862164678404,
        0.5762381019018505,
        0.8324882793104706,
        0.49658873693214167,
        0.981236246151101,
        0.0,
        0.6522552471748466,
        0.9273484919050389,
        0.8988599495938256,
        0.05118777351805274,
        0.9213319922377302,
        1.0055579698137347,
        0.8152307004919477,
        0.11572256551417968,
        0.20644344181268012,
        1.0970769084050553,
        1.0279242562933497,
        0.13154152332741975,
        0.9280930774551864,
        0.7523760825073955,
        0.8117522954246337,
        0.13861716982033198,
        0.238038731896947,
        0.8470015686448077,
        1.0223592729962554,
        0.4117688625587374,
        0.8181548289673576,
        0.3550796845340729,
        0.7564426938517499,
        0.2176205879241151,
        0.3468843870867329,
        0.9957489384641827,
        0.4428383967080451,
        0.7227160155284461,
        0.9887128617977918,
        0.6383520446783901,
        0.7974967460395096,
        0.5913778108105373,
        0.9879402267176731,
        0.9213134520798079,
        0.9048017513274659,
        0.9740571324198763,
        0.7055075684170438,
        0.6162873560176447,
        0.636826667642869,
        0.6181662056079061,
        0.9265115822616641,
        0.437673749689123,
        0.5538822562894236,
        0.49808786317936515,
        0.3718547945805919,
        0.15643635528572766,
        0.519544319085879,
        1.0782936703175208,
        0.7535109726572509,
        0.8124569185678915,
        0.7605490338822594,
        0.1774981483441174,
        0.3350062571415123,
        0.7368336232435974,
        0.5317067914755632,
        0.28179620675965467,
        0.4748229674702655,
        1.2446480253160632
      ],
      [
        0.5576868374146516,
        0.9740286818971893,
        0.9465879047151418,
        0.7752929448103636,
        0.18746799282702456,
        0.4408715170093331,
        0.916826205302494,
        0.7794782393655753,
        0.3353097826674779,
        0.7010438613726206,
        0.9209920505945484,
        0.6522552471748466,
        0.0,
        0.9062647998385801,
        1.1668491790413773,
        0.6033050403920512,
        1.1442120536267297,
        0.9847037152735018,
        0.5272585164220344,
        0.543803689548878,
        0.8311825062232332,
        0.8069642880625748,
        1.0914931545502577,
        0.7735820975559897,
        0.6248750394134682,
        0.9125461602958562,
        1.1248939775343545,
        0.7218093015075421,
        0.41639734575145465,
        0.6704683296014532,
        0.7323087385109389,
        0.5719389403471982,
        0.5579253770082055,
        0.8954992735873517,
        0.9166127716402108,
        0.4346567637675827,
        0.8807150694214281,
        0.9070205609743591,
        0.6238878807030428,
        0.2906668825675977,
        0.855078301638214,
        0.40075337418466694,
        0.24700319535032372,
        0.7515478885989981,
        0.6922678611048885,
        0.74860576231721,
        1.1953452092702823,
        1.067705515063135,
        0.09107696261820926,
        0.8060311068845135,
        0.45423702616542005,
        0.387077033533685,
        0.5530089136205284,
        0.24636980300564737,
        0.9794261979239174,
        0.5283824515753439,
        0.41381042449946226,
        0.7571534909128944,
        0.9060248983744207,
        0.7631950576312414,
        0.581403832860939,
        0.16020167139304484,
        0.5895690254125988,
        0.7589750983512515,
        0.39040303262094384,
        0.191910862699268,
        0.49616541728501234,
        0.5088617726325371,
        0.7527764890378955,
        0.9236379114065496
      ],
      [
        0.45376577548205665,
        0.5695062990407123,
        0.1339687857412593,
        0.386745496566698,
        0.8102323006957152,
        0.8354275925783703,
        0.5735520974600965,
        0.45528311772623153,
        0.6792971243794922,
        0.48672164725640826,
        0.13907471431887647,
        0.9273484919050389,
        0.9062647998385801,
        0.0,
        0.2856497294902708,
        0.8995632150787092,
        0.27797325033972897,
        0.07843891543492167,
        0.46049260146318405,
        0.8202212149718138,
        0.8568883139556227,
        0.3704225151360427,
        0.18522835471167753,
        0.9364205210268096,
        0.5047048450874017,
        0.20146262928277295,
        0.3727573836594628,
        0.9105165339888119,
        0.8854938927199185,
        0.25889907957055736,
        0.4371891781787888,
        0.5229006877665169,
        0.4282624712789156,
        0.7172530035619155,
        0.20044413497115118,
        0.8595053361501521,
        0.7069053874532331,
        0.14088899596678006,
        0.4845100951969938,
        0.6380477749328533,
        0.1290348429494984,
        0.5428870954078662,
        0.7448082509378265,
        0.343291739514717,
        0.4372714204781909,
        0.20017191408783178,
        0.3509697959848238,
        0.1640779173201366,
        0.858199585807757,
        0.4015087240280365,
        0.4877405612667066,
        0.5658138692088306,
        0.5777856625932415,
        0.7902529164743343,
        0.6006766118005592,
        0.6067390647133974,
        0.6812355342948003,
        0.8958535078472087,
        0.5262887950271065,
        0.47797004332567283,
        0.35131595523551173,
        0.7870719268972919,
        0.3730907795451066,
        0.8683349657688679,
        0.7285155379883059,
        0.7600981373228314,
        0.64084691006757,
        0.6455522851453842,
        0.6773272753651624,
        0.5557317516357284
      ],
      [
        0.7152146193630495,
        0.6239884287919732,
        0.22026127432623563,
        0.6614162168420863,
        1.050822369948039,
        0.9097310624301267,
        0.43373897343519796,
        0.4325233923379712,
        0.9381172630285615,
        0.5126099815126066,
        0.4137454345942648,
        0.8988599495938256,
        1.1668491790413773,
        0.2856497294902708,
        0.0,
        0.883448664273571,
        0.022637125414647696,
        0.3020623118265698,
        0.7214865514868443,
        0.9167232824774966,
        0.775966636313841,
        0.6559237080414096,
        0.17456162595560853,
        0.8306699831558961,
        0.7744106310118952,
        0.4501097997415628,
        0.08710765416919203,
        0.7602427797734936,
        0.9591805206816917,
        0.5203479234515502,
        0.7159386107010933,
        0.6470017191758493,
        0.6897113151599085,
        0.5993159123859713,
        0.4545634236452938,
        0.93382160827628,
        0.594493700720219,
        0.4196384284890846,
        0.5896233115079774,
        0.8761822964737797,
        0.41466361596035795,
        0.7710822377930868,
        0.991474466988407,
        0.56356927804621,
        0.7069772064026845,
        0.4698777000123253,
        0.06667675139352874,
        0.13520966895396452,
        1.085142283898834,
        0.4559908537792975,
        0.7149218037882091,
        0.7891422129833582,
        0.8392345064742344,
        0.9656318286978991,
        0.3857257767966384,
        0.867326339069846,
        0.7981983504383381,
        0.7610688102672669,
        0.39150409744716463,
        0.7634316844195026,
        0.6119032295919603,
        1.0476592012537405,
        0.5835860016199031,
        0.7335502681889261,
        0.8315477337012498,
        0.9963953944315942,
        0.8872924642586584,
        0.7269652874801671,
        0.632674534676984,
        0.8357179548657792
      ],
      [
        0.8120767380384669,
        0.7661939266675952,
        0.814349307731209,
        1.012331663096993,
        0.7210840905341587,
        0.1665576579584241,
        0.5217127792042554,
        0.5581470975391254,
        0.798990364869281,
        0.4784977325694165,
        1.0157579539316257,
        0.05118777351805274,
        0.6033050403920512,
        0.8995632150787092,
        0.883448664273571,
        0.0,
        0.9028829328699316,
        0.9777726929874051,
        0.7881762176734841,
        0.07934200010689549,
        0.25565119586797574,
        1.0700224255865918,
        1.0055307743215758,
        0.18232096700375927,
        0.902461199192223,
        0.7299826005356216,
        0.8497788581610486,
        0.17664373255674698,
        0.18786704281523847,
        0.8257709634061614,
        1.0020222832273118,
        0.400945111862815,
        0.7930843518358915,
        0.39448579546685447,
        0.7336821480443695,
        0.16890102475304095,
        0.3851057947405072,
        1.0089777618585667,
        0.41505311988171545,
        0.6892181010872565,
        0.9614334070387153,
        0.606140910645775,
        0.7631383011655901,
        0.5640983560514607,
        0.9619717514834683,
        0.9000828468411616,
        0.9428283140638809,
        0.9487668352525229,
        0.658535857331805,
        0.5981963516549196,
        0.6083404467633196,
        0.5846682911667165,
        0.8961353736542833,
        0.39385230761228196,
        0.5934260084757264,
        0.4775807899140094,
        0.34222245777683885,
        0.19992853223539375,
        0.5599400575369772,
        1.0527732689445206,
        0.7322803674186046,
        0.7635067117850961,
        0.7436799950318005,
        0.21789388679521562,
        0.30064781226759274,
        0.7024751783696779,
        0.49734834660164373,
        0.26370520239692946,
        0.5076199188022879,
        1.2195775481845972
      ],
      [
        0.6925774939484017,
        0.6310465742431366,
        0.19762414891158794,
        0.6502219347474705,
        1.0281852445333912,
        0.9322031050740313,
        0.4561352488389815,
        0.4549954349818757,
        0.9154801376139138,
        0.5350820241565111,
        0.402551152499649,
        0.9213319922377302,
        1.1442120536267297,
        0.27797325033972897,
        0.022637125414647696,
        0.9028829328699316,
        0.0,
        0.28901236822316095,
        0.6988494260721966,
        0.9326314565359013,
        0.7986037617284887,
        0.6472809127700755,
        0.15520773103337918,
        0.8533071085705438,
        0.7711277481058256,
        0.43075590481933346,
        0.10957969681309652,
        0.7827148224173982,
        0.9816525633255963,
        0.4977107980369025,
        0.7053775373472138,
        0.6562131696188639,
        0.6670741897452607,
        0.6216508378378779,
        0.43520952872306445,
        0.9562936509201846,
        0.616730615675063,
        0.40907735513520505,
        0.5969203367610814,
        0.853545171059132,
        0.40688019905302686,
        0.7484451123784391,
        0.9688373415737593,
        0.5706274234973735,
        0.7036943234966149,
        0.4665948171062557,
        0.07373489684469216,
        0.1215128541450632,
        1.0625051584841863,
        0.4630489992304609,
        0.6922846783735614,
        0.7665050875687105,
        0.8165973810595866,
        0.9744384144584768,
        0.4083603660325111,
        0.8446892136551984,
        0.8072478515094519,
        0.7837059356819146,
        0.4141412228618123,
        0.7558656605526972,
        0.5892661041773126,
        1.0250220758390927,
        0.5609488762052555,
        0.7561873936035739,
        0.845619805512823,
        0.9737582690169465,
        0.8646553388440106,
        0.7494373301240717,
        0.6551465773208885,
        0.8241969091920257
      ],
      [
        0.5132357784562674,
        0.6412226877067848,
        0.1947896037667741,
        0.3652632119587877,
        0.8672299929971382,
        0.9136370704870661,
        0.6446236919565391,
        0.5280768678464146,
        0.7369220482509214,
        0.5629551818435692,
        0.11759242971096619,
        1.0055579698137347,
        0.9847037152735018,
        0.07843891543492167,
        0.3020623118265698,
        0.9777726929874051,
        0.28901236822316095,
        0.0,
        0.5199626044373948,
        0.8984306928805097,
        0.9302287041248332,
        0.3692615017997285,
        0.15873349773756532,
        1.00976091119602,
        0.5157217202734735,
        0.27176944658697366,
        0.36861316152327356,
        0.9808233512930127,
        0.9637033706286144,
        0.31836908254476814,
        0.42221961129979024,
        0.5999251426402731,
        0.4877324742531264,
        0.7875599656613566,
        0.27622307049070466,
        0.937714814058848,
        0.7772568257932357,
        0.12714130131648557,
        0.5627195731056897,
        0.6975258188746347,
        0.1471844563075643,
        0.6069658554270302,
        0.7998468915211576,
        0.4203161943884732,
        0.44828829566426276,
        0.2443636108570322,
        0.36235508951281487,
        0.16750231447714028,
        0.9200678544170968,
        0.47322511269410905,
        0.5529081343169131,
        0.6311596534839238,
        0.601612600093172,
        0.8554204895245408,
        0.6685090555932811,
        0.6627440598121366,
        0.7582599891685565,
        0.9661603251514095,
        0.5965956123313072,
        0.4818681126466505,
        0.40732095033425086,
        0.843076921996031,
        0.44460027310258265,
        0.9386417830730687,
        0.8055399928620621,
        0.8191449375373846,
        0.7109533495153123,
        0.72376176305408,
        0.751698011382283,
        0.5360006331291923
      ],
      [
        0.030866912682034082,
        0.6143333538144428,
        0.5030173808889995,
        0.26224689655818134,
        0.38661977436274747,
        0.6512095185283644,
        0.804515246991949,
        0.6404215194957751,
        0.23759493100523954,
        0.6142526737386745,
        0.45589735136681353,
        0.8152307004919477,
        0.5272585164220344,
        0.46049260146318405,
        0.7214865514868443,
        0.7881762176734841,
        0.6988494260721966,
        0.5199626044373948,
        0.0,
        0.7089634728530539,
        0.9038635321509461,
        0.28184620791310766,
        0.6432610530046623,
        0.8816877479893647,
        0.11695423433821199,
        0.4874319004754857,
        0.7160588283424084,
        0.8586681169955153,
        0.6735519109180161,
        0.20159352189262666,
        0.2192723445965498,
        0.4707762809920204,
        0.03640160003212786,
        0.8618327588093226,
        0.49098718443098,
        0.6661181370470713,
        0.8683515857221478,
        0.4419258617466243,
        0.5300691138498029,
        0.23669418613639545,
        0.39025271701218467,
        0.19964631912891276,
        0.31542807138499673,
        0.5033555190159599,
        0.17922181285270627,
        0.2835110630894751,
        0.7725843229168887,
        0.6038418402883178,
        0.45654664300919556,
        0.6071496638560312,
        0.18073981529085864,
        0.2278900965135961,
        0.12851204613754,
        0.4832521704984863,
        0.8206876528805394,
        0.32681972973901274,
        0.4461922440592029,
        0.8442850895707593,
        0.7619043133291145,
        0.2706243635321727,
        0.11570858366691814,
        0.5113795880648011,
        0.23343566323742923,
        0.8164865487755713,
        0.492594988926436,
        0.3474813104251399,
        0.33692463843976417,
        0.53739875399161,
        0.7813134703969684,
        0.43885130491603747
      ],
      [
        0.7330058675359729,
        0.6869412313515934,
        0.7350073076243134,
        0.9491815511095785,
        0.6579339785467442,
        0.10340754597100961,
        0.5353055337595696,
        0.4841998901395254,
        0.7200804629090815,
        0.4045505251698165,
        0.9364159538247303,
        0.11572256551417968,
        0.543803689548878,
        0.8202212149718138,
        0.9167232824774966,
        0.07934200010689549,
        0.9326314565359013,
        0.8984306928805097,
        0.7089634728530539,
        0.0,
        0.29144396938032563,
        0.9908096807661616,
        0.9261887742146804,
        0.22979135694387473,
        0.8234229446047332,
        0.6506406004287261,
        0.8296156283083046,
        0.1902364871120612,
        0.14150762428244204,
        0.7479882561234045,
        0.9229514127248177,
        0.33059106607544453,
        0.7141805966455265,
        0.39722033380695526,
        0.654340147937474,
        0.11486435792007627,
        0.39913885323540965,
        0.9296357617516713,
        0.33571111977482,
        0.6103081991270569,
        0.8820914069318198,
        0.5269889771229446,
        0.6842393910006039,
        0.4847563559445653,
        0.8829008809809742,
        0.8223001395584046,
        0.9082577587246863,
        0.8694248351456275,
        0.5929646874129347,
        0.5189436563389176,
        0.5290343777695098,
        0.505758389206517,
        0.8168295603018697,
        0.32268936224984374,
        0.6070187630310406,
        0.40052727956120127,
        0.26291551001638647,
        0.2223320855805593,
        0.573805347236427,
        0.9740127705140663,
        0.6544976601358476,
        0.7040053609419229,
        0.6643739260379907,
        0.2317591764946654,
        0.22174890210260667,
        0.6235762682046917,
        0.41844943643665766,
        0.18975799499732948,
        0.4336727114026879,
        1.140673792994232
      ],
      [
        0.9160146575369013,
        0.6110072015032223,
        0.9243328843898941,
        1.144540498840558,
