{
  "sol": {
    "z": 2.057165798847561,
    "tours": [
      [
        0,
        20,
        25,
        4,
        21,
        23,
        27,
        12,
        15,
        19
      ],
      [
        13,
        18
      ],
      [
        1,
        17,
        16,
        2,
        11,
        6,
        14,
        24,
        8,
        10,
        7
      ],
      [
        9,
        26,
        3
      ],
      [
        5
      ],
      [
        22
      ]
    ]
  },
  "params": {
    "gm": [
      [
        0.0,
        0.824216013062188,
        0.6743005837609075,
        0.8934954362343952,
        0.21802300895533283,
        0.42322394225359256,
        0.7041025016191794,
        0.8760364410655707,
        0.7125793322693815,
        1.0402362910560083,
        0.7126549078898919,
        0.6451774688669195,
        0.19468422014255596,
        0.5947322002673783,
        0.5345832927084297,
        0.27897053270147415,
        1.027326636772985,
        0.9422388048186152,
        0.6861407321060058,
        0.4146552300291489,
        0.12217819512458182,
        0.2847507119561589,
        0.858563725949451,
        0.3301351349564445,
        0.42098482752434796,
        0.19038667060595196,
        0.9887772018788263,
        0.4640171772695597,
        0.7574946372105928,
        0.8508371037809137,
        0.9169536590472401,
        0.7565726935206789,
        0.7096594825227005,
        0.7197611774682927,
        0.7184547592162542,
        1.0075614548407936,
        0.7679794151074119,
        0.07252173520061388,
        1.0132140202545064,
        0.6427600809423406,
        0.6605659397151608,
        0.24836654707307843,
        0.5224583571977672,
        0.6276333965525366,
        0.569991885107067,
        0.4732042795968895,
        0.6331595177194544,
        0.5058073044630926,
        0.24007872396426788,
        0.4480355695327525,
        0.4257868562588622,
        0.5630105154260977,
        0.36939404838486034,
        1.0209723506364314,
        0.39869079787961703,
        0.6520168597029766,
        0.3603636357796481,
        0.3895183267410842,
        0.624928991729538,
        0.2942771652162322,
        0.6883256327772294,
        0.27904195807098636,
        0.8351394975263486,
        0.5298337354241327,
        0.33495260890864015,
        0.7023826765915331,
        0.551440702447601,
        0.6554270842769917,
        0.5938610475010163,
        1.150021694819189
      ],
      [
        0.824216013062188,
        0.0,
        0.19413496044089953,
        0.5958887905684643,
        0.7988585563802013,
        0.4165221468630066,
        0.21616641865728523,
        0.2215960547841657,
        0.21434045097770002,
        0.4417098198097244,
        0.3161292065530035,
        0.19474184407617345,
        0.7593531357776977,
        0.636612422209545,
        0.38151078313721376,
        0.7922449924261699,
        0.2031106237107969,
        0.11802279175642728,
        0.5886409322271628,
        0.7454076587787063,
        0.8106810760351838,
        0.8657185140835854,
        0.5232240176016799,
        0.8907664966816916,
        0.5068307137103387,
        0.674724872639138,
        0.47610715140501264,
        0.7583825197455795,
        0.5280873813613196,
        0.026621090718725808,
        0.09273764598505221,
        0.6138081190751412,
        0.3765023800720605,
        0.3929129283333853,
        0.31902794998287415,
        0.5142012439539151,
        0.4168556974976749,
        0.7678708537416169,
        0.18899800719231832,
        0.33935606519823963,
        0.3066391181734929,
        0.7168709705178932,
        0.6797505669167884,
        0.3768229696716123,
        0.6662686667155755,
        0.7787116924100954,
        0.23503923415231961,
        0.6189714271520403,
        0.6742595982689843,
        0.6156490882940798,
        0.4268571768618634,
        0.7457273136420042,
        0.7553846832302726,
        0.21011661652236585,
        0.8145295391497446,
        0.47390197255953675,
        0.5113782597457295,
        0.5274261141544955,
        0.21506786634103361,
        0.5972396324192928,
        0.2535196866349765,
        0.5860623277860036,
        0.6316632637960742,
        0.5451416084722516,
        0.7400227349877442,
        0.5228662531912869,
        0.2871426856433559,
        0.4534300583594873,
        0.6383063496464296,
        0.43448583973162574
      ],
      [
        0.6743005837609075,
        0.19413496044089953,
        0.0,
        0.47990054030765655,
        0.6714231748203272,
        0.25107664150731496,
        0.03730880007924371,
        0.2697682806752249,
        0.10130429493631188,
        0.44812686842162625,
        0.22048386392710256,
        0.08763794001824525,
        0.598832800097251,
        0.5550795947761856,
        0.2019223447136027,
        0.6314249210466297,
        0.38967398646029616,
        0.31215775219732683,
        0.520565795346537,
        0.657351966163996,
        0.668587162274477,
        0.7382831325237111,
        0.4549990165934547,
        0.7034455189983151,
        0.32724227528672767,
        0.5197999280382068,
        0.49958595759880825,
        0.5778210010846446,
        0.47499234284002084,
        0.20090023349023076,
        0.2810506378035893,
        0.4780808280150712,
        0.30662886245708854,
        0.32271862148421315,
        0.22659507308381602,
        0.5180632663154594,
        0.35105378178129665,
        0.6043735587357442,
        0.3763301923324103,
        0.2025248250731898,
        0.24083720245711457,
        0.5613755961708169,
        0.49241202213152147,
        0.2341630486520347,
        0.4994370778207648,
        0.5986309061006501,
        0.1706784593280799,
        0.53091573453733,
        0.5468242167091101,
        0.43267435625085654,
        0.28949071263905357,
        0.5784085850472951,
        0.6673289906155624,
        0.3600856064820445,
        0.627208561466368,
        0.33669363389843227,
        0.3601286193132437,
        0.3478376757308844,
        0.09618579814811386,
        0.4429801380993926,
        0.14498869899269792,
        0.4586269462261295,
        0.4890033427764966,
        0.4569220251402225,
        0.6518031516557151,
        0.3889260059701197,
        0.15316687155486833,
        0.387067392441667,
        0.5565987326633439,
        0.6286208001725253
      ],
      [
        0.8934954362343952,
        0.5958887905684643,
        0.47990054030765655,
        0.0,
        0.7042572997715654,
        0.7309771818149715,
        0.5172093403869003,
        0.3766693322416121,
        0.4943089620961561,
        0.16906982132497117,
        0.41864171222563573,
        0.5675384803259018,
        0.9387437122414738,
        1.0349801350838421,
        0.3918101596466949,
        1.004410827442203,
        0.7358982190107894,
        0.7109524507113887,
        1.0004663356541936,
        1.0971626859561063,
        0.8004327335180682,
        0.7080537159494522,
        0.9348995569011113,
        0.6827923199997774,
        0.5145522777512179,
        0.7061480511985484,
        0.11978163916345168,
        0.5275060148232007,
        0.9548928831476774,
        0.5722167104166364,
        0.5900314331670058,
        0.17596450785100484,
        0.7865294027647451,
        0.8026191617918697,
        0.411714460365146,
        0.12024626713350255,
        0.8207299018177734,
        0.8232783217207007,
        0.7255088802819012,
        0.3686215150375807,
        0.7207377427647711,
        0.9290768375117084,
        0.5288463815556886,
        0.3310251126176628,
        0.39692824703649365,
        0.5381617646177212,
        0.6505789996357365,
        1.0108162748449865,
        0.6686291018059188,
        0.46067225623743424,
        0.7670834912914103,
        0.4460675086908028,
        1.050280337900274,
        0.4799382284178456,
        0.6211640106438856,
        0.24176324662990734,
        0.7749978613740034,
        0.5232327976819688,
        0.5760863384557704,
        0.599218271018163,
        0.4555795415053784,
        0.6253909443052054,
        0.0761848184932009,
        0.936822565447879,
        0.8574969401443677,
        0.19842129540912476,
        0.6330674118625249,
        0.8669679327493236,
        1.0364992729710005,
        0.961336450123641
      ],
      [
        0.21802300895533283,
        0.7988585563802013,
        0.6714231748203272,
        0.7042572997715654,
        0.0,
        0.4282292374987833,
        0.6390200390174742,
        0.8099744740810979,
        0.6474968696676763,
        0.8733271210965365,
        0.6477060706575515,
        0.6041994173907175,
        0.3753313022811431,
        0.7303852111638309,
        0.4695008301067245,
        0.46457066659802404,
        1.0019691800909982,
        0.9168813481366287,
        0.7794573161626052,
        0.5738162266859566,
        0.09617543374650284,
        0.06685995770338402,
        0.8961960508848876,
        0.12769474390565322,
        0.35570481589248826,
        0.17154314271504448,
        0.824038938935017,
        0.2461253926368251,
        0.8146242403423356,
        0.8160316175893996,
        0.8915636681774806,
        0.6009153532046729,
        0.7344123442884666,
        0.7478704937897102,
        0.6536866825508862,
        0.8245035669050679,
        0.7819678203262732,
        0.19533471228256513,
        0.9878565635725196,
        0.578227744040322,
        0.6717512410020912,
        0.41014915209130426,
        0.3198786305008424,
        0.5661100284463967,
        0.3770097964525432,
        0.255228180455393,
        0.6240710872662614,
        0.6537097113765072,
        0.1251410154665389,
        0.3330978610350235,
        0.44916719722762644,
        0.34498750647076487,
        0.5184669627628729,
        0.9549103836519586,
        0.18508209116599583,
        0.5662890645850609,
        0.4196880916166408,
        0.323678146109383,
        0.5837906900391677,
        0.2480953523807765,
        0.6222636657927565,
        0.21279622859419772,
        0.698025582207735,
        0.6231503194807321,
        0.42826919296523946,
        0.5908566619270972,
        0.557608698718434,
        0.7094046159157652,
        0.7313623538966402,
        1.1612208161206508
      ],
      [
        0.42322394225359256,
        0.4165221468630066,
        0.25107664150731496,
        0.7309771818149715,
        0.4282292374987833,
        0.0,
        0.28838544158655866,
        0.5208449221825399,
        0.35238093644362684,
        0.6992035099289412,
        0.4715605054344175,
        0.2231162276389692,
        0.3477561585899361,
        0.5016627363988605,
        0.35381598592744623,
        0.38034827953931477,
        0.6196327705738035,
        0.5345449386194339,
        0.39093378917639343,
        0.47838480310789977,
        0.4180096294596675,
        0.4950891952021673,
        0.4680449259245492,
        0.5559239814044366,
        0.25223276364012975,
        0.2687232865308919,
        0.7506625991061232,
        0.5546460964888338,
        0.4016380564812105,
        0.43459014925156614,
        0.5089796369241206,
        0.6301051427793134,
        0.30634937235689863,
        0.3196554564703705,
        0.477671714591131,
        0.7691399078227744,
        0.35631781210838404,
        0.35329691722842926,
        0.6055201540553249,
        0.45360146658050476,
        0.24610123278420198,
        0.31029895466350194,
        0.48340354365247834,
        0.45202641033586477,
        0.5192106661794573,
        0.5756531120289776,
        0.21021216323183559,
        0.5090209127761351,
        0.30590231937398626,
        0.40898075598746364,
        0.03841407113173864,
        0.5855902275232682,
        0.4315024550520675,
        0.6111622479893595,
        0.5718652974745884,
        0.4944761252822897,
        0.10905197780592875,
        0.20790065491016452,
        0.20286775050158762,
        0.24328690353154878,
        0.39606534050001285,
        0.21841532578043663,
        0.6794541264682694,
        0.43380676444027355,
        0.4569407944044904,
        0.5502721572572653,
        0.1293794612196507,
        0.293783540439411,
        0.5035882720388165,
        0.7355708079027616
      ],
      [
        0.7041025016191794,
        0.21616641865728523,
        0.03730880007924371,
        0.5172093403869003,
        0.6390200390174742,
        0.28838544158655866,
        0.0,
        0.25794754090321653,
        0.07380317771698802,
        0.42321601876534115,
        0.18662141733084509,
        0.12347821237952575,
        0.6361416001764948,
        0.5826821605734366,
        0.16951920891074967,
        0.6687337211258735,
        0.41616106491738514,
        0.3341892104137125,
        0.5526745214648081,
        0.684114948929345,
        0.636184026471624,
        0.7058799967208582,
        0.49083928895473516,
        0.6755574872566555,
        0.29483913948387463,
        0.5144012498921051,
        0.47467510794252316,
        0.5470157333804803,
        0.5102044006148678,
        0.218959805609764,
        0.29813874159873927,
        0.44089753890876987,
        0.34321010410468655,
        0.3593657258766183,
        0.1929661813943925,
        0.4844343746260359,
        0.3868177618937582,
        0.6353307073148708,
        0.4024916766553659,
        0.16534137376821426,
        0.27660118256957617,
        0.5986843962500605,
        0.4645418688798022,
        0.19686245370932767,
        0.46507786570864873,
        0.5676878611147965,
        0.20578494683095536,
        0.5576787173026789,
        0.514421080906257,
        0.40255851340432797,
        0.31790873375757955,
        0.544285215409217,
        0.6940919733809113,
        0.36437033054496415,
        0.5993205297247085,
        0.29942046852099846,
        0.3974374193924874,
        0.3154345399280314,
        0.12964439192601904,
        0.41057700229653954,
        0.11272148366753366,
        0.42622381042327645,
        0.4517027478337896,
        0.4824645689668174,
        0.67734569548231,
        0.3516457230542477,
        0.17819392929220337,
        0.4202648386677454,
        0.5841455826880649,
        0.6506522583889109
      ],
      [
        0.8760364410655707,
        0.2215960547841657,
        0.2697682806752249,
        0.3766693322416121,
        0.8099744740810979,
        0.5208449221825399,
        0.25794754090321653,
        0.0,
        0.19277579301050693,
        0.22024070832418274,
        0.26398956823877856,
        0.33434788146476835,
        0.868601080772476,
        0.8087850590815703,
        0.3499631419493203,
        0.9011932017218547,
        0.3711910868188517,
        0.33470427727261803,
        0.7554808836808417,
        0.9126064506821743,
        0.812208594687222,
        0.8705724657974906,
        0.6736924219881034,
        0.8366639690159448,
        0.4752830725224453,
        0.6857197816346007,
        0.2568876930781604,
        0.6900247646712392,
        0.6865090592591139,
        0.19685058097964206,
        0.21636091851225156,
        0.5305190838774592,
        0.5098650377519663,
        0.5262756860222133,
        0.2697495275265908,
        0.29406756895357344,
        0.5732191260328757,
        0.8064310003976187,
        0.3577322147770958,
        0.25495917212168984,
        0.4630025467086936,
        0.8311438768460417,
        0.6305904008561937,
        0.29255557454160774,
        0.585331289835104,
        0.7090870859405127,
        0.4073916451567129,
        0.7861702190555083,
        0.6853755159698808,
        0.5581109547523255,
        0.5592589933142785,
        0.6641618067260737,
        0.9225834751337406,
        0.16647068931592576,
        0.7604270114839977,
        0.3924603503501882,
        0.6298968999884687,
        0.4876930566455761,
        0.3514546465100991,
        0.5866015705121375,
        0.18771080828834127,
        0.5971782454869001,
        0.4470648021256925,
        0.7171441949955485,
        0.8639958970571615,
        0.4416476332807282,
        0.4196507398483969,
        0.6197668846990443,
        0.8104573214156847,
        0.6113858119949342
      ],
      [
        0.7125793322693815,
        0.21434045097770002,
        0.10130429493631188,
        0.4943089620961561,
        0.6474968696676763,
        0.35238093644362684,
        0.07380317771698802,
        0.19277579301050693,
        0.0,
        0.34944749772528827,
        0.12326865499652981,
        0.18721104317053178,
        0.7001370950335629,
        0.6553819320921307,
        0.17799603956095178,
        0.7327292159829416,
        0.41692596327315473,
        0.32062348164086,
        0.6217419323792667,
        0.7575187137373409,
        0.6446608571218261,
        0.7143568273710603,
        0.5545721197457412,
        0.6864017331735354,
        0.30331597013407674,
        0.5228780805423072,
        0.4009065869024703,
        0.5481167641529482,
        0.573533525373359,
        0.20802284282582922,
        0.2802077723184646,
        0.3994676680974413,
        0.40194220086737065,
        0.41764300250236575,
        0.1287674936267756,
        0.420235686858419,
        0.4492175428586063,
        0.643807537965073,
        0.40268493906318964,
        0.1262600184194412,
        0.33900096353442427,
        0.6626798911071288,
        0.47634669439352856,
        0.16328384947849328,
        0.45211893656014956,
        0.5680605373320289,
        0.2703514970826811,
        0.631082482110675,
        0.5228979115564591,
        0.4083485277755347,
        0.39079500757536545,
        0.5315220423757332,
        0.7674957381889073,
        0.31968077261676037,
        0.6101647756415883,
        0.26316578584234296,
        0.46143291424955557,
        0.3239113705782335,
        0.19737105235013064,
        0.41905383294674164,
        0.047312567707826304,
        0.43470064107347856,
        0.4181241436029552,
        0.5558683337748134,
        0.70151829264374,
        0.3085258022135869,
        0.2514484207961166,
        0.48786981095985077,
        0.6568715039957495,
        0.6476451083730856
      ],
      [
        1.0402362910560083,
        0.4417098198097244,
        0.44812686842162625,
        0.16906982132497117,
        0.8733271210965365,
        0.6992035099289412,
        0.42321601876534115,
        0.22024070832418274,
        0.34944749772528827,
        0.0,
        0.37683875541795586,
        0.5276671349184767,
        1.0469596685188773,
        1.0029214066957928,
        0.52744353728624,
        1.079551789468256,
        0.5783682703388409,
        0.554562525799671,
        0.9608144954013808,
        1.102592654534443,
        0.9633479004187491,
        0.8611961006318828,
        0.8854847861485307,
        0.8287132359941701,
        0.652763467859365,
        0.8514416523515844,
        0.05145908917718201,
        0.6806483995056313,
        0.8989723833921117,
        0.4170912430742832,
        0.4288222621484007,
        0.3315613662253736,
        0.7223836356305328,
        0.7363349931412253,
        0.3699115035574661,
        0.07844331032582268,
        0.7789269450100935,
        0.9724195321907819,
        0.5658877308352847,
        0.4456320412661955,
        0.6696531433613863,
        1.009502464592443,
        0.670402208479263,
        0.46849536930921265,
        0.5499752421956744,
        0.693172557556455,
        0.6075711013018548,
        0.976156422907777,
        0.8085957632561664,
        0.6006389176876819,
        0.7376175810606799,
        0.5941145480955439,
        1.1125696789860093,
        0.33436597068189317,
        0.7719157363743102,
        0.39728957064185444,
        0.80825548773487,
        0.6733588683035218,
        0.5414264865185608,
        0.7459591258397762,
        0.3967600654331146,
        0.7746394287118806,
        0.23577588219740656,
        0.9048871653184137,
        0.9969292591997182,
        0.33785361446447526,
        0.6005489823067519,
        0.8250534459860925,
        1.0044659140300545,
        0.81315209155391
      ],
      [
        0.7126549078898919,
        0.3161292065530035,
        0.22048386392710256,
        0.41864171222563573,
        0.6477060706575515,
        0.4715605054344175,
        0.18662141733084509,
        0.26398956823877856,
        0.12326865499652981,
        0.37683875541795586,
        0.0,
        0.3080066933666236,
        0.7287930094157273,
        0.765148531595374,
        0.17822726095144256,
        0.7898673733862431,
        0.5108815429273517,
        0.4305539687791975,
        0.7391643290788464,
        0.87073636626019,
        0.6443075843259083,
        0.670395939263628,
        0.675367769941833,
        0.6414675314970761,
        0.2994235358540386,
        0.5231026154134876,
        0.3378273323638333,
        0.4898482381373765,
        0.6953127280142717,
        0.3026341135566615,
        0.36090852794768197,
        0.3408201601808331,
        0.5248775461952128,
        0.5406621224076201,
        0.00692725186048977,
        0.29839544509213317,
        0.5711107935322829,
        0.6440384671784571,
        0.4965285029675866,
        0.07011511480006913,
        0.4608942142081008,
        0.7144939326641122,
        0.4383834356677201,
        0.09470935024743893,
        0.3764888898186412,
        0.5079789095660221,
        0.39115059557557236,
        0.7443001346335241,
        0.5231071125463345,
        0.36469591449490507,
        0.5045301510884247,
        0.4531220009398761,
        0.8356974330526777,
        0.40892547780963934,
        0.5652305739651291,
        0.19742564564184267,
        0.5598691194768242,
        0.3240653640957426,
        0.3159986623631664,
        0.4187005601508238,
        0.07627875995043727,
        0.4349098420633538,
        0.34954964437190084,
        0.6690859862976625,
        0.7017274936336152,
        0.2504054783038482,
        0.3648153466230485,
        0.6068598544985467,
        0.7671027238370407,
        0.7488332291381398
      ],
      [
        0.6451774688669195,
        0.19474184407617345,
        0.08763794001824525,
        0.5675384803259018,
        0.6041994173907175,
        0.2231162276389692,
        0.12347821237952575,
        0.33434788146476835,
        0.18721104317053178,
        0.5276671349184767,
        0.3080066933666236,
        0.0,
        0.5648364718059948,
        0.4765970582128919,
        0.28956028473184797,
        0.5986444045399311,
        0.39785246778697037,
        0.3127646358326007,
        0.43538503316338295,
        0.5784513389756759,
        0.6160219370457,
        0.6710593750941014,
        0.36736107657520944,
        0.7318941612963707,
        0.4148802153049729,
        0.4800657336496541,
        0.5791262240956587,
        0.6654589411028898,
        0.38736492696006253,
        0.2118325220703429,
        0.28746327520453774,
        0.563284546844676,
        0.21996421039200656,
        0.23619611489523085,
        0.31405442028541514,
        0.6055226135170586,
        0.2634607435815884,
        0.5744649345175795,
        0.38373985126849175,
        0.28807517443289415,
        0.1532441642574063,
        0.5232703826316544,
        0.5800499621497667,
        0.3178034984868369,
        0.5870750178390101,
        0.6862688461188953,
        0.08322249901194073,
        0.4520151073490099,
        0.4796004592795004,
        0.5203122962691018,
        0.2329304819590915,
        0.6660465250655403,
        0.5884283634272423,
        0.3927956199580889,
        0.7148465014846133,
        0.41942433216508274,
        0.31777835753776495,
        0.43101688254913373,
        0.020408727351549763,
        0.4025804934298089,
        0.23222297029308772,
        0.39140318879651975,
        0.5726437926112988,
        0.38285808705418173,
        0.5777392135696744,
        0.47339218733261196,
        0.09373676641931852,
        0.30086980557953413,
        0.478205031796545,
        0.6292276838077993
      ],
      [
        0.19468422014255596,
        0.7593531357776977,
        0.598832800097251,
        0.9387437122414738,
        0.3753313022811431,
        0.3477561585899361,
        0.6361416001764948,
        0.868601080772476,
        0.7001370950335629,
        1.0469596685188773,
        0.7287930094157273,
        0.5648364718059948,
        0.0,
        0.40446784293857674,
        0.5546349262005501,
        0.08932531575681486,
        0.9186687575255341,
        0.877375927534125,
        0.507342614842959,
        0.2206092556955286,
        0.29260467881627955,
        0.44219125998452713,
        0.748698635047844,
        0.5006932840183804,
        0.4293694735616887,
        0.25181397309513087,
        1.0398237991839125,
        0.6214566949179682,
        0.6012386751206931,
        0.7765146545391827,
        0.8519205353322089,
        0.8261032576229126,
        0.5991025503631826,
        0.6089247287195313,
        0.7351669862103034,
        1.0266351794419468,
        0.6642732354834604,
        0.18094512197722085,
        0.904302033892866,
        0.6609029130027465,
        0.5540566561592783,
        0.061378728297917726,
        0.6155879023936259,
        0.6566188637383258,
        0.6631214303029257,
        0.6305594827365361,
        0.5393559915926749,
        0.31611390208001644,
        0.3332082691601265,
        0.5411651147286112,
        0.3328270141632427,
        0.7185490045968743,
        0.1797006460017841,
        0.9573105837035212,
        0.5597113907140845,
        0.7001448107651517,
        0.24947518211827174,
        0.41559436216092005,
        0.5444437486641387,
        0.3480616711166053,
        0.7158416189715979,
        0.3171061314117893,
        0.8849963598419642,
        0.39132805041587804,
        0.19702817520028587,
        0.7534292738966194,
        0.4723573065846226,
        0.5445386306156154,
        0.4036775878865448,
        1.0418195623654043
      ],
      [
        0.5947322002673783,
        0.636612422209545,
        0.5550795947761856,
        1.0349801350838421,
        0.7303852111638309,
        0.5016627363988605,
        0.5826821605734366,
        0.8087850590815703,
        0.6553819320921307,
        1.0029214066957928,
        0.765148531595374,
        0.4765970582128919,
        0.40446784293857674,
        0.0,
        0.7522013694841863,
        0.34768810437665665,
        0.7048676919783043,
        0.7546352139659722,
        0.1168303035325038,
        0.20133638549290345,
        0.6754507078282461,
        0.797245168867215,
        0.3905168703285255,
        0.8580799550694841,
        0.7118422570671434,
        0.5606815549298565,
        1.0543804958729748,
        0.9749909559236885,
        0.22419880813748366,
        0.649396396142495,
        0.7092930600484469,
        1.0235796994822064,
        0.33478984618366836,
        0.33004801238591003,
        0.7720757834558638,
        1.0635439766875072,
        0.44319477214700403,
        0.5635653194095253,
        0.7192344156109726,
        0.7480235343416508,
        0.35410770355070653,
        0.3465416522710835,
        0.9037484030873331,
        0.7795446142827642,
        0.9512819309966328,
        0.9856133916192239,
        0.4015731880572253,
        0.09280007394386533,
        0.6213687698538337,
        0.8293256154223183,
        0.47211810398674114,
        1.0067095052905815,
        0.22533815188251796,
        0.8357119229760778,
        0.9154673023298268,
        0.882102629094435,
        0.5029426444567932,
        0.6798155872840381,
        0.4617530106093611,
        0.6039285628678981,
        0.6954036442409702,
        0.5689336697688528,
        0.996385803450267,
        0.10723489168309885,
        0.30211601819859146,
        0.9343278836276843,
        0.4046800897602895,
        0.2078791959594495,
        0.0019541922416666992,
        0.7216404628929879
      ],
      [
        0.5345832927084297,
        0.38151078313721376,
        0.2019223447136027,
        0.3918101596466949,
        0.4695008301067245,
        0.35381598592744623,
        0.16951920891074967,
        0.3499631419493203,
        0.17799603956095178,
        0.52744353728624,
        0.17822726095144256,
        0.28956028473184797,
        0.5546349262005501,
        0.7522013694841863,
        0.0,
        0.6151749030390912,
        0.5837632627127731,
        0.47330099590702207,
        0.7221937303755578,
        0.70791510542705,
        0.4666648175608743,
        0.5363607878101084,
        0.6569213613070575,
        0.5101362943098395,
        0.12531993057312493,
        0.3448820409813554,
        0.5115917988101466,
        0.3777743216505771,
        0.6769146875536236,
        0.3801440897929494,
        0.455900628880114,
        0.32356463654705947,
        0.5085512071706912,
        0.5246409661978159,
        0.18418590206135654,
        0.47565409529299996,
        0.5529761264948994,
        0.4658114984041211,
        0.5698760023611826,
        0.1088273976098923,
        0.4427595471707173,
        0.5398292569826523,
        0.29943516368001344,
        0.10255769210333988,
        0.29874461522203344,
        0.3983632294264715,
        0.3726008040416826,
        0.7271979262134286,
        0.3449018719955074,
        0.23415615244797852,
        0.38976602462672316,
        0.37719831847741736,
        0.6610327573712178,
        0.49448895937418547,
        0.4338993367778925,
        0.17469187970153238,
        0.38576551419591043,
        0.14591533101728174,
        0.29810814286171655,
        0.24105779338578986,
        0.16338692780356529,
        0.2567046015125268,
        0.35029015261551805,
        0.651983777877567,
        0.5235222530827881,
        0.23409940436581067,
        0.347713138202953,
        0.5889897371552697,
        0.7536647915988146,
        0.8159966228688396
      ],
      [
        0.27897053270147415,
        0.7922449924261699,
        0.6314249210466297,
        1.004410827442203,
        0.46457066659802404,
        0.38034827953931477,
        0.6687337211258735,
        0.9011932017218547,
        0.7327292159829416,
        1.079551789468256,
        0.7898673733862431,
        0.5986444045399311,
        0.08932531575681486,
        0.34768810437665665,
        0.6151749030390912,
        0.0,
        0.9067920176439619,
        0.9102677841825971,
        0.45448829333596813,
        0.14967311083673474,
        0.3815924819997293,
        0.5314306243014081,
        0.7047500038269703,
        0.5900166125019328,
        0.4904438375322045,
        0.3348434377452478,
        1.1105605770273779,
        0.7106960592348491,
        0.5480213759433495,
        0.8103661577569419,
        0.8845247636327249,
        0.9001590307130409,
        0.615699433621554,
        0.6152440240256635,
        0.7962413501808192,
        1.0877095434124626,
        0.6804687621560035,
        0.27025177823426816,
        0.918297327503225,
        0.7225724164887519,
        0.5702521828318214,
        0.07537402190827668,
        0.6997627001112054,
        0.7177322797586383,
        0.7472962280205052,
        0.719798847053417,
        0.5711075966508662,
        0.2628966029026728,
        0.41738306687770604,
        0.6253399124461907,
        0.36576030480591193,
        0.8027238023144538,
        0.12818687909244605,
        0.9902422318706235,
        0.6487653525786145,
        0.7690978148169887,
        0.2808667326804404,
        0.48256780232010216,
        0.5782564289045253,
        0.4247864410515687,
        0.7764136200393277,
        0.39191181596071056,
        0.9541145388878838,
        0.3381107512385344,
        0.2102324784247374,
        0.8241660517400845,
        0.5051618147735553,
        0.4963971601505841,
        0.3465841292864844,
        1.0342701017362477
      ],
      [
        1.027326636772985,
        0.2031106237107969,
        0.38967398646029616,
        0.7358982190107894,
        1.0019691800909982,
        0.6196327705738035,
        0.41616106491738514,
        0.3711910868188517,
        0.41692596327315473,
        0.5783682703388409,
        0.5108815429273517,
        0.39785246778697037,
        0.9186687575255341,
        0.7048676919783043,
        0.5837632627127731,
        0.9067920176439619,
        0.0,
        0.13134348059564113,
        0.59112388270829,
        0.8917914390513485,
        1.0137916997459806,
        1.0688291377943822,
        0.3319847708811256,
        1.0917098405116206,
        0.7090831932858981,
        0.8778354963499349,
        0.6219773863728028,
        0.9611517721444113,
        0.48066888384082074,
        0.21002763478222686,
        0.15568996708311422,
        0.7856647226755656,
        0.4958121551172626,
        0.481134563888431,
        0.5128271881675145,
        0.6562610705089316,
        0.5307497528679744,
        0.9709814774524138,
        0.014366723632668147,
        0.5407184961098801,
        0.5053223650409965,
        0.8572900292276164,
        0.8807009402780328,
        0.5783035506279568,
        0.8690442804455368,
        0.9815512621266345,
        0.43814985786311655,
        0.7657936568814975,
        0.8773702219797811,
        0.8178719272699388,
        0.6299678005726603,
        0.948442671006648,
        0.9022069129597298,
        0.25595999059294383,
        1.0154728829796735,
        0.6730380285337396,
        0.7144888834565264,
        0.7296785937300548,
        0.4181784900518305,
        0.8003502561300897,
        0.45404584156617384,
        0.7891729514968004,
        0.8120830375039904,
        0.7085969476982158,
        0.9034780742137084,
        0.7254517654867416,
        0.4902533093541528,
        0.5498810888039973,
        0.7067193520497004,
        0.24110055353146354
      ],
      [
        0.9422388048186152,
        0.11802279175642728,
        0.31215775219732683,
        0.7109524507113887,
        0.9168813481366287,
        0.5345449386194339,
        0.3341892104137125,
        0.33470427727261803,
        0.32062348164086,
        0.554562525799671,
        0.4305539687791975,
        0.3127646358326007,
        0.877375927534125,
        0.7546352139659722,
        0.47330099590702207,
        0.9102677841825971,
        0.13134348059564113,
        0.0,
        0.7066637239835901,
        0.8634304505351336,
        0.9287038677916111,
        0.9837413058400126,
        0.4555972616522605,
        0.9834372902168615,
        0.598620926480147,
        0.7927476643955653,
        0.591170811547937,
        0.8510753175575991,
        0.6120123644364619,
        0.1392565917491088,
        0.14342274214179598,
        0.7200911497383014,
        0.4945251718284878,
        0.5109357200898126,
        0.4339190033485694,
        0.6287089918873066,
        0.5348784892541023,
        0.8858936454980442,
        0.1213712512428989,
        0.44686713207177564,
        0.42466190992992014,
        0.8348937622743204,
        0.7727361595870355,
        0.4836820504047858,
        0.7670148485218744,
        0.8716642253334936,
        0.3530620259087469,
        0.7369942189084676,
        0.7922823900254116,
        0.7074571483550006,
        0.5448799686182907,
        0.846482945025863,
        0.8734074749866999,
        0.280058502697987,
        0.9072003326849145,
        0.5836003746603623,
        0.6294010515021567,
        0.6192163269243038,
        0.3330906580974609,
        0.7143587892928119,
        0.36365580616362453,
        0.7040851195424309,
        0.7385223445292477,
        0.6631644002286788,
        0.8580455267441714,
        0.6291492838544469,
        0.40516547739978315,
        0.5714528501159146,
        0.756329141402857,
        0.3724440341271047
      ],
      [
        0.6861407321060058,
        0.5886409322271628,
        0.520565795346537,
        1.0004663356541936,
        0.7794573161626052,
        0.39093378917639343,
        0.5526745214648081,
        0.7554808836808417,
        0.6217419323792667,
        0.9608144954013808,
        0.7391643290788464,
        0.43538503316338295,
        0.507342614842959,
        0.1168303035325038,
        0.7221937303755578,
        0.45448829333596813,
        0.59112388270829,
        0.7066637239835901,
        0.0,
        0.31332788941310763,
        0.7310837921954851,
        0.8020195853543541,
        0.2783939411859474,
        0.8988956012492844,
        0.6431326931293757,
        0.6097536599286308,
        1.0017201560100208,
        0.9450446692290002,
        0.11045499886746922,
        0.5878140151412768,
        0.6239385609263446,
        0.9916944493073662,
        0.253671482074029,
        0.24469351326380764,
        0.7455814462960031,
        1.0370496395276465,
        0.3621330180624499,
        0.6315546663660153,
        0.6054906063409581,
        0.7161345375515968,
        0.2925192848825072,
        0.44884546922974045,
        0.8738021163926448,
        0.7495369751741358,
        0.9101444553558508,
        0.966051684769144,
        0.3536016980748432,
        0.19160149640327273,
        0.6826108542123546,
        0.7993793287276301,
        0.35537624734604906,
        0.976342517428033,
        0.3276419688411749,
        0.7609980016545295,
        0.9330032044952721,
        0.8520949899858066,
        0.4309790315905029,
        0.5988005843994104,
        0.42439237755296555,
        0.6199293146165412,
        0.665042037172729,
        0.5991153945436455,
        1.0043772692985977,
        0.15630699668187312,
        0.3511881231973657,
        0.9028229987106351,
        0.3818199279119225,
        0.13591558309315924,
        0.1185607006433766,
        0.6080759075952168
      ],
      [
        0.4146552300291489,
        0.7454076587787063,
        0.657351966163996,
        1.0971626859561063,
        0.5738162266859566,
        0.47838480310789977,
        0.684114948929345,
        0.9126064506821743,
        0.7575187137373409,
        1.102592654534443,
        0.87073636626019,
        0.5784513389756759,
        0.2206092556955286,
        0.20133638549290345,
        0.70791510542705,
        0.14967311083673474,
        0.8917914390513485,
        0.8634304505351336,
        0.31332788941310763,
        0.0,
        0.5022436256598288,
        0.6406761843893406,
        0.5680477283106539,
        0.7015012875911946,
        0.5831562452544714,
        0.41968709416885924,
        1.154051743711625,
        0.8199416193227816,
        0.41112255521052776,
        0.7692352049985195,
        0.8381453047637585,
        0.9942072131518592,
        0.47923906234554714,
        0.4787836527496566,
        0.8770811303237375,
        1.168549323555381,
        0.5815311547195058,
        0.3895452311491109,
        0.9022737387200155,
        0.8152848242110188,
        0.47987047622429524,
        0.1680858484443978,
        0.7833024143544656,
        0.810471104855568,
        0.8308359422637653,
        0.8290444071413495,
        0.5127051709100591,
        0.12643623162666598,
        0.5009227811209662,
        0.7088796266894508,
        0.458472131342033,
        0.8584067909763154,
        0.059307131266976336,
        0.948615850354176,
        0.7588983178519524,
        0.8621821683554833,
        0.37357855921656147,
        0.5756103427929754,
        0.5611661680158821,
        0.520671720087826,
        0.7968364325968786,
        0.48713622351256525,
        1.0471561214253424,
        0.20165037996252758,
        0.3147276881853863,
        0.9174999455822113,
        0.5060776831831504,
        0.35993678887457725,
        0.20005137161825165,
        0.8969008227101852
      ],
      [
