{
  "sol": {
    "z": 2.83466496960533,
    "tours": [
      [
        0,
        22,
        4,
        2,
        6,
        5,
        20,
        25,
        17
      ],
      [
        21,
        15,
        16,
        11,
        8,
        23,
        7,
        27,
        19,
        9
      ],
      [
        1
      ],
      [
        3,
        12,
        24,
        10,
        14,
        26
      ],
      [
        18,
        13
      ]
    ]
  },
  "params": {
    "gm": [
      [
        0.0,
        0.6233790082656736,
        0.05584590691105581,
        0.7253770558175,
        0.10821222152648356,
        0.24345220669382175,
        0.1075668069611542,
        0.1553420212436355,
        0.8664476988692797,
        0.0574639786567848,
        0.7841352671172799,
        0.8337470144451872,
        0.8140683553005645,
        0.4352106916220033,
        0.8056132030217331,
        0.6654424957104398,
        0.7786806195125981,
        0.6440717753703377,
        0.6133766942967593,
        0.10931593079800386,
        0.2601860382570926,
        0.8516650953118612,
        0.05318502365822457,
        0.19852829681106332,
        0.9776511612628842,
        0.4114554835961913,
        0.7824866947654743,
        0.32027741965282946,
        0.23224253199209913,
        0.9397180487994112,
        0.9047100167555117,
        0.7188864449847177,
        0.7309429521685359,
        0.48960727815039745,
        0.8637702553755296,
        0.27555323336364407,
        0.7740242846369414,
        0.8370266463424962,
        1.117769234029516,
        1.1000419313408212,
        0.7947951920360362,
        0.46172762500004794,
        0.937956822038349,
        0.41197355005592634,
        0.4194324507594099,
        0.4571261478086638,
        0.978660686478365,
        0.5086826255545207,
        0.8199683998317269,
        0.23299235003668944,
        0.4666244101794344,
        0.7369434235315019,
        0.9359536600229057,
        0.9610845980985319,
        0.5686704809370079,
        0.5136630383578954,
        0.3898475195782529,
        0.8291764003805865,
        0.7621597479756819,
        0.11727524324420134,
        0.12513843669957914,
        0.49974771881515934,
        0.15380828405794283,
        0.6441721571314438,
        0.5127025363816589,
        0.5743339704426579,
        0.6645762517493119,
        0.7946925949492251,
        0.7411558672159502,
        0.9374555136587397
      ],
      [
        0.6233790082656736,
        0.0,
        0.6792249151767294,
        0.6861198963137648,
        0.7056767909140986,
        0.7379655838740002,
        0.7309458152268278,
        0.5845422208241031,
        1.29393108010468,
        0.6617538297226542,
        0.6113548513164787,
        1.132722019306754,
        0.7250128530638842,
        0.9894730567183067,
        0.55975100074814,
        0.9678513461084937,
        1.0776875530351402,
        0.9377879570376112,
        0.9986759353043371,
        0.6362528072429073,
        0.560794758002674,
        1.0157041105295908,
        0.6765640319238981,
        0.5723749693163821,
        0.8920921953761864,
        0.7071644210843467,
        0.5145884373025873,
        0.41357633367233854,
        0.8556215402577727,
        1.1530143429005215,
        0.8588827834682262,
        0.19936261795296703,
        0.8935390425137939,
        1.0054564611517944,
        1.2770413792933317,
        0.45583141006145367,
        1.2435045055872833,
        1.2316793299288324,
        1.0475593189594892,
        1.0668689090575296,
        1.0885113737033099,
        0.7554438066673215,
        0.9973422463532737,
        0.47135897437085106,
        0.9985363700427026,
        0.9617255006788935,
        1.1295555212080373,
        0.6640552398197486,
        0.967846429413257,
        0.48626184279599005,
        0.26669253047677566,
        0.76545944592985,
        1.22901568515303,
        1.2469248642819462,
        1.0049987324422853,
        0.3305747058746529,
        0.8813292199926906,
        1.0739619608457465,
        1.1568124315620179,
        0.6031129252087384,
        0.6079398873182648,
        0.8944004024014954,
        0.6837072729363026,
        0.2219163727752441,
        0.2064783065412619,
        0.7369300607879159,
        0.6140128955540464,
        0.48500408273177287,
        1.0387469688054654,
        1.408299378426365
      ],
      [
        0.05584590691105581,
        0.6792249151767294,
        0.0,
        0.7629516542189371,
        0.13767003150775037,
        0.18760629978276594,
        0.05554491400113652,
        0.20592173049650828,
        0.8106017919582239,
        0.11298580221235771,
        0.8369164718322724,
        0.7779011075341313,
        0.8516438485036,
        0.37936478471094753,
        0.8614591099327888,
        0.6095965887993839,
        0.7228347126015423,
        0.5919277573851585,
        0.5643344713660962,
        0.16516183770905968,
        0.31603194516814836,
        0.8403055217027974,
        0.04599351746839054,
        0.2542109997097758,
        1.0272145084317101,
        0.3854933034124218,
        0.8101805113562095,
        0.3760010882533305,
        0.18433660649051134,
        0.8838721418883555,
        0.9605559236665675,
        0.7740289240992486,
        0.682417471653714,
        0.43376137123934166,
        0.8079243484644738,
        0.3312200424627977,
        0.7181783777258856,
        0.7850047533824785,
        1.1612435354527217,
        1.0886823577317575,
        0.742651174050857,
        0.40958360701486873,
        0.9897039050507699,
        0.4637206330683472,
        0.3635865438483541,
        0.4051042548486461,
        0.9624328966549599,
        0.5645285324655764,
        0.7938707413727553,
        0.2886176810162017,
        0.5215068065774067,
        0.7927893304425577,
        0.88010775311185,
        0.9090627051385143,
        0.5166485879769902,
        0.566272333114569,
        0.33782562661823523,
        0.7733304934695306,
        0.7101378550156641,
        0.17199957776365307,
        0.17552754226469844,
        0.44772582585514165,
        0.20933010761351573,
        0.6998672266466877,
        0.5682009997397122,
        0.6298557939982308,
        0.7191809844221076,
        0.8492973276220208,
        0.6853099603048943,
        0.8816096067476838
      ],
      [
        0.7253770558175,
        0.6861198963137648,
        0.7629516542189371,
        0.0,
        0.7830827623126574,
        0.6375443782570163,
        0.8184965682200736,
        0.5781340110418175,
        0.7631069083108671,
        0.6821447825365965,
        0.12022298826300334,
        0.5742274237238665,
        0.0886921942846629,
        0.7588547427658904,
        0.18299925060121083,
        0.45402888870534536,
        0.5488766179015829,
        0.3368172153739357,
        0.720939435266381,
        0.6163432078987807,
        0.4651910175604074,
        0.3610356109125519,
        0.7784883951290922,
        0.5291198118464532,
        0.26426285421277307,
        0.569433507148082,
        0.17437894100184184,
        0.6054061061256675,
        0.9066139481581036,
        0.5479158084099341,
        0.2020504095045678,
        0.4867572783607978,
        0.3222928475401521,
        0.7208125266464636,
        0.7422136492103243,
        0.6050439789630657,
        0.8595541715791639,
        0.7130823722863484,
        0.4179031962068787,
        0.4100375612690888,
        0.5985333155877374,
        0.5191613657442254,
        0.42911528066637905,
        0.33073857509910803,
        0.7909232768102664,
        0.7088703841282595,
        0.4727231472443788,
        0.2589809505348777,
        0.3131779297962181,
        0.5775703900942203,
        0.5381086330282793,
        0.08254295227762103,
        0.6501625965557482,
        0.7051938195837874,
        0.6531320243904086,
        0.5007109797646659,
        0.695003136621537,
        0.49272388585963306,
        0.7879492706531628,
        0.6324062135158384,
        0.6074677799430214,
        0.59535797014637,
        0.6342759615411353,
        0.5364667344787429,
        0.5956192429286972,
        0.28507046709116446,
        0.08387557107861464,
        0.20185133594694019,
        0.5117918301795921,
        0.9339653270542193
      ],
      [
        0.10821222152648356,
        0.7056767909140986,
        0.13767003150775037,
        0.7830827623126574,
        0.0,
        0.2822731053300074,
        0.19137021604265447,
        0.20700663269351877,
        0.9417954129928605,
        0.11215510877851603,
        0.8289810150942205,
        0.8725679130813728,
        0.8713489668513755,
        0.517034816218698,
        0.8688306430774375,
        0.7042633943466254,
        0.8175015181487838,
        0.6865945629323998,
        0.6857480673947716,
        0.18168730389601612,
        0.323403478312797,
        0.9148825353675656,
        0.09383457116122014,
        0.2578725285818064,
        1.0406278861459637,
        0.46623324239306085,
        0.7962200392570836,
        0.2933028229255008,
        0.320133198312398,
        0.9785389474355969,
        0.9690810789823288,
        0.7072096208719044,
        0.7770842772009554,
        0.571431402747092,
        0.9455943799722242,
        0.24989900506624727,
        0.8558484092336359,
        0.9180910017367848,
        1.1812707941681921,
        1.1595976081505004,
        0.8373179795980984,
        0.5042504125621101,
        0.9826378341758781,
        0.45665456219345546,
        0.49919632084010956,
        0.540929556890164,
        1.0418781265340695,
        0.571027787858405,
        0.8804595345622314,
        0.2314221806106938,
        0.4628301768728817,
        0.8015845731118226,
        0.9747745586590915,
        1.0184343910177982,
        0.6524738900185082,
        0.5261731583557004,
        0.47365092865975317,
        0.8679972990167721,
        0.8432241033699703,
        0.15104700242202485,
        0.17991619549644872,
        0.5808120742094479,
        0.20849941417967405,
        0.6239116544183656,
        0.4991984843728367,
        0.6290251005643891,
        0.7156058336122831,
        0.8442827680351981,
        0.7799767658521358,
        1.0192796382554343
      ],
      [
        0.24345220669382175,
        0.7379655838740002,
        0.18760629978276594,
        0.6375443782570163,
        0.2822731053300074,
        0.0,
        0.24315121378390248,
        0.2936928965457799,
        0.7562194266023867,
        0.30059210199512365,
        0.6789593890266737,
        0.5902948077513654,
        0.715577858017125,
        0.5177679881622705,
        0.7067716061129403,
        0.42199028901661806,
        0.5352284128187764,
        0.4043214576023925,
        0.4893985178496461,
        0.3283504875666381,
        0.17717082587132627,
        0.6526992219200314,
        0.23359981725115647,
        0.24270241018704897,
        0.8406632809664384,
        0.19788700362965583,
        0.6225742115734435,
        0.43123350745321104,
        0.3719429062732773,
        0.6962658421055895,
        0.8234882764209257,
        0.7095321645195938,
        0.49481117187094803,
        0.5041707953293133,
        0.7345844465689924,
        0.4105458249724814,
        0.7104178744382116,
        0.7099441265365241,
        0.9736372356699557,
        0.9010760579489914,
        0.555044874268091,
        0.22197730723210277,
        0.8581718057724543,
        0.3321885337900316,
        0.54238088218657,
        0.47300294829773415,
        0.7748265968721939,
        0.42566741316875434,
        0.6062644415899893,
        0.35114417014962024,
        0.47233539531179103,
        0.6557944747931799,
        0.6925014533290841,
        0.7361612856877909,
        0.4775825068661045,
        0.47858207738854147,
        0.42020869110702125,
        0.5857241936867648,
        0.6350772281697097,
        0.3504102174302361,
        0.3211751824146823,
        0.3726651990091872,
        0.3462557698520542,
        0.6609519074666379,
        0.5314872773327384,
        0.651420153596826,
        0.5536688071784016,
        0.670636940351558,
        0.49770366052212844,
        0.8752127472772934
      ],
      [
        0.1075668069611542,
        0.7309458152268278,
        0.05554491400113652,
        0.8184965682200736,
        0.19137021604265447,
        0.24315121378390248,
        0.0,
        0.24185147082878344,
        0.7660971571971398,
        0.161845209667128,
        0.8729710799704069,
        0.7687951853429698,
        0.9071887625047365,
        0.33474462010082623,
        0.9038007062678776,
        0.6004906666082224,
        0.7137287904103806,
        0.6404666338647,
        0.5087895573649597,
        0.21688273775915806,
        0.3583735415032371,
        0.8825763260685402,
        0.09764891028119964,
        0.2929677601334931,
        1.075870847758058,
        0.4410382174135583,
        0.865725425357346,
        0.4263873726610873,
        0.12909634870958178,
        0.8647394572543518,
        1.0040482668430446,
        0.8197502379113917,
        0.7230318279742594,
        0.3920479797631478,
        0.76621095698828,
        0.3819471697656835,
        0.6746146267605141,
        0.7294598393813421,
        1.2161156323034568,
        1.130860878735886,
        0.7629455235218779,
        0.4651285210160052,
        1.0256788967824484,
        0.49969562480002583,
        0.31624521579221404,
        0.34955934084750956,
        0.9934806787069645,
        0.6061230194100917,
        0.8347759250314817,
        0.33578121212623313,
        0.5672259628056647,
        0.8364827115399059,
        0.8504217533388085,
        0.8535177911373777,
        0.4611036739758537,
        0.6045141350135983,
        0.2822807126170987,
        0.7541638989512899,
        0.6545929410145276,
        0.217704409843951,
        0.23107245626583495,
        0.3921809118540051,
        0.258189515068286,
        0.7464841724347998,
        0.6139081288308201,
        0.6787152014530011,
        0.7555401284769587,
        0.8856564716768719,
        0.6762040381137326,
        0.836966684608291
      ],
      [
        0.1553420212436355,
        0.5845422208241031,
        0.20592173049650828,
        0.5781340110418175,
        0.20700663269351877,
        0.2936928965457799,
        0.24185147082878344,
        0.0,
        0.7947731191828606,
        0.10506392765521898,
        0.6311196091416235,
        0.6897199098230627,
        0.6666870403281614,
        0.5452067584083281,
        0.6619492354390941,
        0.5280550599730776,
        0.634685443551449,
        0.4958778483833871,
        0.5407359071510484,
        0.05263317110192695,
        0.11652207067445365,
        0.7080011277292222,
        0.2066132916137876,
        0.05111628930470966,
        0.8340193769292746,
        0.2694031303116561,
        0.6315991006643377,
        0.21519067980647918,
        0.3709478195383652,
        0.7983544902998658,
        0.7621967960142612,
        0.5784830851520699,
        0.5863675626519427,
        0.5053079127907903,
        0.8089714019645191,
        0.17807083655623418,
        0.771049180749233,
        0.7563797629841466,
        0.9742641614746733,
        0.9563779637581822,
        0.6466012650490855,
        0.31353369801309733,
        0.7838274259536651,
        0.2578441539712424,
        0.5549793640400684,
        0.518277374760377,
        0.834996718895726,
        0.3642715485813083,
        0.6755573228585143,
        0.116329010211713,
        0.32598745016931796,
        0.5946312407111225,
        0.792468256902364,
        0.8344833345267919,
        0.5268573715575713,
        0.36266266418481485,
        0.43707663794334656,
        0.687778931996804,
        0.6815128646173321,
        0.05689722776071229,
        0.030394188231809834,
        0.41910083545680965,
        0.09996118746149021,
        0.5115918591984859,
        0.3780639142828412,
        0.5204868738462053,
        0.5136886576481753,
        0.6438050008480884,
        0.5957448593217741,
        0.9332321175784308
      ],
      [
        0.8664476988692797,
        1.29393108010468,
        0.8106017919582239,
        0.7631069083108671,
        0.9417954129928605,
        0.7562194266023867,
        0.7660971571971398,
        0.7947731191828606,
        0.0,
        0.8296403042143445,
        0.8832617946946288,
        0.1905921021325168,
        0.8009795120665828,
        0.4394234082620871,
        0.9453580244985141,
        0.33422913758576855,
        0.22099101378361025,
        0.45090036190526106,
        0.45870020989038685,
        0.8306499786068964,
        0.7444198695848896,
        0.5116881615382711,
        0.8565953094266144,
        0.7675152238552846,
        0.8454672961310923,
        0.5909905075232333,
        0.9109142426248171,
        0.9937797441414299,
        0.6750456620799071,
        0.30233758452048765,
        0.8173265777436298,
        1.1937662097569695,
        0.4408174077364139,
        0.37684042071888224,
        0.021634980033394334,
        0.9656868845368575,
        0.1466190605654108,
        0.06838163255053749,
        0.8342549771146741,
        0.7122956101016935,
        0.2737639308208928,
        0.543485296236607,
        0.8892553840763158,
        0.8343741357060189,
        0.4672763236380728,
        0.4165378163496302,
        0.5466538400038188,
        0.7926792806956371,
        0.4813935064184309,
        0.9022245212986151,
        1.027239719983387,
        0.6901376219500204,
        0.15549337196319699,
        0.11935216382366651,
        0.3908927990144144,
        1.0043465403715768,
        0.5024420354459894,
        0.2846507876782805,
        0.13711864854266215,
        0.8346787513455778,
        0.8004265564161839,
        0.3995306777031846,
        0.8837887978239161,
        1.2088796773876047,
        1.087452773563418,
        0.597426389462292,
        0.7933381436412065,
        0.9118476170476204,
        0.25992939052126074,
        0.17314169043916888
      ],
      [
        0.0574639786567848,
        0.6617538297226542,
        0.11298580221235771,
        0.6821447825365965,
        0.11215510877851603,
        0.30059210199512365,
        0.161845209667128,
        0.10506392765521898,
        0.8296403042143445,
        0.0,
        0.7361556534196624,
        0.7868397561415729,
        0.770784585541629,
        0.49235058692330524,
        0.763111663631588,
        0.6219690829433128,
        0.7318052898699591,
        0.5938984496933122,
        0.5741034756015803,
        0.07004271210282474,
        0.21768449886694746,
        0.8089984922958305,
        0.10359914433911982,
        0.15303295757224572,
        0.9361985588866083,
        0.36128215791916574,
        0.7365288889044478,
        0.26454219760884173,
        0.28084433235110834,
        0.8962612469619701,
        0.8636664956212903,
        0.6614282432583231,
        0.6734789735117511,
        0.5467471734516993,
        0.8512752842477389,
        0.22014612826022642,
        0.8298450830878938,
        0.8131399172628897,
        1.076729566646519,
        1.0573753283247904,
        0.7446218663590107,
        0.41155429932302245,
        0.8887569397716233,
        0.3627736677892006,
        0.4765723460607118,
        0.5114045505146376,
        0.9358772123156189,
        0.46618108616437554,
        0.7683044257837154,
        0.1756327810132926,
        0.4092281599913611,
        0.6959037561485051,
        0.8895881032208741,
        0.931603180845302,
        0.5867797304423571,
        0.45759956456440115,
        0.4441259222842267,
        0.7857042263793986,
        0.7382730188960753,
        0.060289935563978776,
        0.07496511102255363,
        0.4758609897355528,
        0.09634430540115803,
        0.5868840289602175,
        0.45527552318139225,
        0.5168699917858731,
        0.6186184458882854,
        0.7487347890881986,
        0.6928647056402842,
        0.990424084121694
      ],
      [
        0.7841352671172799,
        0.6113548513164787,
        0.8369164718322724,
        0.12022298826300334,
        0.8289810150942205,
        0.6789593890266737,
        0.8729710799704069,
        0.6311196091416235,
        0.8832617946946288,
        0.7361556534196624,
        0.0,
        0.6941729184057472,
        0.11629091965596186,
        0.8324168936983892,
        0.06597475522912315,
        0.5730888895180737,
        0.6690474875629331,
        0.454502831722276,
        0.8386250516147212,
        0.6749258806248819,
        0.5258258912203267,
        0.4812585991755552,
        0.8367146360308202,
        0.5856070182968384,
        0.2836158299483677,
        0.6193586828417703,
        0.10757215808287579,
        0.6104893744144586,
        1.0020674286799887,
        0.6681387966729375,
        0.24788297342670945,
        0.41199223336351165,
        0.44246887771092386,
        0.838498142994804,
        0.8623379570501147,
        0.6529957812292402,
        0.9794996662610447,
        0.8330278669682292,
        0.441676435673153,
        0.45575100220297876,
        0.7186094885240166,
        0.6368469820925657,
        0.44846825640197363,
        0.37354435694547017,
        0.8673408814964217,
        0.8265560004765998,
        0.5185557111665204,
        0.35659323905192286,
        0.43340091805922143,
        0.6208578657910322,
        0.5809144148746413,
        0.19676289424584845,
        0.7685940856890289,
        0.8237814463513249,
        0.7708176407387488,
        0.5435167616110281,
        0.8126887529698774,
        0.611357932122166,
        0.9078947653350435,
        0.6816409877926545,
        0.6613889295675739,
        0.7130435864947103,
        0.6949108352010547,
        0.46656725715792274,
        0.6001195720756092,
        0.39583954357459933,
        0.12602299172558812,
        0.1538917573836044,
        0.6318680031158713,
        1.054187830857372
      ],
      [
        0.8337470144451872,
        1.132722019306754,
        0.7779011075341313,
        0.5742274237238665,
        0.8725679130813728,
        0.5902948077513654,
        0.7687951853429698,
        0.6897199098230627,
        0.1905921021325168,
        0.7868397561415729,
        0.6941729184057472,
        0.0,
        0.610387409934066,
        0.5264618325128098,
        0.7569583310978487,
        0.1683045187347474,
        0.0652982627413196,
        0.2744307854152435,
        0.5023199266336307,
        0.7385422468454639,
        0.604353369886981,
        0.32621594723110514,
        0.8238946250025219,
        0.64913198214977,
        0.6790090097291461,
        0.42555759822240713,
        0.7264952663125523,
        0.857767584541526,
        0.7141113823121855,
        0.164991063517244,
        0.6508682913416837,
        1.005529662101221,
        0.2525808600806656,
        0.47585164628235505,
        0.16920477135144835,
        0.8376727498895946,
        0.2853267478552975,
        0.1388549485624819,
        0.6634170842167112,
        0.5446484792457859,
        0.08502088523703633,
        0.37753095621663496,
        0.7216082532204081,
        0.6684197956860468,
        0.560997878661605,
        0.47776969672252373,
        0.3801955536018726,
        0.6039858628442585,
        0.2927000885670523,
        0.7777154361111903,
        0.8662173549518528,
        0.500069153362234,
        0.10275502576586543,
        0.14668684471885168,
        0.4434919125417407,
        0.8383922003516047,
        0.49203959178116063,
        0.0993143846100549,
        0.2137218469292963,
        0.746617137583775,
        0.7118746451190192,
        0.3766142734889646,
        0.7686296179865603,
        1.0432577125563844,
        0.926243712765492,
        0.4091898418065436,
        0.6085935449316348,
        0.7305814507158339,
        0.09397505050128861,
        0.3635494539513696
      ],
      [
        0.8140683553005645,
        0.7250128530638842,
        0.8516438485036,
        0.0886921942846629,
        0.8713489668513755,
        0.715577858017125,
        0.9071887625047365,
        0.6666870403281614,
        0.8009795120665828,
        0.770784585541629,
        0.11629091965596186,
        0.610387409934066,
        0.0,
        0.8035363266162896,
        0.17924060085819987,
        0.5081909945679085,
        0.593424856988157,
        0.3977016926374181,
        0.7810589261177835,
        0.7050353932274807,
        0.5538823170434719,
        0.4497278051972148,
        0.8671796946121566,
        0.6177682666300959,
        0.18413382632780603,
        0.6303179844115645,
        0.21278114666721917,
        0.6923078537949323,
        0.9674984254215859,
        0.6307557230823375,
        0.13484105421764186,
        0.5256502351109171,
        0.3655160982795157,
        0.781697003909946,
        0.7795921812855144,
        0.6887898082068811,
        0.8957141577893635,
        0.7443855789964596,
        0.34193501548229205,
        0.3423897765879062,
        0.6448520843586534,
        0.5800458430077079,
        0.348986252781412,
        0.417640322768373,
        0.8384603144143221,
        0.769754861391742,
        0.4055137919574529,
        0.3476731448195406,
        0.401870124080881,
        0.6636371727116926,
        0.6250103806975442,
        0.11676082000764695,
        0.688829960094791,
        0.7440844846677291,
        0.7132515152418111,
        0.5876127274339309,
        0.7558876138850195,
        0.531799046145106,
        0.819252477363274,
        0.7207944708297098,
        0.6960754490008781,
        0.6562424474098525,
        0.7229672610241998,
        0.5746628679291454,
        0.6825209905979621,
        0.3587934937432495,
        0.16190905083872345,
        0.2526385969816318,
        0.5583248537986247,
        0.9739368638854357
      ],
      [
        0.4352106916220033,
        0.9894730567183067,
        0.37936478471094753,
        0.7588547427658904,
        0.517034816218698,
        0.5177679881622705,
        0.33474462010082623,
        0.5452067584083281,
        0.4394234082620871,
        0.49235058692330524,
        0.8324168936983892,
        0.5264618325128098,
        0.8035363266162896,
        0.0,
        0.8983916489275123,
        0.35815731377806237,
        0.47139543758022073,
        0.42203752739195466,
        0.2184524697501706,
        0.5445266224200072,
        0.4286846877338744,
        0.649524037494582,
        0.4253330708598204,
        0.4942162720495971,
        0.9221382797909458,
        0.32262264463254164,
        0.8379225903221676,
        0.6827473693157592,
        0.2356223113844582,
        0.6081260660323213,
        0.859698483389549,
        0.9634787243434857,
        0.49478934950274794,
        0.0643788180038125,
        0.43745822514975363,
        0.6620596868350295,
        0.3398942382938251,
        0.4916436619886516,
        1.0032275377388862,
        0.89785868111736,
        0.5206121706917181,
        0.2957906809301678,
        0.7572858533373398,
        0.5550935038506289,
        0.034923987798032484,
        0.05005504390600998,
        0.753281138285622,
        0.6771812750313024,
        0.6019674521650159,
        0.6026580320121684,
        0.7237869174741707,
        0.7032103257139187,
        0.5735440750934888,
        0.5417827543384999,
        0.15337297979757364,
        0.7204384809758734,
        0.10848263979253871,
        0.4975505077292594,
        0.4261579356950606,
        0.5513643624746006,
        0.5548923269756459,
        0.16374590653453813,
        0.5886948923244633,
        0.9118913137618598,
        0.7829947501770448,
        0.651398331228626,
        0.7725547190563263,
        0.7898598615440533,
        0.43387068528357275,
        0.5024579181523805
      ],
      [
        0.8056132030217331,
        0.55975100074814,
        0.8614591099327888,
        0.18299925060121083,
        0.8688306430774375,
        0.7067716061129403,
        0.9038007062678776,
        0.6619492354390941,
        0.9453580244985141,
        0.763111663631588,
        0.06597475522912315,
        0.7569583310978487,
        0.17924060085819987,
        0.8983916489275123,
        0.0,
        0.6314286408511091,
        0.7299080140076667,
        0.5114442015370831,
        0.8955664214295284,
        0.6966068264599523,
        0.5454271647646405,
        0.5440348615137627,
        0.8587245423333252,
        0.6109587490803632,
        0.33270812975160363,
        0.6725478625428996,
        0.09166344989126014,
        0.594580666222843,
        1.0328970549774592,
        0.730915059011145,
        0.30598366568133706,
        0.360388382795173,
        0.5046589724949792,
        0.8954395128096111,
        0.9245749666032205,
        0.6395609667364233,
        1.0422850789531461,
        0.8958132796603306,
        0.4878434145060691,
        0.5123976438407124,
        0.7790551712970267,
        0.6937883519073729,
        0.49756055620520956,
        0.4267335366465995,
        0.9333156367255449,
        0.883497370291407,
        0.5766564034211481,
        0.4007110254142683,
        0.496177180397429,
        0.6706275306439284,
        0.6126729988110149,
        0.2618746728728714,
        0.832974931138522,
        0.8880669004693573,
        0.8277590105535559,
        0.5967059413121574,
        0.8193702610091826,
        0.6755907441738594,
        0.970680178027145,
        0.7186665563235504,
        0.6894315213079965,
        0.7699849563095175,
        0.7145059058516083,
        0.4233120230369513,
        0.5568643379546377,
        0.44742028572532166,
        0.16746397416676267,
        0.13799303925766807,
        0.6923136858888814,
        1.1163827934237534
      ],
      [
        0.6654424957104398,
        0.9678513461084937,
        0.6095965887993839,
        0.45402888870534536,
        0.7042633943466254,
        0.42199028901661806,
        0.6004906666082224,
        0.5280550599730776,
        0.33422913758576855,
        0.6219690829433128,
        0.5730888895180737,
        0.1683045187347474,
        0.5081909945679085,
        0.35815731377806237,
        0.6314286408511091,
        0.0,
        0.11323812380215835,
        0.1216262563180719,
        0.3340154078988833,
        0.5751052448075318,
        0.4397759830527831,
        0.29367921377961603,
        0.6555901062677745,
        0.4856949801118378,
        0.6329953655003201,
        0.260686925024147,
        0.5879870805273499,
        0.6928969113432659,
        0.5458068635774381,
        0.27429216401865736,
        0.5594784750652837,
        0.8714047373948932,
        0.15026726967908283,
        0.30754712754760766,
        0.31259415755237424,
        0.673104532617292,
        0.4536312665900449,
        0.3071594672972293,
        0.6643068536564085,
        0.5411704520895978,
        0.16245485691365563,
        0.21452568113266188,
        0.7181302260642201,
        0.5054145206020737,
        0.39269335992685767,
        0.30946517798777634,
        0.39540019293478046,
        0.5582568241090969,
        0.24697104983189086,
        0.6128447811763236,
        0.7013466817535927,
        0.39170434485206096,
        0.27051116431246597,
        0.3141709966711729,
        0.3192284954610215,
        0.6753869252676317,
        0.32373507304641325,
        0.1637351434360858,
        0.3820263656640437,
        0.5825685355090972,
        0.5470039719207591,
        0.2083097547542172,
        0.6051926159486282,
        0.8799433767961715,
        0.7613730395672318,
        0.3068762514049609,
        0.4718998660168488,
        0.5857632726160873,
        0.07571337150551036,
        0.4997824790403822
      ],
      [
        0.7786806195125981,
        1.0776875530351402,
        0.7228347126015423,
        0.5488766179015829,
        0.8175015181487838,
        0.5352284128187764,
        0.7137287904103806,
        0.634685443551449,
        0.22099101378361025,
        0.7318052898699591,
        0.6690474875629331,
        0.0652982627413196,
        0.593424856988157,
        0.47139543758022073,
        0.7299080140076667,
        0.11323812380215835,
        0.0,
        0.2299277806796821,
        0.44725353170104165,
        0.6835077805738501,
        0.5493189036153672,
        0.3323742323716334,
        0.7688282300699328,
        0.5940975158781562,
        0.7044886765174363,
        0.37052313195079334,
        0.692671973558637,
        0.8027331182699122,
        0.6590449873795965,
        0.21717556482727116,
        0.6472139976414066,
        0.9787045653648523,
        0.22823974585814183,
        0.420785251349766,
        0.1993560337502159,
        0.7826738015866318,
        0.3506250105966171,
        0.20415321130380149,
        0.6808088073349592,
        0.5659731882433117,
        0.05277291703728256,
        0.32249648994502117,
        0.7429329622179339,
        0.613385329414433,
        0.505931483729016,
        0.4227033017899347,
        0.4056752203901628,
        0.6037445111871724,
        0.2924587369099664,
        0.7226809698395765,
        0.811182888680239,
        0.47943986742818384,
        0.16599613772756844,
        0.2040127671654839,
        0.43246661926317986,
        0.7833577340799909,
        0.4369731968485716,
        0.12445408676105697,
        0.27902010967061586,
        0.6915826713121612,
        0.6568401788474054,
        0.32154787855637557,
        0.7135951517149465,
        0.9882232462847707,
        0.8712092464938782,
        0.3848487275840199,
        0.57533496816987,
        0.6930631005860464,
        0.03894058422967482,
        0.3940728915200922
      ],
      [
        0.6440717753703377,
        0.9377879570376112,
        0.5919277573851585,
        0.3368172153739357,
        0.6865945629323998,
        0.4043214576023925,
        0.6404666338647,
        0.4958778483833871,
        0.45090036190526106,
        0.5938984496933122,
        0.454502831722276,
        0.2744307854152435,
        0.3977016926374181,
        0.42203752739195466,
        0.5114442015370831,
        0.1216262563180719,
        0.2299277806796821,
        0.0,
        0.38412221989244527,
        0.5434348469242265,
        0.41087630660227836,
        0.24837776431763892,
        0.637921274853549,
        0.4540245822285326,
        0.5224638189702232,
        0.2326162917741464,
        0.46637883706229927,
        0.6644627237353955,
        0.5697967327841679,
        0.3320009762869647,
        0.4489469285351868,
        0.7497784810768213,
        0.09061688000246569,
        0.3839953112725279,
        0.42926538187186675,
        0.6439246441497948,
        0.559757533270541,
        0.4132857339777254,
        0.6198910019134096,
        0.4967546003465989,
        0.2777298106768375,
        0.18234415037028975,
        0.6737143743212212,
        0.47323298983970163,
        0.4541060614363307,
        0.3720531687543238,
        0.370505350876227,
        0.5132287582648029,
        0.20194298398759675,
        0.5831025054665978,
        0.6714389305320044,
        0.28117279832196407,
        0.370983619939891,
        0.42027724615497947,
        0.31631480901647285,
        0.6432053945052596,
        0.35818592124760135,
        0.23085574642931733,
        0.48815263234453976,
        0.5527750761440994,
        0.5189333386707585,
        0.2585407547724343,
        0.5735222180653229,
        0.8284666305392003,
        0.7313096504963493,
        0.2472258617283437,
        0.3505171916643717,
        0.4641370162980154,
        0.19098832526869222,
        0.6150574328035641
      ],
      [
        0.6133766942967593,
        0.9986759353043371,
        0.5643344713660962,
        0.720939435266381,
        0.6857480673947716,
        0.4893985178496461,
        0.5087895573649597,
        0.5407359071510484,
        0.45870020989038685,
        0.5741034756015803,
        0.8386250516147212,
        0.5023199266336307,
        0.7810589261177835,
        0.2184524697501706,
        0.8955664214295284,
        0.3340154078988833,
        0.44725353170104165,
        0.38412221989244527,
        0.0,
        0.5040607634987555,
        0.46059957565517257,
        0.4532337402015415,
        0.6064384676461593,
        0.4896196178463387,
        0.8790427874953188,
        0.2915115142199903,
        0.8505010569547445,
        0.7132703889979398,
        0.4381991364552688,
        0.5225604971107201,
        0.832691891865558,
        0.9851075979183559,
        0.440598798540608,
        0.15839291460784696,
        0.47155926779688173,
        0.6872678640023893,
        0.31208114932497605,
        0.462984580672003,
        0.8247469777973122,
        0.7016105762305015,
        0.4964702648125389,
        0.27639354492175056,
        0.8785703502051238,
        0.5373258401162904,
        0.2530763154673896,
        0.17660826498266782,
        0.5802293313680453,
        0.7090961629526007,
        0.5010914213178752,
        0.6241440493783293,
        0.732171270949436,
        0.6649177616523353,
        0.569468229147042,
        0.5758834070190281,
        0.06780741087597242,
        0.7072822798531055,
        0.22654824857192693,
        0.4119849388076582,
        0.3881176823051886,
        0.5618246213620984,
        0.5266015318576653,
        0.1257056531446661,
        0.5574416231198558,
        0.9107679659920147,
        0.7921976287630752,
        0.597207780266486,
        0.734639411556817,
        0.8482592361904607,
        0.4097287794043937,
        0.4745274047897581
      ],
      [
        0.10931593079800386,
        0.6362528072429073,
        0.16516183770905968,
        0.6163432078987807,
        0.18168730389601612,
        0.3283504875666381,
        0.21688273775915806,
        0.05263317110192695,
        0.8306499786068964,
        0.07004271210282474,
        0.6749258806248819,
        0.7385422468454639,
        0.7050353932274807,
        0.5445266224200072,
        0.6966068264599523,
        0.5751052448075318,
        0.6835077805738501,
        0.5434348469242265,
        0.5040607634987555,
        0.0,
        0.15117966169531186,
        0.7426587187500804,
        0.16226397878749124,
        0.08941026469569392,
        0.8683352304648804,
        0.3147172772867758,
        0.6731840238957448,
        0.25899386978459016,
        0.341558462790103,
        0.8461816708671375,
        0.7953940859575078,
        0.6309636052157234,
        0.6305155277316934,
        0.5436018881817747,
        0.8209898674114212,
        0.21857695020725243,
        0.7851033942560528,
        0.7683982284310487,
        1.0084533032315122,
        0.9910355547790404,
        0.694158263589925,
        0.3610906965539367,
        0.8293462581602398,
        0.3033629861778171,
        0.5287483815574138,
        0.5451217397465783,
        0.8696543099165842,
        0.3996762489927399,
        0.7109620232699461,
        0.16079642576071235,
        0.3783266863809955,
        0.627627492733498,
        0.841290593924765,
        0.883305671549193,
        0.542038041610516,
        0.41488341654970257,
        0.4717342289642048,
        0.7362521059726532,
        0.6935313300642343,
        0.05776385786334288,
        0.03022342219071255,
        0.43111930090371176,
        0.05338085962110033,
        0.563216362079403,
        0.42977450070164547,
        0.4739065460058154,
        0.5552735808795825,
        0.6853899240794956,
        0.6445671963441753,
        0.945682395289853
      ],
      [
        0.2601860382570926,
        0.560794758002674,
        0.31603194516814836,
        0.4651910175604074,
