{
  "sol": {
    "z": 2.977100344946083,
    "tours": [
      [
        0,
        24,
        4,
        26,
        29,
        17,
        18,
        19,
        30,
        9,
        21,
        12
      ],
      [
        28,
        14,
        7,
        5
      ],
      [
        1,
        23,
        25,
        10,
        2,
        27,
        22,
        20,
        31,
        11,
        15,
        16,
        13,
        8
      ],
      [
        3,
        6
      ]
    ]
  },
  "params": {
    "gm": [
      [
        0.0,
        0.332146709591863,
        0.8564471870895092,
        0.8996816106878365,
        0.017832798179995186,
        0.3672691105594186,
        0.7791255381846937,
        0.4382443100100317,
        0.8306549090487947,
        0.5685261734349455,
        0.7834675472734648,
        0.6795960999173019,
        0.3918517882374845,
        0.8450832657950587,
        0.3767637266056204,
        0.56355384454178,
        0.7184392227415922,
        0.42893578240959657,
        0.24918066329840327,
        0.4062516411737303,
        0.6393899258770858,
        0.5281556907070785,
        0.8317584167566412,
        0.5400277800250327,
        0.12737493111493892,
        0.7345990992597446,
        0.21344200992553602,
        0.9014012250823351,
        0.3782556804834827,
        0.2159379498517569,
        0.5436449743099544,
        0.6468587552854472,
        0.06135683250225462,
        0.16776104489972027,
        0.06117643692853004,
        0.11378501054108997,
        0.5261802064170064,
        0.4064458381327938,
        0.1366617317313193,
        0.6802270909157659,
        0.567321531579649,
        0.19141741521032973,
        0.2727953505587573,
        0.3090019817312776,
        0.6059644184501619,
        0.0555012700207395,
        0.2717403550632246,
        0.517550232730878,
        0.2729030086982835,
        0.5685402970691031,
        0.6097533363934587,
        0.5100803446163034,
        0.1637478077074791,
        0.2584820579863057,
        0.3653088305046275,
        0.3275973662610545,
        0.8085322006197639,
        0.6977745174642417,
        0.5666007465064101,
        0.9122483366588914,
        0.05096635938729877,
        0.5627540301860074,
        0.7032987737133449,
        0.5823701978889876,
        0.10715439381723067,
        0.21545659622385535,
        0.8630924727304161,
        0.8053321345019255,
        0.17195924678493318,
        0.8879339004322617,
        0.591059647077531,
        0.5016666191813468,
        0.8266245771377745,
        0.4993740843377514,
        0.9018897183519041,
        0.5335722670634553,
        0.555340334956172,
        0.7046022831557188,
        0.8629147657324562,
        0.6180908465723025
      ],
      [
        0.332146709591863,
        0.0,
        0.5651891436406502,
        0.6135319296845746,
        0.3384960382889006,
        0.6952551547371982,
        0.8283166714164059,
        0.7258984227817903,
        0.6105085645967512,
        0.6905051471107252,
        0.4928953315167873,
        0.44682099525617053,
        0.5830390392730072,
        0.6322705909711286,
        0.6991205842277022,
        0.33805637079964,
        0.505626547917662,
        0.6145865471680957,
        0.30795838756244376,
        0.4923356404931279,
        0.4042222711595601,
        0.6592362350741366,
        0.5395334358497609,
        0.27555055755455493,
        0.4595216407068019,
        0.4418132316054042,
        0.3338909780942828,
        0.6089493822923928,
        0.6772493871202148,
        0.4557854120373793,
        0.6372100985764496,
        0.4204654675975313,
        0.3935035420941176,
        0.2142132535706722,
        0.28794000444532886,
        0.3981622176741715,
        0.23339274559402004,
        0.7016346028188942,
        0.3281402395605681,
        0.4271160839651077,
        0.6725883216733968,
        0.5235641248021927,
        0.6049420601506204,
        0.6375484468213314,
        0.7275977049556654,
        0.3876479796126025,
        0.6038870646550876,
        0.2924350596121571,
        0.3829863390873209,
        0.5403704678155367,
        0.5185146282258134,
        0.6072357854554373,
        0.2956945143152216,
        0.5831388165166217,
        0.657140474053423,
        0.22052985514580625,
        0.596622732446025,
        0.406421393150932,
        0.2861757476960147,
        0.687272406643759,
        0.3255344898482992,
        0.35087855778486404,
        0.4657280971584573,
        0.34901515650742315,
        0.4198834167554269,
        0.5476033058157184,
        0.7443497368706835,
        0.5278352947033292,
        0.5041059563767962,
        0.6753967915410167,
        0.7068444778215531,
        0.6950995086083107,
        0.8915120958809244,
        0.5849425968820728,
        0.6210179219841053,
        0.6221985592737288,
        0.6690673148078248,
        0.5048493706517138,
        0.645195221430464,
        0.7769613336410388
      ],
      [
        0.8564471870895092,
        0.5651891436406502,
        0.0,
        0.6557638718465325,
        0.849288681363146,
        1.1199378631598749,
        0.8114621778626372,
        1.088511548243095,
        0.5139501244253707,
        0.9608886525164111,
        0.10975042534468045,
        0.5039382027694584,
        0.9456521647343117,
        0.3527354581018053,
        1.0391325840782022,
        0.32981364353227405,
        0.4793795011552717,
        0.7090123513289067,
        0.801650428682255,
        0.786592837756524,
        0.47070950115861515,
        0.6196922431755153,
        0.036004695489968166,
        0.32012757048108337,
        0.9751457724373835,
        0.1278273971188081,
        0.6611496969569922,
        0.05648670559352748,
        1.0122627701508693,
        0.8182387989581282,
        0.8159022970589,
        0.4520704226526447,
        0.9152681375356773,
        0.6942278724963132,
        0.7989967082107795,
        0.8163994692878499,
        0.33179639804663014,
        1.0642477282801988,
        0.7401260984532992,
        0.25609598654151366,
        0.6588580840480859,
        1.0306056101630303,
        1.0956797140363903,
        1.1290248606209803,
        0.6992637470380153,
        0.9117861594477191,
        0.9840949561812258,
        0.35508924055167795,
        0.7049682209174222,
        0.5176859950024779,
        0.4784591723857108,
        0.6128608372723031,
        0.7434321314695371,
        1.0698331649280162,
        0.9921538570840776,
        0.5555432381764608,
        0.4215723409414128,
        0.17146816889057565,
        0.2902380554638366,
        0.34525491976239536,
        0.808253557444774,
        0.37067369546117607,
        0.534070509427926,
        0.31848703831449904,
        0.9138272576227655,
        1.0678914775696806,
        0.7274952433169148,
        0.0955605045237882,
        1.0106320040285761,
        0.4534251057590109,
        0.9887074390030595,
        0.7450635572409463,
        0.8746576023271557,
        0.6007362602719488,
        0.14154236380632387,
        0.6168666499304536,
        0.9338415283973692,
        0.5234705114528769,
        0.5136092722187554,
        0.7525024385716104
      ],
      [
        0.8996816106878365,
        0.6135319296845746,
        0.6557638718465325,
        0.0,
        0.907941015357082,
        0.9060898518491969,
        0.21478474173183135,
        0.8383063604220167,
        0.21630697593236375,
        0.5637356280602263,
        0.6919211641202556,
        0.6823955232757162,
        0.7135420984526492,
        0.3705412395525775,
        0.822417124116148,
        0.38844767464480995,
        0.27473202280821624,
        0.965760176372576,
        0.7207154542172818,
        0.5325231336617438,
        0.6389321438013362,
        0.371525919980758,
        0.6917685673365007,
        0.464904022765167,
        0.926211455971485,
        0.6294108172881048,
        0.7524611210328762,
        0.6807789686450123,
        0.7924354289024217,
        0.9064515020785886,
        0.5810415210046769,
        0.6837363272733351,
        0.860954185137493,
        0.7842599903067753,
        0.8775983379069441,
        0.897561427540408,
        0.5236276421397041,
        0.8317530591977498,
        0.8159826942870319,
        0.6954162176080896,
        0.36281827855380067,
        0.8925955535363839,
        0.8852755472651678,
        0.9600192293239134,
        0.9917090152979836,
        0.844180340667097,
        0.7692584235905437,
        0.5771961981235412,
        0.7308411874016647,
        0.8111144216873746,
        0.7986182251890819,
        0.8707194155657877,
        0.775903184110107,
        0.931479105208332,
        0.7817496903128549,
        0.7020250973011753,
        0.30396090307177076,
        0.6135627505227946,
        0.4979289381977274,
        0.40719188105691273,
        0.8600726269361554,
        0.34828495613744676,
        0.7030905247773991,
        0.6380530396479651,
        0.9332023665142064,
        0.949749650908289,
        0.13081780718610894,
        0.6691975294246059,
        0.9127599520018036,
        0.29720204344591017,
        0.592458265687869,
        0.9937913830669607,
        0.2779801661963498,
        0.8494518424205436,
        0.581734333848059,
        0.885523513347168,
        0.5492644083779523,
        0.19507932753211768,
        0.23615840940618846,
        1.0404179858838085
      ],
      [
        0.017832798179995186,
        0.3384960382889006,
        0.849288681363146,
        0.907941015357082,
        0.0,
        0.35675911644829755,
        0.7612927400046985,
        0.45356680495305884,
        0.8319586462923708,
        0.5579057703499872,
        0.7779992367976872,
        0.675244834191058,
        0.4001111929067301,
        0.8463870030386348,
        0.3912638321478559,
        0.5530700423212042,
        0.7197429599851684,
        0.4384947616606644,
        0.23304285081991377,
        0.39095062976911354,
        0.635038660150842,
        0.536415095376324,
        0.8240986587725891,
        0.5318028728878339,
        0.14093887751247322,
        0.7282747689967269,
        0.21310190969865533,
        0.8936021840546792,
        0.3777780079278952,
        0.22768064474061378,
        0.5258162872272237,
        0.6425074895592034,
        0.0743472848270495,
        0.1575477301856267,
        0.050556033843571796,
        0.12632428668176768,
        0.5199097189857791,
        0.42427863631278895,
        0.1393405848218339,
        0.6772871824893495,
        0.5755809362488946,
        0.1913652848365065,
        0.2906281487387525,
        0.3068710660000014,
        0.614987993574135,
        0.06376067468998506,
        0.27999975973247015,
        0.5131989670046342,
        0.27300682746001437,
        0.568644115830834,
        0.6098571551551896,
        0.5166703140993902,
        0.14757057932075035,
        0.25452245671829316,
        0.3648311579490401,
        0.3157764058776502,
        0.8098359378633401,
        0.6920567504877514,
        0.5591682232393362,
        0.9135520739024675,
        0.052270096630874945,
        0.5640577674295836,
        0.6989475079871013,
        0.5792244900095039,
        0.0976363662551314,
        0.21980709377429392,
        0.8452596745504208,
        0.7966235168355641,
        0.17148157422934573,
        0.8892376376758379,
        0.5790214452712806,
        0.5122910040873886,
        0.8160041740528161,
        0.5119133604784291,
        0.8938004065394777,
        0.5403746696508114,
        0.5447199318712137,
        0.7128616878249644,
        0.8642185029760323,
        0.6283716064117617
      ],
      [
        0.3672691105594186,
        0.6952551547371982,
        1.1199378631598749,
        0.9060898518491969,
        0.35675911644829755,
        0.0,
        0.7306593163093638,
        0.0968076885047613,
        0.8476735872953057,
        0.3679356539883908,
        1.0673850414084116,
        0.9070415174470373,
        0.1992265954955154,
        0.9560016284150104,
        0.08416867422055718,
        0.7934876147664852,
        0.8295353468522126,
        0.7942112714279326,
        0.47430724720607875,
        0.3809450057859262,
        0.9055644791874122,
        0.5346564355273761,
        1.090869047014305,
        0.8015156995194225,
        0.3558312953580433,
        1.0098726278550878,
        0.5698610261469529,
        1.1584093127013453,
        0.11418378405318184,
        0.578614779624033,
        0.49493952851282563,
        0.8472531297230305,
        0.34894782700412286,
        0.5143068466339242,
        0.4073151502918694,
        0.47664301355657085,
        0.8149254306783185,
        0.08716515278350018,
        0.4960997012701315,
        1.004859439613056,
        0.5500806142209961,
        0.21032701690300273,
        0.09447376000066125,
        0.13091702793612295,
        0.9717471100224326,
        0.3308484659430306,
        0.24310619660003108,
        0.8377322363957299,
        0.6297659439083119,
        0.9254032322791315,
        0.9666162716034871,
        0.8734294305476877,
        0.45671943586507247,
        0.13031840240659354,
        0.12778400607579746,
        0.5643946249834142,
        0.9083440741312725,
        0.9819135470701552,
        0.8360721386253215,
        1.018188348219592,
        0.4090292130791725,
        0.8343476666953873,
        0.9427709878843784,
        0.9133088782226909,
        0.3187474032893652,
        0.24553718275287933,
        0.7959344554278408,
        1.0558925970815547,
        0.21996275669926427,
        0.938865884361018,
        0.34588099043714926,
        0.8651195015653154,
        0.6487720964175999,
        0.8622320873532323,
        1.1530694867854683,
        0.8971337860991089,
        0.3781803611631581,
        0.7110105243170792,
        0.8789147141527184,
        0.9819511033714208
      ],
      [
        0.7791255381846937,
        0.8283166714164059,
        0.8114621778626372,
        0.21478474173183135,
        0.7612927400046985,
        0.7306593163093638,
        0.0,
        0.6386066034488685,
        0.3390121623692747,
        0.3657438056488893,
        0.8704469473784532,
        0.8814874149397091,
        0.548183832781926,
        0.49996105054613815,
        0.6566723218113893,
        0.5662516949150848,
        0.4315891364427482,
        1.1589537379444543,
        0.7158164736682964,
        0.5304121976452731,
        0.8380240354653291,
        0.549288441777362,
        0.7761793053881726,
        0.6451955398731972,
        0.9022316175171717,
        0.8079366005463025,
        0.9309869042910738,
        0.8101987796385729,
        0.6444519832938296,
        0.9889733847453123,
        0.501767727928644,
        0.8769298888452133,
        0.8356400248317479,
        0.8344714518285301,
        0.8118487738482703,
        0.8876170266864661,
        0.7063023175109868,
        0.64362287535817,
        0.9006333248265324,
        0.8722878825045844,
        0.5405808003504047,
        0.8427382893828348,
        0.7496917282594769,
        0.8377435001091943,
        1.1849025768698618,
        0.8250534146946835,
        0.6682952659561859,
        0.7622397678027633,
        0.9093669706598624,
        1.003747281925595,
        0.987446409591659,
        1.0639129771376659,
        0.7581904153443578,
        0.796537217964321,
        0.6468078030688439,
        0.8823166144092055,
        0.4311302148568758,
        0.7913252723193986,
        0.6767873612911436,
        0.515210001241482,
        0.8135628366355734,
        0.5268107393956444,
        0.902182416441392,
        0.8189575502651274,
        0.8589291062598299,
        0.8968152237419468,
        0.0839669345457224,
        0.715901673338849,
        0.8401573867885382,
        0.39088651858627965,
        0.39523004816148105,
        1.186984944638839,
        0.08188721989176388,
        1.0426454039924218,
        0.7111424774466367,
        1.0787170749190462,
        0.35317146207336636,
        0.37284184932872166,
        0.34108348639322533,
        1.2336115474556868
      ],
      [
        0.4382443100100317,
        0.7258984227817903,
        1.088511548243095,
        0.8383063604220167,
        0.45356680495305884,
        0.0968076885047613,
        0.6386066034488685,
        0.0,
        0.7860227248196567,
        0.27616582531267425,
        1.061969165505942,
        0.8990078341162168,
        0.1428593835087832,
        0.9046992423798009,
        0.07569271380137985,
        0.7586979047108209,
        0.7794470758720204,
        0.8352874909015509,
        0.41794003521934653,
        0.3227056257867631,
        0.8975307958565917,
        0.48596795835071877,
        1.0696555060362658,
        0.7999885545179977,
        0.4237356991610115,
        1.0009425621009802,
        0.6035128881492724,
        1.139631654232276,
        0.10615010072236127,
        0.6243659384147532,
        0.4161680685511208,
        0.8392194463922099,
        0.41995701211355607,
        0.546669786706541,
        0.49942074693856175,
        0.5487084729453476,
        0.8024665795831748,
        0.04104506121313993,
        0.5227166384046269,
        0.9955613356637008,
        0.5070790145614046,
        0.28472496120706975,
        0.16544895945127444,
        0.22552243150203818,
        1.0079134115469504,
        0.40208638982497535,
        0.19630134678348513,
        0.825307062413033,
        0.6607052368456209,
        0.9563425252164406,
        0.9588827257918843,
        0.9375899129365637,
        0.5034148184534383,
        0.2121550013792772,
        0.12625686107437264,
        0.5628674799819894,
        0.8527878875770524,
        0.9754952271400867,
        0.8345449936238967,
        0.9632741893933857,
        0.4892106693973305,
        0.7995579566397228,
        0.9347373045535579,
        0.9008882628405737,
        0.38824506523222413,
        0.3286453751894575,
        0.7074885532359078,
        1.05436545208013,
        0.28946041864212324,
        0.8763680924766372,
        0.25196665544291375,
        0.9108723339921394,
        0.5603261942256669,
        0.9201486902154119,
        1.1158923366752824,
        0.9590728041503175,
        0.28907236452462926,
        0.6597856196945302,
        0.8154385441620646,
        1.0264851106411346
      ],
      [
        0.8306549090487947,
        0.6105085645967512,
        0.5139501244253707,
        0.21630697593236375,
        0.8319586462923708,
        0.8476735872953057,
        0.3390121623692747,
        0.7860227248196567,
        0.0,
        0.5694207356187143,
        0.5842261449771661,
        0.6420065145693097,
        0.6498006094041286,
        0.16152107141368713,
        0.7635181010444356,
        0.2960313638871196,
        0.11929150365872912,
        0.8619069261116145,
        0.6550111640015005,
        0.4668188434459624,
        0.5990425773447992,
        0.3246566983988771,
        0.495271936744297,
        0.3801861534497225,
        0.8793422343896041,
        0.5382760212772789,
        0.6695540639283487,
        0.47175880050612184,
        0.7363032173389547,
        0.8257625179006883,
        0.534172299422796,
        0.6291909899646178,
        0.8140849635556121,
        0.691843679549085,
        0.7988990578729652,
        0.8171773502657484,
        0.445000944432695,
        0.768054649850069,
        0.7355986170123724,
        0.6011852559920412,
        0.3257880563580082,
        0.8555653313405914,
        0.8314777080131462,
        0.9218687428057432,
        0.9370864558864903,
        0.7973111190852161,
        0.7035541333747624,
        0.5040083703922735,
        0.6504571101270051,
        0.7519000876087054,
        0.7294384385636948,
        0.814595157856881,
        0.7101988938943257,
        0.8776812659563105,
        0.7279518510608334,
        0.6173072279857308,
        0.0925582368725296,
        0.49771944864744866,
        0.40128223596988316,
        0.19088811237753162,
        0.7796885496614959,
        0.26790087886278724,
        0.6501237222621079,
        0.5454272975070252,
        0.8848142223984485,
        0.9127194287124966,
        0.255745609511011,
        0.45289376074522475,
        0.8757297298060112,
        0.09138162623968223,
        0.6029145337698744,
        0.9392460457582432,
        0.4029079685212519,
        0.7949065051118263,
        0.37240776061904685,
        0.8299832734444856,
        0.5971172634558797,
        0.16483990918601668,
        0.036654455635410414,
        0.9848989683328572
      ],
      [
        0.5685261734349455,
        0.6905051471107252,
        0.9608886525164111,
        0.5637356280602263,
        0.5579057703499872,
        0.3679356539883908,
        0.3657438056488893,
        0.27616582531267425,
        0.5694207356187143,
        0.0,
        0.9386715133176541,
        0.8441830088236639,
        0.20817422073034683,
        0.7123202461033862,
        0.30070478104899884,
        0.6367208154182908,
        0.5962329444059445,
        0.899762534156517,
        0.38317773897651136,
        0.2002337693771337,
        0.8007196293492841,
        0.34119640934089585,
        0.9248839570264429,
        0.7153068294952666,
        0.6227256832612929,
        0.8769866246400468,
        0.6185313607759394,
        0.994860105222453,
        0.2961617159703327,
        0.7218845323171674,
        0.17464415885966558,
        0.8590309788136659,
        0.5632984816377786,
        0.49939163002042486,
        0.5073497365064155,
        0.6319180605163957,
        0.7785103087442493,
        0.28220184887587596,
        0.596945463887634,
        0.9432789285924061,
        0.3768604893323637,
        0.4996423229039447,
        0.40104037723974567,
        0.4838420174010605,
        1.0672017661726003,
        0.5406326558577137,
        0.3243935708152286,
        0.8364037300156606,
        0.6605079795405006,
        0.9561452679113203,
        0.976168875233898,
        0.9381260378008469,
        0.4216234268536115,
        0.45025285809473375,
        0.3037118365899538,
        0.6112121747154093,
        0.6619789724912439,
        0.8682424164710919,
        0.7458374341309488,
        0.7603088479962459,
        0.5449442219093857,
        0.5958607634893888,
        0.8648780103253471,
        0.8663411293442673,
        0.5958460668997491,
        0.5537192572630567,
        0.43291782087411734,
        0.9811563303109049,
        0.49706142030964817,
        0.6608023618583966,
        0.033493798151160055,
        0.9802319853671001,
        0.28575546186387646,
        0.9657820170335856,
        0.9235133403988676,
        0.9626729173131359,
        0.02769652783716541,
        0.48218516974429376,
        0.6060751912541247,
        1.0872873234584295
      ],
      [
        0.7834675472734648,
        0.4928953315167873,
        0.10975042534468045,
        0.6919211641202556,
        0.7779992367976872,
        1.0673850414084116,
        0.8704469473784532,
        1.061969165505942,
        0.5842261449771661,
        0.9386715133176541,
        0.0,
        0.4056172381740304,
        0.9205615524045389,
        0.45013918596306957,
        0.993889075955402,
        0.3047230312025012,
        0.483842802740028,
        0.6040021520307997,
        0.7025982732998614,
        0.8350508269792847,
        0.37596770532899126,
        0.6740536132982989,
        0.11630394221869866,
        0.2677421968207676,
        0.8974661124105731,
        0.06251325744995966,
        0.5799242167433221,
        0.16594920838587748,
        0.9597099483994058,
        0.7370133187444581,
        0.7889052824275659,
        0.3508564933329367,
        0.8403509651869612,
        0.6272266385878721,
        0.7285403166852953,
        0.7334059094270083,
        0.25950258592276726,
        1.0209241042928021,
        0.6603229926700993,
        0.14725476709003527,
        0.6653459718713416,
        0.9643034668840166,
        1.0431268922849268,
        1.0697303040488242,
        0.5895365793533295,
        0.8389571937337043,
        0.8975882056522131,
        0.2685824900226652,
        0.639949223755034,
        0.4089502670211308,
        0.36935659100432855,
        0.5049341577320027,
        0.684759278563016,
        1.011160312021495,
        0.9396010353326141,
        0.5029904164249974,
        0.4916679081046364,
        0.08650669632971737,
        0.23152298701480586,
        0.4188599393852328,
        0.7338310744040627,
        0.3436362079828088,
        0.43767170090709523,
        0.21943488293210545,
        0.8496645695123717,
        0.9977876079925292,
        0.7899744633724864,
        0.1580397245793598,
        0.9441633491820323,
        0.5374368089782927,
        0.9683097761459954,
        0.6372113308165265,
        0.9371368223827273,
        0.493830006540349,
        0.23894609166758815,
        0.508175535847514,
        0.9120837271131407,
        0.4976070208496586,
        0.5873108566826681,
        0.6427683535134008
      ],
      [
        0.6795960999173019,
        0.44682099525617053,
        0.5039382027694584,
        0.6823955232757162,
        0.675244834191058,
        0.9070415174470373,
        0.8814874149397091,
        0.8990078341162168,
        0.6420065145693097,
        0.8441830088236639,
        0.4056172381740304,
        0.0,
        0.8466851049797209,
        0.6552179811595511,
        0.8281814769929884,
        0.3505471448001467,
        0.5285739381060846,
        0.3418122368232478,
        0.6588093795558114,
        0.6698871940637768,
        0.043463379474379914,
        0.5029865994827681,
        0.49151682573643607,
        0.27235446271968083,
        0.7780527095814608,
        0.3769889844431282,
        0.4734785011381602,
        0.5583706038752092,
        0.7928577333938555,
        0.521286654671874,
        0.712502200506687,
        0.05978838772400683,
        0.735273718561362,
        0.5300796280686171,
        0.6267604904757279,
        0.6110929766678768,
        0.2134282496621505,
        0.858133126177211,
        0.5540180848509784,
        0.27180844418043315,
        0.5421524403553387,
        0.8642019520927966,
        0.8985932219693888,
        0.9647147498724191,
        0.3391608895644971,
        0.7349351835911428,
        0.7910515828159717,
        0.16204586718642383,
        0.44314702138503703,
        0.14750973301421738,
        0.15562380835128456,
        0.24595163799208636,
        0.5791220207209761,
        0.905523054179455,
        0.8129666464606472,
        0.38953327285917827,
        0.6200190043453382,
        0.33263973117665113,
        0.26826212239022845,
        0.6693587813379727,
        0.6293708305876093,
        0.37424083391158164,
        0.03584373323871986,
        0.18634036932303588,
        0.752327702637251,
        0.8948079177203916,
        0.8073748647715262,
        0.49131039160374423,
        0.8440427958585279,
        0.6983485955352751,
        0.8720017953103123,
        0.3698434435176324,
        0.9545372237817671,
        0.22550390287121536,
        0.5879488914646922,
        0.24673500750461302,
        0.8171358847046221,
        0.5086455656109874,
        0.6743690424144139,
        0.39127678257187537
      ],
      [
        0.3918517882374845,
        0.5830390392730072,
        0.9456521647343117,
        0.7135420984526492,
        0.4001111929067301,
        0.1992265954955154,
        0.548183832781926,
        0.1428593835087832,
        0.6498006094041286,
        0.20817422073034683,
        0.9205615524045389,
        0.8466851049797209,
        0.0,
        0.7636751675859459,
        0.11608154495469503,
        0.6158385212020376,
        0.6379513850814533,
        0.7971577868689779,
        0.27508065171056334,
        0.18325184370729916,
        0.8032217255053411,
        0.3436985054969528,
        0.9273860531824999,
        0.7003295559168848,
        0.4184435456203241,
        0.858083178592197,
        0.5160475640491176,
        0.9973622013785101,
        0.096895407810674,
        0.5853723992950064,
        0.3006212933147124,
        0.8299647534805226,
        0.35901634399680993,
        0.40381040319775785,
        0.4505042713752441,
        0.48501136700221603,
        0.7650671837673126,
        0.1185955635458872,
        0.5163599383443247,
        0.8564890314171705,
        0.36422946658036703,
        0.29481343007459776,
        0.20152574511691423,
        0.2904327631137698,
        0.9598021110752485,
        0.336350518216745,
        0.12011143317425993,
        0.7491171488038078,
        0.5531083244431487,
        0.8487456128139683,
        0.8899586521383239,
        0.8307263827034951,
        0.3605554349446551,
        0.24857052202532676,
        0.09888294376060684,
        0.5354935626682236,
        0.7133078155620088,
        0.8477700894344777,
        0.7270481396075829,
        0.8236164720192691,
        0.44203713592769744,
        0.6566985731309396,
        0.867380106481404,
        0.7582440420783192,
        0.39101717407040204,
        0.34889036443370974,
        0.613458971900403,
        0.9661790567325232,
        0.29223252748030115,
        0.7407898321282985,
        0.20017540987764856,
        0.8714518939813505,
        0.4662966128901621,
        0.8583823619362337,
        0.9748682618814273,
        0.855273262215784,
        0.2075455108264173,
        0.5184627709205315,
        0.68050832837659,
        0.9848035267316078
      ],
      [
        0.8450832657950587,
        0.6322705909711286,
        0.3527354581018053,
        0.3705412395525775,
        0.8463870030386348,
        0.9560016284150104,
        0.49996105054613815,
        0.9046992423798009,
        0.16152107141368713,
        0.7123202461033862,
        0.45013918596306957,
        0.6552179811595511,
        0.7636751675859459,
        0.0,
        0.87245713685719,
        0.30576381459099333,
        0.1266440430534665,
        0.8692594655063519,
        0.7702554163214552,
        0.5820630957659171,
        0.6119181547635439,
        0.42136114490375676,
        0.3340572704207315,
        0.3890596085451324,
        0.9632107315303771,
        0.437690586208323,
        0.6769066033230862,
        0.31023772909243474,
        0.842171460322026,
        0.8331150572954258,
        0.6308767459276756,
        0.6392590330880314,
        0.9011316419383251,
        0.7015761302529586,
        0.808631508576839,
        0.8316057070120124,
        0.45374273486767447,
        0.881940299137789,
        0.7500269737586364,
        0.5847305546767141,
        0.4083445198330988,
        0.9381217948156819,
        0.9345793697692749,
        1.0055454706032114,
        0.94720314474386,
        0.8940155655900958,
        0.818798385694717,
        0.512782025243601,
        0.6608033787513468,
        0.7606943130437183,
        0.7374492667626267,
        0.8242543983871429,
        0.7846313511685223,
        0.9807829277124391,
        0.831053512816962,
        0.6261806830811407,
        0.06896938402616419,
        0.47413059580108324,
        0.40885341710803585,
        0.07407210131198963,
        0.7941169064077599,
        0.2823292356090512,
        0.6645520790083719,
        0.5527957347528567,
        0.9243259323412246,
        0.995275892187587,
        0.41631008390075175,
        0.30836998399939497,
        0.9582861932811017,
        0.13342261000426156,
        0.7445423049365328,
        0.9493140888816569,
        0.5634724429109926,
        0.80497454823524,
        0.2111930942954814,
        0.8406957662171428,
        0.6846237182662208,
        0.2452783471771007,
        0.16184130921386877,
        0.9956990565448653
      ],
      [
        0.3767637266056204,
        0.6991205842277022,
        1.0391325840782022,
        0.822417124116148,
        0.3912638321478559,
        0.08416867422055718,
        0.6566723218113893,
        0.07569271380137985,
        0.7635181010444356,
        0.30070478104899884,
        0.993889075955402,
        0.8281814769929884,
        0.11608154495469503,
        0.87245713685719,
        0.0,
        0.709318940545928,
        0.7460846337444775,
        0.7707421144673671,
        0.39116219666525837,
        0.2968349866462813,
        0.8267044387333633,
        0.4511049770531646,
        1.0173730815612956,
        0.728019734066413,
        0.35170710870019783,
        0.9363766624020782,
        0.5902057365311565,
        1.0849133472483357,
        0.03532374359913293,
        0.5535395812915248,
        0.4150230559899464,
        0.7683930892689815,
        0.35627564581415894,
        0.5198919481524529,
        0.43740935949339976,
        0.4872278895409363,
        0.741429465225309,
        0.03537946513890047,
        0.5134254583369398,
        0.9313634741600465,
        0.4674733886350721,
        0.21760825334736864,
        0.10396837604686313,
        0.18316266293850872,
        0.9483856559113055,
        0.34060580642056404,
        0.19132050895543137,
        0.7642362709427204,
        0.649666735303904,
        0.8957975169664609,
        0.8880563686686559,
        0.8667635558133353,
        0.4766369798993501,
        0.15369982270146318,
        0.05428804062278789,
        0.4908986595304046,
        0.8243587139617364,
        0.9084175816171456,
        0.762576173172312,
        0.9342816819158527,
        0.4277300859929192,
        0.7501789924748301,
        0.8639109474303295,
        0.8398129127696814,
        0.3185669045086111,
        0.26632271291479703,
        0.7219474609298664,
        0.9823966316285451,
        0.21978225791851017,
        0.8547225023812786,
        0.2831105954941165,
        0.840045976868911,
        0.5747851019196255,
        0.8493223330921835,
        1.0795735213324587,
        0.8882464470270891,
        0.30718916678254454,
        0.6273377965840303,
        0.7948168607659046,
        0.956901013187152
      ],
      [
        0.56355384454178,
        0.33805637079964,
        0.32981364353227405,
        0.38844767464480995,
        0.5530700423212042,
        0.7934876147664852,
        0.5662516949150848,
        0.7586979047108209,
        0.2960313638871196,
        0.6367208154182908,
        0.3047230312025012,
        0.3505471448001467,
        0.6158385212020376,
        0.30576381459099333,
        0.709318940545928,
        0.0,
        0.1791197715375268,
        0.6155787604932776,
        0.5245420671491599,
        0.531100674050229,
        0.30711815800078196,
        0.37010346036924324,
        0.3576818621117999,
        0.08449103471484716,
        0.6892734225180303,
        0.24224465739015932,
        0.4024666802353684,
        0.3863003491258015,
        0.7127339290127116,
        0.5532189150195583,
        0.48608865352662595,
        0.33355491139403665,
        0.6247343792058869,
        0.39581231566196534,
        0.5028676939858456,
        0.5518747669390713,
        0.14922866256527506,
        0.7344340847479248,
        0.4703931280280477,
        0.30699847614935244,
        0.3613958189422859,
        0.7330898184352379,
        0.8132873165927912,
        0.8386278522866838,
        0.6415246656226666,
        0.6168299112441541,
        0.7359499543762975,
        0.20811946527951142,
        0.3751545773851482,
        0.4559051220671484,
        0.43426940346711834,
        0.5185637939697614,
        0.478867536577529,
        0.7980702475849386,
        0.7147214649626444,
        0.3216121092508555,
        0.2740792656428741,
        0.23193156823244016,
        0.11120961840554522,
        0.37292888545482594,
        0.5205063147716885,
        0.04086005192890202,
        0.37127653897684487,
        0.2557036315375438,
        0.6185621177502313,
        0.7696232010747792,
        0.49654360121424634,
        0.3503405355304855,
        0.7129879473250982,
        0.3488944289667173,
        0.6655336200920887,
        0.6436099671876622,
        0.6437059602244872,
        0.4992704265412452,
        0.4464985902510393,
        0.5349321169806535,
        0.6093075710592339,
        0.19365686792060288,
        0.3263340057687486,
        0.6899353930437071
      ],
      [
        0.7184392227415922,
        0.505626547917662,
        0.4793795011552717,
        0.27473202280821624,
        0.7197429599851684,
        0.8295353468522126,
        0.4315891364427482,
        0.7794470758720204,
        0.11929150365872912,
        0.5962329444059445,
        0.483842802740028,
        0.5285739381060846,
        0.6379513850814533,
        0.1266440430534665,
        0.7460846337444775,
        0.1791197715375268,
        0.0,
        0.7426154224528854,
        0.6453511120773829,
        0.4571587915218449,
        0.4852741117100775,
        0.29499943034573073,
        0.460701313474198,
        0.2624155654916659,
        0.8365666884769106,
        0.4213644289276861,
        0.5502625602696196,
        0.43688177214590124,
        0.7156427955203298,
        0.7064710142419592,
        0.5045150313696496,
        0.5126149900345649,
        0.7744875988848586,
        0.5749320871994922,
        0.6819874655233724,
        0.704961663958546,
        0.327098691814208,
        0.7560261420174562,
        0.6233829307051699,
        0.4821123940767274,
        0.28180173612478515,
        0.8115790111073684,
        0.8079632127920781,
        0.8790026868948979,
        0.8205591016903935,
        0.7676538510320697,
        0.6938940814506449,
        0.38613798219013445,
        0.5341593356978803,
        0.6340502699902517,
        0.6108052237091601,
        0.6976103553336764,
        0.6579873081150559,
        0.8541667707352423,
        0.7044373558397652,
        0.4995366400276742,
        0.09495949410534726,
        0.411051339769967,
        0.28220937405456936,
        0.19380911391729916,
        0.6674728633542935,
        0.15568519255558474,
        0.5379080359549053,
        0.42615169169939027,
        0.7976818892877582,
        0.8687331084792735,
        0.35253018924394275,
        0.43501402705286146,
        0.8317434095727881,
        0.1697746574291905,
        0.6284258723271732,
        0.8226700458281904,
        0.49969254825418363,
        0.6783305051817734,
        0.3378371373489479,
        0.7140517231636764,
        0.5687527993682328,
        0.1197149854548948,
        0.14748057125483058,
        0.8690550134913989
      ],
      [
        0.42893578240959657,
        0.6145865471680957,
        0.7090123513289067,
        0.965760176372576,
        0.4384947616606644,
        0.7942112714279326,
        1.1589537379444543,
        0.8352874909015509,
        0.8619069261116145,
        0.899762534156517,
        0.6040021520307997,
        0.3418122368232478,
        0.7971577868689779,
        0.8692594655063519,
        0.7707421144673671,
        0.6155787604932776,
        0.7426154224528854,
        0.0,
        0.5220771351584146,
        0.7100732023878681,
        0.3403351985636227,
        0.7998584185720109,
        0.7010386483036837,
        0.5326770681437726,
        0.47137402418512586,
        0.5856080862357153,
        0.2817297860130124,
        0.7649324149629296,
        0.7354183708682341,
        0.2172025331758423,
        0.845080966591837,
        0.28202384909924094,
        0.4509702274447374,
        0.4003732935974235,
        0.41732111531231325,
        0.3175682578713617,
        0.46785818524008527,
        0.794242429688411,
        0.312570852496924,
        0.4589353805637747,
        0.8390242594445815,
        0.6040146063478267,
        0.7007093756866765,
        0.7236350592472927,
