{
  "sol": {
    "z": 1.7783143265986527,
    "tours": [
      [
        0,
        14,
        20,
        29,
        27,
        28,
        6,
        5,
        18
      ],
      [
        1,
        22,
        21
      ],
      [
        2,
        23,
        30,
        11,
        25,
        10,
        13,
        9,
        16,
        4
      ],
      [
        24,
        15
      ],
      [
        3,
        19,
        8,
        7,
        17
      ],
      [
        12,
        31
      ],
      [
        26
      ]
    ]
  },
  "params": {
    "gm": [
      [
        0.0,
        0.4615197539031925,
        0.5466187322591256,
        0.8550771372668886,
        0.48587909802276286,
        0.31514702678129486,
        0.19436891855457633,
        0.7726144889664472,
        0.7861329155365065,
        0.8386412607008566,
        0.8033308427445005,
        0.7838421055180038,
        0.6222666598167069,
        0.7664106382797713,
        0.07705262878832571,
        0.5925767051067609,
        0.6171594530686849,
        0.6051682743358764,
        0.33213322185832234,
        0.8972319809803367,
        0.13126440050747248,
        0.6793351427829396,
        0.5131474520220928,
        0.688253511614886,
        0.3053275963458778,
        0.8011145777355502,
        1.0093756770788003,
        0.2740495486336877,
        0.4009938806394716,
        0.25701861633519085,
        0.6937175330286361,
        0.592799751045052,
        0.5598126756473155,
        0.6521494852472046,
        0.5636115888569848,
        0.7921968920214295,
        0.4520684712803954,
        0.4061242144011119,
        0.36124431541351437,
        0.6767579283806946,
        0.702276272805491,
        0.41139915220553147,
        0.37359440481911554,
        0.15215650612230727,
        0.6795471605485689,
        0.5224525504415385,
        0.25147091756465423,
        0.815291665585972,
        0.16675340715541787,
        0.24107370531791988,
        0.8329996248873968,
        0.32588003097537305,
        0.7407330971324323,
        0.6698181565338239,
        0.4034273764664438,
        0.38655278272762106,
        0.5225400828558545,
        0.5145681246246274,
        0.6370209841527906,
        0.773621591672445,
        0.5694915493734524,
        0.33261930750463975,
        0.14344848582922282,
        0.9149091895622159,
        0.721133438445221,
        0.3170086657688244,
        0.12718764317749895,
        0.6906166108318009,
        0.6908128696092508,
        0.8896916964857703,
        0.7302980313226362,
        0.2745083158909607,
        0.3558145154487221,
        0.49143500217772007,
        0.7137005535783156,
        0.8461615013606048,
        0.42089586295509623,
        0.5230931747395919,
        0.7581680083598488,
        0.7463168776597232
      ],
      [
        0.4615197539031925,
        0.0,
        0.37863943117626303,
        0.580561662310094,
        0.24554464239798582,
        0.5835864161634156,
        0.585911368326539,
        0.4869445567665297,
        0.6251591014442333,
        0.3771215067976642,
        0.34181108884130795,
        0.4385953802964714,
        0.8558672478179217,
        0.30489088437657874,
        0.5385723826915182,
        0.4070626794310974,
        0.2899273654705394,
        0.39188436618617106,
        0.4951647646118789,
        0.6102672887764349,
        0.5579954826835543,
        0.21781538887974713,
        0.05162769811890032,
        0.4374734457110081,
        0.3141920285804328,
        0.3395948238323577,
        0.566768064248033,
        0.5257915739692444,
        0.5401129388822026,
        0.6067138537996346,
        0.5034469031770192,
        0.8031982677106799,
        0.7706204709485724,
        0.8219976380027244,
        0.10209183495379229,
        0.5991090296102636,
        0.3328967395834386,
        0.21251711051598748,
        0.41903597146760097,
        0.48149258989903043,
        0.558232337783782,
        0.27800029961755957,
        0.4549832343820553,
        0.4829291011459936,
        0.3748322730974121,
        0.3321017753422901,
        0.49067403222848666,
        0.513624643567645,
        0.6282731610586103,
        0.6499462519616592,
        0.3714798709842043,
        0.4538652283847999,
        0.2914101019327703,
        0.20829840263063137,
        0.5348838121107276,
        0.25823108508455045,
        0.3290937889394221,
        0.7475527052966071,
        0.28505565370516783,
        0.31210183776925254,
        0.2789818787518189,
        0.355359940742855,
        0.5445307624182719,
        0.6210921000114678,
        0.2596136845420285,
        0.4286811260451751,
        0.4914536817396004,
        0.39679952128105284,
        0.22929311570605834,
        0.5978249294378487,
        0.5886255029307742,
        0.6144760067699606,
        0.6178491938665811,
        0.7021853942461268,
        0.2521807996751232,
        0.5533216703828723,
        0.681726753620176,
        0.7652327359764977,
        0.29664825445665627,
        0.9666095534092612
      ],
      [
        0.5466187322591256,
        0.37863943117626303,
        0.0,
        0.8399444083088917,
        0.28801159932083764,
        0.542266335264945,
        0.5362358430693095,
        0.8654219234588867,
        0.9995101989204136,
        0.3555422977056505,
        0.3489350642480686,
        0.2372233732588782,
        1.0117706131325512,
        0.4605529854435437,
        0.6236713610474514,
        0.04595797284763524,
        0.11418773568667169,
        0.7662354636623514,
        0.44647672453375603,
        0.8927567682656007,
        0.6778831327665981,
        0.5890237849937568,
        0.4259787955950807,
        0.14163477935576038,
        0.45787152649327223,
        0.33520353920363866,
        0.8952019598408548,
        0.6880954641850795,
        0.6904975778049838,
        0.7571252246404612,
        0.14709880076951054,
        0.9535829066334611,
        0.92569513562738,
        1.0204253742701406,
        0.4807312661300553,
        0.9777484607865267,
        0.4955132255884591,
        0.37513359652100803,
        0.3768478232817348,
        0.13013919612156893,
        0.9325834352599625,
        0.3644385013673975,
        0.6139966002822453,
        0.6287185174248092,
        0.7534699897980118,
        0.7064528728184705,
        0.6529253184377624,
        0.2686729333268464,
        0.7133721394145435,
        0.6147991054307089,
        0.3333698255316106,
        0.4162709821661982,
        0.6623445671115338,
        0.49671712892480785,
        0.6862251826230409,
        0.4163000066403633,
        0.7034448864156025,
        0.905792817538689,
        0.09358377747109521,
        0.527319540669853,
        0.6533329762279994,
        0.44794544573496264,
        0.5946776606869596,
        0.9895441238392396,
        0.4152757856089935,
        0.5787866425060798,
        0.6360114796616512,
        0.775437483916806,
        0.5048588000118643,
        0.9024267495687648,
        0.9629766004069547,
        0.7677356820520163,
        0.7804653799493212,
        0.8572600589249344,
        0.6308202308513863,
        0.9004334965449285,
        0.8440513761542298,
        0.9245985610366136,
        0.6250821500494781,
        1.1196111026319402
      ],
      [
        0.8550771372668886,
        0.580561662310094,
        0.8399444083088917,
        0.0,
        0.775537386197219,
        1.0994303820622062,
        0.9664178474362931,
        0.09383395351533022,
        0.17662404645590032,
        0.7926156178028995,
        0.783096870647103,
        0.894706577640998,
        0.6597785042561912,
        0.7409999811602541,
        0.9197677182168361,
        0.885902381156527,
        0.8704659919470146,
        0.2502872413659903,
        1.01115454917255,
        0.05281235995670892,
        0.8703230200388227,
        0.39184984847022963,
        0.5337474862252257,
        0.9815791876646521,
        0.7069195309887145,
        0.7915274137113951,
        0.2615257955341253,
        0.6676668803623437,
        0.5037871497730749,
        0.7961916218965184,
        0.98393235436452,
        0.5815774398051232,
        0.5756810230974676,
        0.5347543834895048,
        0.6048905393299029,
        0.14471118238424993,
        0.77489471206427,
        0.7286625460380269,
        0.9516332217106939,
        0.9700836044304606,
        0.21168027856988528,
        0.8121184208993921,
        0.4861964221719591,
        0.7583495645157696,
        0.2070391576953344,
        0.33512988484240824,
        0.6611758225312822,
        0.9734731821043779,
        0.9622181006908965,
        1.073549721557704,
        0.8036507726831786,
        0.984512215416251,
        0.46111558938448843,
        0.6365853528147516,
        0.4949873440071738,
        0.6838930158138411,
        0.39071128033937425,
        0.6384699996740555,
        0.8656173160152618,
        0.6288288918296071,
        0.3471200795314327,
        0.7882115340920759,
        0.9773823557674928,
        0.19076505943311692,
        0.7307839089894693,
        0.5451025890555635,
        0.7888244666513565,
        0.1859057280175981,
        0.622196220348527,
        0.0624823412598731,
        0.207324807698651,
        0.7930293591240816,
        0.7460032715674128,
        0.6441160997999132,
        0.44682929384599157,
        0.060489088236036825,
        0.7356946976471032,
        0.6589034015929849,
        0.531157282034094,
        0.6614834084622584
      ],
      [
        0.48587909802276286,
        0.24554464239798582,
        0.28801159932083764,
        0.775537386197219,
        0.0,
        0.33805702301535157,
        0.34297123237241284,
        0.6817034326818888,
        0.7915259086105589,
        0.5981759529502717,
        0.5628655349939155,
        0.5252349725797159,
        0.7650539089519987,
        0.5259453305291862,
        0.4155606218815262,
        0.2853634203265971,
        0.20488972054264593,
        0.6175333458708243,
        0.25059402520671126,
        0.8072969890318251,
        0.4243732398806417,
        0.4495211835107897,
        0.2939003206732543,
        0.3682409068150963,
        0.18055150167688497,
        0.5606492699849652,
        0.8075863605830346,
        0.4196321150746668,
        0.45879043422168964,
        0.4730179814749002,
        0.4316172156834267,
        0.7153981907239072,
        0.6818243548844697,
        0.7765545935272303,
        0.3231462811063998,
        0.7959061249053109,
        0.24778853186276645,
        0.13446016396304533,
        0.1760958355134748,
        0.411375237188322,
        0.7073852249539033,
        0.07785061518030609,
        0.3767674341509548,
        0.3444578722664804,
        0.620376915495398,
        0.5456446541762601,
        0.385012605479988,
        0.5565272384494068,
        0.4940326388216326,
        0.40852580110920705,
        0.5925343171368118,
        0.20897482921903204,
        0.5232885559838276,
        0.42935312542655135,
        0.45431868480161325,
        0.17915913635672737,
        0.534658897466314,
        0.6551101256006202,
        0.21894857333332593,
        0.5310069141352576,
        0.5212545013061729,
        0.15999394316521223,
        0.34916476484062914,
        0.8623511976016967,
        0.480668130694636,
        0.34710498321020467,
        0.3586914548452639,
        0.6423441636790387,
        0.44252524109077185,
        0.798841527190548,
        0.7365768777682342,
        0.4850105249617236,
        0.5142567147724433,
        0.613389278182024,
        0.4977249760275705,
        0.7562778739899414,
        0.5808451591908321,
        0.6710825673294724,
        0.5374665507916578,
        0.8778134373451585
      ],
      [
        0.31514702678129486,
        0.5835864161634156,
        0.542266335264945,
        1.0994303820622062,
        0.33805702301535157,
        0.0,
        0.13301253462591311,
        1.005596428546876,
        1.0703795042459419,
        0.8272327283704157,
        0.8291841884562325,
        0.7748817334112891,
        0.8703459135583779,
        0.8599569094837209,
        0.23809439799296916,
        0.5631347458915891,
        0.42817180912805625,
        0.8573407306887677,
        0.09647342288220806,
        1.131189984896812,
        0.3433043549823066,
        0.7875782065261412,
        0.6314290363093212,
        0.5381024618041675,
        0.44331394357701925,
        0.8310009522129664,
        1.1438724108936198,
        0.5364427210911586,
        0.683061433667846,
        0.48993791849579454,
        0.6497824248509279,
        0.8474647533533678,
        0.8165190275593293,
        0.9130159293045219,
        0.6571578600609346,
        1.0790452318157189,
        0.5613426775208071,
        0.4414403395138252,
        0.1721864577619927,
        0.6259366091308967,
        0.9862364027565088,
        0.3424703740299231,
        0.6683923727573562,
        0.4122320333545135,
        0.9568442391136427,
        0.8151806116630123,
        0.5182678839036563,
        0.7864707759627063,
        0.3017073705264654,
        0.10445771264188351,
        0.7987154265088833,
        0.13310830447383834,
        0.8613455789991791,
        0.7633647043810862,
        0.6881731890444238,
        0.4760638464619388,
        0.787051672160024,
        0.7648866366749606,
        0.4488341405412847,
        0.8690639371506091,
        0.8094792053784134,
        0.3608727376321055,
        0.17170191595668854,
        1.168261214437048,
        0.8146797096491707,
        0.6144352039414956,
        0.3819231498507172,
        0.9580752085965076,
        0.7805822641061234,
        1.1227345230555352,
        1.0178981063007786,
        0.5093407222398016,
        0.6060657753493196,
        0.7504055689401838,
        0.8357643098248733,
        1.0801708698549286,
        0.6688643131577021,
        0.7716325379197658,
        0.8737526011022431,
        0.9956108106484856
      ],
      [
        0.19436891855457633,
        0.585911368326539,
        0.5362358430693095,
        0.9664178474362931,
        0.34297123237241284,
        0.13301253462591311,
        0.0,
        0.8725838939209629,
        0.9591032836163735,
        0.8307466158869284,
        0.8326980759727453,
        0.7706778477911432,
        0.7493235082675027,
        0.8091953971707219,
        0.11731628976625061,
        0.5609434814234519,
        0.42279053451410853,
        0.7855369320191526,
        0.13806673186272356,
        0.9981774502708992,
        0.22075785782972576,
        0.7924908549222426,
        0.6354950777334811,
        0.5615391223975995,
        0.33005384523798076,
        0.840399173047486,
        1.1414846342010772,
        0.42174711440894264,
        0.5662085773038679,
        0.3639719240142488,
        0.658412983803613,
        0.7319983422691911,
        0.7004148917112771,
        0.7960367493083749,
        0.6540444493287243,
        0.9671777983680074,
        0.502572174327661,
        0.39894718784947336,
        0.16687539685893804,
        0.6353348299654162,
        0.8759207736374827,
        0.3343398536291807,
        0.5519110073732224,
        0.2985796529401813,
        0.8441531054417449,
        0.7019205133239738,
        0.4050077855646179,
        0.7930869351460041,
        0.20312741906781542,
        0.10713187412141069,
        0.802229314025396,
        0.13662219199035108,
        0.831567148442735,
        0.7602512936488759,
        0.5702065923107154,
        0.4118375350175739,
        0.6662735639333055,
        0.648427292982777,
        0.44265206559821424,
        0.8673033862044455,
        0.6962191070393751,
        0.24761263929306698,
        0.05844181761765008,
        1.0532316588407709,
        0.8115662989169605,
        0.4936570957147771,
        0.26696753237873255,
        0.8614415852821323,
        0.7820031249356607,
        0.9897219884296221,
        0.9028175604472726,
        0.3828644995661507,
        0.49072715642000286,
        0.6330576620284967,
        0.8373541049796892,
        0.9471583352290155,
        0.5510909396457637,
        0.653504322649184,
        0.8713648244097003,
        0.8753216683398904
      ],
      [
        0.7726144889664472,
        0.4869445567665297,
        0.8654219234588867,
        0.09383395351533022,
        0.6817034326818888,
        1.005596428546876,
        0.8725838939209629,
        0.0,
        0.1976960598158412,
        0.7362398728636438,
        0.7152873709206912,
        0.8244538710135854,
        0.6391362900702546,
        0.6472335995179822,
        0.8395192254177168,
        0.893845171713721,
        0.776803572296557,
        0.16924261519213232,
        0.930109922998692,
        0.1255935563499363,
        0.7959338851014665,
        0.2980834668279577,
        0.43991353270989547,
        0.8927994143909685,
        0.6220587316419312,
        0.7204841732140242,
        0.27511425243639226,
        0.6014279819943842,
        0.441006424229319,
        0.7320500519147339,
        0.9128891138671491,
        0.557724446726998,
        0.557044723900049,
        0.5211239464581812,
        0.511124157687631,
        0.16795132400416193,
        0.698576138338706,
        0.6523439723124629,
        0.8577992681953637,
        0.9255485162960939,
        0.19287614969746,
        0.7281302875015848,
        0.40987784844639513,
        0.6839487575810429,
        0.11327277605306248,
        0.2501920635559382,
        0.5914254304563096,
        0.9017403974586106,
        0.887028984183983,
        0.9797157680423736,
        0.7417947061905137,
        0.8906782619009208,
        0.37185083930099566,
        0.558978224683801,
        0.4311819651272483,
        0.6075744420882772,
        0.30141066214718887,
        0.6265142125999439,
        0.7718381459877914,
        0.589896636181659,
        0.25598291204802964,
        0.704499937586845,
        0.8936707592622619,
        0.18064776491980786,
        0.6486794195671607,
        0.4687218555286779,
        0.7135185717440455,
        0.0924491620181885,
        0.5568484470397961,
        0.11713809450865924,
        0.20293691093393934,
        0.7227337806577856,
        0.663307548541435,
        0.6254798006024946,
        0.41765671085326234,
        0.07457444130805259,
        0.713141301674463,
        0.6414885893253068,
        0.5016827479427304,
        0.6586937636062672
      ],
      [
        0.7861329155365065,
        0.6251591014442333,
        0.9995101989204136,
        0.17662404645590032,
        0.7915259086105589,
        1.0703795042459419,
        0.9591032836163735,
        0.1976960598158412,
        0.0,
        0.8831279456023851,
        0.8660647259173688,
        0.9745649614059977,
        0.49144628631280296,
        0.7930213996633673,
        0.8417869938501229,
        1.0087479420386232,
        0.8939014589773747,
        0.2349986836740169,
        0.977836431736081,
        0.2260799343426339,
        0.7815400307079294,
        0.44755753924382147,
        0.5735314033253329,
        1.026417285006406,
        0.6553582981289695,
        0.8707934532158589,
        0.4161846551525028,
        0.6213811086199116,
        0.515824188996809,
        0.6876469168493334,
        1.0631983938689837,
        0.41673977368968934,
        0.4156393459988159,
        0.3636415378019532,
        0.6537100789386768,
        0.032248055909122185,
        0.7034567643519151,
        0.6572245983256719,
        0.9155091679092627,
        1.0758577962979285,
        0.08414310148943317,
        0.7279091302160189,
        0.4147584744596041,
        0.66948418452657,
        0.26455012429704666,
        0.31162106519313093,
        0.6028108893163829,
        1.0513217990676185,
        0.8733974548731329,
        1.0058080703797172,
        0.8903779415775099,
        0.9372711997721036,
        0.44582703169251503,
        0.7093312319169244,
        0.5051655950006573,
        0.6124550681014862,
        0.37814946831668783,
        0.47860887143376496,
        0.9059264214493183,
        0.7393707085975227,
        0.351185053694133,
        0.7377616213136373,
        0.90818285089102,
        0.360570764334311,
        0.7975577321670534,
        0.4693763229648358,
        0.7017476752215415,
        0.24453640295162712,
        0.7048760785632845,
        0.23902666164521014,
        0.056481238423774345,
        0.6677701717564815,
        0.6260925982088257,
        0.48407442270126155,
        0.5671307832691261,
        0.22683233750679235,
        0.5756530205484515,
        0.4982041189779339,
        0.651156820358594,
        0.4855023146398528
      ],
      [
        0.8386412607008566,
        0.3771215067976642,
        0.3555422977056505,
        0.7926156178028995,
        0.5981759529502717,
        0.8272327283704157,
        0.8307466158869284,
        0.7362398728636438,
        0.8831279456023851,
        0.0,
        0.04858106945887112,
        0.11831892444677228,
        1.1578284311766893,
        0.16663249947573378,
        0.858511606880205,
        0.40150027055328574,
        0.4668758146118688,
        0.6710635954354844,
        0.7359395789202775,
        0.7911787578786643,
        0.9165160421288554,
        0.438156406035686,
        0.3720586703102981,
        0.3550875235397473,
        0.6726943039250987,
        0.06447999489755525,
        0.5543698727990615,
        0.8838299560929769,
        0.8135955733915802,
        0.9728177345360659,
        0.24074892927377822,
        1.0766809022200576,
        1.071754171748855,
        1.0749741299398146,
        0.2750296718438719,
        0.8648968735652194,
        0.707783588887448,
        0.5874039598199968,
        0.7294081510198592,
        0.25687729565861706,
        0.8331723057933218,
        0.6434680129692527,
        0.74174770591821,
        0.8455967651475981,
        0.6229670968105813,
        0.6338914105244039,
        0.860184406972139,
        0.19325210969523443,
        0.9563893793054317,
        0.8901414475888672,
        0.028517301861532455,
        0.6941244238965774,
        0.48581000715827166,
        0.18170470405760042,
        0.801983470692187,
        0.6331179343885598,
        0.5838562426028509,
        1.0530170030802286,
        0.44634470663970127,
        0.1771368765837635,
        0.5754525238011972,
        0.7249690245254019,
        0.8891696876658408,
        0.6488361817732006,
        0.1264801665737597,
        0.7248269772856832,
        0.8508342570934776,
        0.6445806621271469,
        0.1795180283600171,
        0.7731431610242218,
        0.8600323616998996,
        0.9827172631434887,
        0.9517068329821288,
        1.0033190950464093,
        0.34578632395690784,
        0.7321265295668626,
        1.004372557068899,
        1.0728882803003956,
        0.285251097316195,
        1.2241736152713711
      ],
      [
        0.8033308427445005,
        0.34181108884130795,
        0.3489350642480686,
        0.783096870647103,
        0.5628655349939155,
        0.8291841884562325,
        0.8326980759727453,
        0.7152873709206912,
        0.8660647259173688,
        0.04858106945887112,
        0.0,
        0.11171169098919036,
        1.1134745094051663,
        0.12047711568250213,
        0.8123562230869734,
        0.39489303709570384,
        0.43720326402264353,
        0.6484543720265837,
        0.7378910390060943,
        0.7802066096535062,
        0.8701790677402198,
        0.4187652252970854,
        0.3373434661218452,
        0.31668395217262707,
        0.6263573295364631,
        0.018143020508919677,
        0.555477543191765,
        0.8416028991135528,
        0.7890639525355863,
        0.9264807601474303,
        0.2092483831496521,
        1.0521492813640636,
        1.0295271147694307,
        1.0396637119834584,
        0.23971925388751564,
        0.8443663105211334,
        0.6724731709310917,
        0.5520935418636406,
        0.6950122826867967,
        0.2224814273255545,
        0.8126054287663708,
        0.6081575950128963,
        0.7113829148465233,
        0.7992597907589625,
        0.6020145948676286,
        0.6063195066436495,
        0.817957349992715,
        0.19056075246671264,
        0.9102339955122001,
        0.892092907674684,
        0.03046876194734927,
        0.6960758839823942,
        0.47184193231104643,
        0.15717308320160644,
        0.7774518498361931,
        0.5978075164322035,
        0.5534914515311641,
        1.0107899461008045,
        0.4189183635194171,
        0.18417890121916472,
        0.5485343343758184,
        0.6896586065690455,
        0.8787520801278705,
        0.6499440307083494,
        0.08425310959433563,
        0.6825999203062592,
        0.804497282704842,
        0.624243024059911,
        0.16237150277636397,
        0.7580452095732624,
        0.8403137111822734,
        0.9363802887548531,
        0.9094797760027047,
        0.9610920380669852,
        0.33626757680111147,
        0.7226077824110662,
        0.962145500089475,
        1.0306612233209715,
        0.285533210871447,
        1.1888631973150148
      ],
      [
        0.7838421055180038,
        0.4385953802964714,
        0.2372233732588782,
        0.894706577640998,
        0.5252349725797159,
        0.7748817334112891,
        0.7706778477911432,
        0.8244538710135854,
        0.9745649614059977,
        0.11831892444677228,
        0.11171169098919036,
        0.0,
        1.2103299603573725,
        0.22425889558899317,
        0.8608947343063296,
        0.28318134610651347,
        0.3485568901650965,
        0.753560069299941,
        0.6801832152361885,
        0.8912098422532951,
        0.9151065060254763,
        0.5270192121651451,
        0.433846207091625,
        0.2669022931887512,
        0.6950948997521504,
        0.10408603300589278,
        0.6662252821434257,
        0.9253188374439577,
        0.8890394417652704,
        0.9943485978993394,
        0.14295257743120446,
        1.1521247705937478,
        1.1242557009295382,
        1.136448003438622,
        0.3365035453426791,
        0.9535048360820478,
        0.727002875275427,
        0.6123569697798863,
        0.6128277808660961,
        0.1642646434263759,
        0.9189147212463558,
        0.6016618746262757,
        0.8100703112222927,
        0.8659418906836874,
        0.7111810949605228,
        0.7066902527816366,
        0.8901486916966406,
        0.07885352605800139,
        0.9505955126734217,
        0.851056877935456,
        0.09614645227273237,
        0.6518819093713862,
        0.5823228652548471,
        0.2654875568521298,
        0.8847670465833275,
        0.6535233798992415,
        0.6521788479069335,
        1.1055185322609118,
        0.328025782192929,
        0.2915198198453079,
        0.6499612064267899,
        0.6851688189938409,
        0.8291196654087933,
        0.7605359757072856,
        0.17898169575444292,
        0.7773285064663664,
        0.8732348529205294,
        0.7334095241528051,
        0.2733747353761529,
        0.8690484421730513,
        0.947186009958015,
        1.0049590553108945,
        1.004208362162812,
        1.0558206242270924,
        0.4478772837950065,
        0.8342174894049612,
        1.0568740862495822,
        1.1253898094810788,
        0.3961061818602741,
        1.2856474887701783
      ],
      [
        0.6222666598167069,
        0.8558672478179217,
        1.0117706131325512,
        0.6597785042561912,
        0.7650539089519987,
        0.8703459135583779,
        0.7493235082675027,
        0.6391362900702546,
        0.49144628631280296,
        1.1578284311766893,
        1.1134745094051663,
        1.2103299603573725,
        0.0,
        0.9929973937226643,
        0.6345012833378317,
        0.9865098148897542,
        0.9622659962097431,
        0.5598787288235328,
        0.8873902401302264,
        0.7120876120336533,
        0.5324652958490547,
        0.7747328883925652,
        0.8527020087850903,
        1.1241041797408433,
        0.5888552338152291,
        1.1114205110082844,
        0.8979633297127253,
        0.35609197870399634,
        0.34593377192040964,
        0.3863344355435848,
        1.1564245022817243,
        0.0828484430919322,
        0.10514508938771805,
        0.12976545700697953,
        0.8994118302431289,
        0.5201415063321739,
        0.6900168681052952,
        0.6433501373019341,
        0.8824779231235378,
        1.1415962029072182,
        0.450888547939603,
        0.6945837640823834,
        0.44820149490794803,
        0.47050689991193984,
        0.6509363806947689,
        0.5782151729435075,
        0.3872645080545731,
        1.2804435464593977,
        0.60328135640495,
        0.7955547998649495,
        1.1439432713525157,
        0.8833286855248791,
        0.7703101890635659,
        0.9778246412543894,
        0.3575458746198028,
        0.5990151718548663,
        0.5833157214047286,
        0.11069086820435628,
        0.9717568223438259,
        1.0487127149077757,
        0.6253478281521717,
        0.6574784936404519,
        0.7000317269141483,
        0.8197839410787182,
        1.0313482646029297,
        0.4330014538910061,
        0.4956452865434497,
        0.6420552326849828,
        0.9936998410590338,
        0.7210609330654552,
        0.45249105192967165,
        0.36645900870135206,
        0.26676572893000294,
        0.15451126413000343,
        0.8766935183433044,
        0.6969189829139285,
        0.2016397801837569,
        0.09918635908281344,
        0.9610215065314068,
        0.12600925323018056
      ],
      [
        0.7664106382797713,
        0.30489088437657874,
        0.4605529854435437,
        0.7409999811602541,
        0.5259453305291862,
        0.8599569094837209,
        0.8091953971707219,
        0.6472335995179822,
        0.7930213996633673,
        0.16663249947573378,
        0.12047711568250213,
        0.22425889558899317,
        0.9929973937226643,
        0.0,
        0.6918791074044712,
        0.506510958291179,
        0.5451356260190638,
        0.5845532890347005,
        0.7673487564019734,
        0.7430546737413192,
        0.797267679690949,
        0.3497876046829494,
        0.3001417111717324,
        0.42402526520945083,
        0.6171745343955172,
        0.12534944623990507,
        0.5471644102344474,
        0.8026269893537674,
        0.7445929633819918,
        0.9093700806825584,
        0.31775438689302987,
        1.0076782922104692,
        0.9905512050096456,
        1.0027435075187292,
        0.20279904942278643,
        0.7742615445255686,
        0.6355529664663625,
        0.5151733373989114,
        0.6899681018925727,
        0.3304137893219748,
        0.7448048452544642,
        0.5712373905481671,
        0.6732019935979751,
        0.7855853280289175,
        0.5339608234649197,
        0.5649129938788566,
        0.7789814402329296,
        0.29928815886016685,
        0.7897568798296979,
        0.8559001839340654,
        0.1509458776298514,
        0.727444468727384,
        0.41386997614145293,
        0.11270209404801204,
        0.7329808606825986,
        0.5608873119674743,
        0.5153105302826159,
        0.971814036341019,
        0.5268507255158373,
        0.21003209475863455,
        0.5065422629983194,
        0.6527384021043163,
        0.7582749644453683,
        0.6415065742328322,
        0.04527719983455025,
        0.6436240105464738,
        0.7926753431065183,
        0.555835890198713,
        0.13718295504588343,
        0.728512106972469,
        0.7718098419332173,
        0.9171322336528845,
        0.8705038662429192,
        0.9221161283071999,
        0.29766223981956275,
        0.6840024454295175,
        0.9231695903296896,
        0.9916853135611863,
        0.27704460044307067,
        1.1190066469528448
      ],
      [
        0.07705262878832571,
        0.5385723826915182,
        0.6236713610474514,
        0.9197677182168361,
        0.4155606218815262,
        0.23809439799296916,
        0.11731628976625061,
        0.8395192254177168,
        0.8417869938501229,
        0.858511606880205,
        0.8123562230869734,
        0.8608947343063296,
        0.6345012833378317,
        0.6918791074044712,
        0.0,
        0.6143942405112212,
        0.5401068242803592,
        0.6709795117877875,
        0.25508059306999664,
        0.9633076520979603,
        0.10538857228647777,
        0.7403744411548914,
        0.5902000808104185,
        0.6788554121638501,
        0.3277911957808608,
        0.8172285536443763,
        1.0445413656980465,
        0.30443082464269206,
        0.4488922875376173,
        0.2518893212953419,
        0.7707701618169619,
        0.6146820525029405,
        0.5830986019450265,
        0.6787204595421242,
        0.6406642176453105,
        0.8498615086017568,
        0.4745320707153784,
        0.4069012272727204,
        0.2841916866251887,
        0.7526511197316669,
        0.758604483871232,
        0.34229389305242774,
        0.43459471760697177,
        0.18126336317393069,
        0.7434682085273074,
        0.5899729292922983,
        0.28917247830362397,
        0.8923442943742977,
        0.09787777242522668,
        0.1640210765295942,
        0.8428249850343226,
        0.24882740218704733,
        0.7672082125124642,
        0.7468707853221496,
        0.4528903025444648,
        0.40901638216260405,
        0.5489572741670549,
        0.5311110032165264,
        0.5599683553644649,
        0.8506742204607707,
        0.5989726229772789,
        0.255566678716314,
        0.0663958570408971,
        0.9687318237815133,
        0.7371563072390215,
        0.3763408059485265,
        0.14965124261248194,
        0.7571555076498343,
        0.7678654983975766,
        0.9566488188987601,
        0.7855012706810219,
        0.27136149251662944,
        0.3734108666537522,
        0.515741372262246,
        0.7907531823666414,
        0.9135460052268016,
        0.4337746498795131,
        0.5363980615922642,
        0.8352206371481745,
        0.7602351047499808
      ],
      [
        0.5925767051067609,
        0.4070626794310974,
        0.04595797284763524,
        0.885902381156527,
        0.2853634203265971,
        0.5631347458915891,
        0.5609434814234519,
        0.893845171713721,
        1.0087479420386232,
        0.40150027055328574,
        0.39489303709570384,
        0.28318134610651347,
        0.9865098148897542,
        0.506510958291179,
        0.6143942405112212,
        0.0,
        0.14107706651274451,
        0.7946587119171857,
        0.4667283360660309,
        0.9387147411132359,
        0.6899911627561152,
        0.6174470332485912,
        0.454402043849915,
        0.186299929818906,
        0.4461694245523584,
        0.3811615120512739,
        0.9411599326884902,
        0.6705452034127614,
        0.6781831741016275,
        0.7462928404731182,
        0.1930567736171458,
        0.941268502930105,
        0.9097775639089157,
        1.0045078025516765,
        0.5091545143848897,
        1.0061717090413609,
        0.477907171269889,
        0.35752754220243793,
        0.3940680845645138,
        0.1760971689692042,
        0.9246072583819677,
        0.35891634718159027,
        0.5939894675790192,
        0.618645723100103,
        0.7818932380528462,
        0.7348761210733048,
        0.635501567428988,
        0.31463090617448164,
        0.7122720129364478,
        0.6300688254471974,
        0.37932779837924585,
        0.4339136846666611,
        0.6907678153663681,
        0.5426751017724432,
        0.6729508764476289,
        0.3962928739371371,
        0.7318681346704369,
        0.887506935252254,
        0.12200702572592956,
        0.5666355943065118,
        0.6817562244828337,
        0.4445435501806905,
        0.6184974820551736,
        1.0281533109020553,
        0.46123375845662873,
        0.5668082650034222,
        0.6198708667378593,
        0.8038607321716403,
        0.5508167728594996,
        0.9483847224164,
        0.9537989111962986,
        0.7558961067290896,
        0.7615433507669034,
        0.8413424872064701,
        0.6592434791062206,
        0.9463914693925638,
        0.824223542924722,
        0.9055895689829827,
        0.6710401228971135,
        1.1057666463696045
      ],
      [
        0.6171594530686849,
        0.2899273654705394,
        0.11418773568667169,
        0.8704659919470146,
        0.20488972054264593,
        0.42817180912805625,
        0.42279053451410853,
        0.776803572296557,
        0.8939014589773747,
        0.4668758146118688,
        0.43720326402264353,
        0.3485568901650965,
        0.9622659962097431,
        0.5451356260190638,
        0.5401068242803592,
        0.14107706651274451,
        0.0,
        0.6589027753033578,
        0.33255771920217225,
        0.8913201916300579,
        0.6286143637469029,
        0.5029614600679593,
        0.33849061693585986,
        0.16366104273272825,
        0.3847926255431462,
        0.4197861797791588,
        0.8426615834291233,
        0.6228474433934994,
        0.6444724515298468,
        0.6775812994859154,
        0.23705817258207082,
        0.9075577803583241,
        0.8772442154263094,
        0.97197445406907,
        0.3920192004243317,
        0.8826661498966909,
        0.4048849043744165,
        0.3191875426970712,
        0.26429685198973035,
        0.21472183669708905,
        0.8257262931448128,
        0.2824117843249957,
        0.5616536665631391,
        0.549019507603915,
        0.6644112926005495,
        0.6189646941592496,
        0.5879354350172022,
        0.37042622536561937,
        0.6259179535819239,
        0.5025395937235669,
        0.44320775470587137,
        0.3033338473577969,
        0.5765260139728431,
        0.49822576810117075,
        0.6383159174766877,
        0.36420400489959526,
        0.6159567077563817,
        0.8534251828009293,
        0.020669243772640837,
        0.46529781235322304,
        0.5658447975687785,
        0.3648836637078582,
        0.48123235213175863,
        0.910559674662657,
        0.4998584261845136,
        0.5340985716564682,
        0.5629325787115251,
        0.6862670959322421,
        0.5192204811765977,
        0.8874039489409861,
        0.8557261307000453,
        0.6894203126503967,
        0.7171826900963943,
        0.8088091387238637,
        0.5421081651456625,
        0.8429006898860097,
        0.7831248794120256,
        0.8704938427584092,
        0.5752929055215805,
        1.0732332978869983
      ],
      [
        0.6051682743358764,
        0.39188436618617106,
        0.7662354636623514,
        0.2502872413659903,
        0.6175333458708243,
        0.8573407306887677,
        0.7855369320191526,
        0.16924261519213232,
        0.2349986836740169,
        0.6710635954354844,
        0.6484543720265837,
        0.753560069299941,
        0.5598787288235328,
        0.5845532890347005,
        0.6709795117877875,
        0.7946587119171857,
        0.6589027753033578,
        0.0,
        0.7608673078065596,
        0.2923385134361982,
        0.6268302980253427,
        0.23476568435175116,
        0.34025666806727073,
        0.7931425497483438,
        0.4568521759560781,
        0.6511468729841564,
        0.41898519760724995,
        0.4362418606911112,
        0.28082550532279216,
        0.5676298277601186,
        0.8435518136372813,
        0.5040674398974552,
        0.5282703155010584,
        0.43011327181655334,
        0.42487285852194867,
        0.22376337459333304,
        0.5294642016121804,
        0.4832320355859373,
        0.7508178908568861,
        0.8562112160662261,
        0.166823517841455,
        0.5629237318157317,
