{
  "sol": {
    "z": 4.394238389547972,
    "tours": [
      [
        0,
        24,
        19,
        15,
        27,
        7,
        28,
        16,
        29,
        30,
        4,
        20,
        17,
        21,
        5,
        31,
        18
      ],
      [
        3,
        25,
        10,
        8,
        1,
        9,
        6,
        2,
        14,
        23,
        26,
        11,
        22,
        12,
        13
      ]
    ]
  },
  "params": {
    "gm": [
      [
        0.0,
        0.6000562329949779,
        0.8066050670727197,
        0.4352543609244621,
        1.0440624778016718,
        0.8700472109624009,
        0.8691198515988418,
        0.6382121636756741,
        0.47717874321776177,
        0.7991017317883075,
        0.28911655462782765,
        0.3181850337437956,
        0.15060529785898694,
        0.12118560408841597,
        0.8687173384093683,
        0.5819533879127109,
        0.9470944123837338,
        0.48739653548252715,
        0.5370555204624168,
        0.43198407505092207,
        1.0590584524304492,
        0.6710411960888596,
        0.3275413214663714,
        0.8857893025110679,
        0.3955120721631249,
        0.32815743758755633,
        0.9955610622408931,
        0.596791947430289,
        0.7898757788710257,
        1.0084332475307223,
        1.0811896507249834,
        0.6756591276664565,
        0.6933956547534246,
        0.519173827879396,
        0.7042853785131759,
        0.9695802242396468,
        0.6334531132934966,
        0.2311642130405988,
        0.1744985186430295,
        0.9276289785907348,
        0.43956370597797345,
        0.77459240342775,
        0.8471151629575016,
        0.13992021798983598,
        0.6569585267804727,
        0.5493432226915365,
        0.3257260904137803,
        0.5734020574243462,
        0.6700279605587564,
        0.2806915715938206,
        0.1575227504103335,
        0.81087968534344,
        0.9905788243919008,
        0.6885477921974397,
        0.40520217226046096,
        0.7741155056411244,
        0.03988117444386966,
        0.1989234594679404,
        0.8486341345250472,
        0.6176280902484146,
        0.12931731705329716,
        0.6140355324407503,
        0.7388877099172984,
        0.5277227369543138,
        0.22246378357731786,
        0.5933954897928163,
        0.6134530508876435,
        0.3423012730517711,
        0.7979044407135878,
        0.4225929521750021,
        0.981416798805973,
        0.5845937806641527,
        0.5981745111118426,
        0.4047343188598959,
        0.3180036778656893,
        0.5709555055533162,
        1.0801416326841833,
        0.5085347220016968,
        0.7884059626450346,
        0.2840753906610792
      ],
      [
        0.6000562329949779,
        0.0,
        0.2968391384450399,
        0.29516363413729724,
        0.8029112245622689,
        0.633784206677817,
        0.2902237104419793,
        0.8519915650534609,
        0.15292037992273538,
        0.22020559063144501,
        0.4483385813946928,
        0.7559938654657486,
        0.7041452713194798,
        0.6845164009592617,
        0.34913894245374494,
        0.7545405067558193,
        0.9970391927772368,
        0.8966538157686497,
        0.30423223522812265,
        0.600658558325395,
        0.803968872155799,
        1.0139444850381598,
        0.7737967158034833,
        0.37553596936614614,
        0.7483089458005114,
        0.3050230866818281,
        0.654418263347167,
        0.7727378216396755,
        0.9152703887985718,
        0.9639710499813556,
        0.813146491251262,
        0.4076159681927351,
        0.36818039368358146,
        0.7248761533150778,
        0.7249944080197845,
        0.5423051208204722,
        0.7164097429263556,
        0.6331198554623682,
        0.6140542930842939,
        0.4203390390023755,
        0.8714278871241202,
        0.799200953103506,
        0.5016025864008138,
        0.4869477986437092,
        0.06003080958798089,
        0.23086264864782002,
        0.3016383370333625,
        0.16059523465670283,
        0.7719009179352846,
        0.8103769981498021,
        0.6997856903940072,
        0.2959941282606774,
        0.4764005895057782,
        0.9909292430260908,
        0.36199146502069574,
        0.9841784780427992,
        0.6399374074388475,
        0.5804442499675065,
        0.9305748774889211,
        1.0542491947484702,
        0.5146706524277511,
        1.0118277992875262,
        0.6436010434226,
        0.11826531399259053,
        0.4817814083954082,
        0.08705862512453895,
        0.8956592861488323,
        0.5463991623668294,
        0.8393095850632373,
        0.9033136846667279,
        0.7253000785914361,
        0.15495918637987452,
        1.049229591422171,
        0.4571377769526183,
        0.4923445259269582,
        0.92097674866393,
        0.8438519795208211,
        0.9153631396417576,
        0.561759326773823,
        0.5933113166339592
      ],
      [
        0.8066050670727197,
        0.2968391384450399,
        0.0,
        0.4718710606337475,
        0.5675403204389745,
        0.44433271395337015,
        0.07048908716749887,
        0.8122964118678263,
        0.40212737717218416,
        0.07668188133960237,
        0.7240852978821648,
        0.9050823090034363,
        0.8184077643087663,
        0.8254944265651138,
        0.06211227133664859,
        0.7135466956795921,
        0.9167142648816499,
        1.02155274270631,
        0.402945394533478,
        0.6993717176307503,
        0.5477414803896111,
        0.974249331852525,
        0.9231516752818907,
        0.07918423543834824,
        0.8726229520322464,
        0.5366936925803599,
        0.36877701254969575,
        0.730107018297174,
        0.842624465008337,
        0.7788723670224481,
        0.7088995235077445,
        0.45183760428287495,
        0.5107308510490779,
        0.803911542641092,
        0.6585949749649425,
        0.2621096565961106,
        0.6160142692859606,
        0.7950557537931473,
        0.7550323186901461,
        0.1401611326308283,
        1.0037837219023802,
        0.5080760185792692,
        0.20476344795577384,
        0.7249309121780803,
        0.2398121469430162,
        0.36838672640027115,
        0.545323147714273,
        0.3096911274838665,
        0.6587144505942438,
        0.9597353305555769,
        0.8100881789147789,
        0.004274618270720333,
        0.18397375731918109,
        0.9512340898404561,
        0.5655210666653806,
        0.9330846955020846,
        0.8464862415165894,
        0.8388036188169319,
        0.8483598453573549,
        1.1777850746218999,
        0.754370491446543,
        1.1181857814078904,
        0.5472541047575346,
        0.3456782285846496,
        0.7442970172957399,
        0.28052114886059204,
        1.0194195521255836,
        0.66897740546899,
        0.7536665826418083,
        1.0505348725967079,
        0.5556398054800158,
        0.2975096437453709,
        1.176852748869911,
        0.5640856361340636,
        0.6274265436041838,
        1.0560587663411556,
        0.62700043678641,
        1.0383499248509955,
        0.2649201883287831,
        0.8669521021901004
      ],
      [
        0.4352543609244621,
        0.29516363413729724,
        0.4718710606337475,
        0.0,
        0.7203950036316356,
        0.5468076621809562,
        0.48489843220785717,
        0.5953179052426595,
        0.15681115604119422,
        0.41488031239732287,
        0.3248365290887204,
        0.46255321320680126,
        0.4368956121251152,
        0.4481549750835353,
        0.533983331970396,
        0.4986716701508962,
        0.8683321246724431,
        0.6104832670943966,
        0.16182036086797186,
        0.3447897217204719,
        0.7337461348831877,
        0.7572708252273582,
        0.4801591738844439,
        0.5510552960720958,
        0.4651603068662311,
        0.10709692333690578,
        0.6295084131263365,
        0.5168689850347523,
        0.7243883695596298,
        0.851576975410542,
        0.7007524166804485,
        0.2952218936219216,
        0.33310441120976225,
        0.4689757826124133,
        0.6126003334489709,
        0.6092889806959845,
        0.5472600856449018,
        0.3384682933102338,
        0.3779900571826052,
        0.5963020693802901,
        0.5814265341616687,
        0.6883993757791551,
        0.49527499334331476,
        0.2953341429346261,
        0.30059778506863416,
        0.13297815660777004,
        0.13254451839041834,
        0.18209857487881265,
        0.5832127145986592,
        0.5157254359976677,
        0.42871668142286024,
        0.47614567890446785,
        0.6512349919034227,
        0.7342555832152893,
        0.09365000603163305,
        0.7283085108223093,
        0.47226066412613066,
        0.41162172618615706,
        0.773646693145472,
        0.7673909712590715,
        0.3247737222030888,
        0.734800417695986,
        0.5336667510481543,
        0.17695391015890163,
        0.313914089477607,
        0.22924696148211274,
        0.6237976494827554,
        0.2733555028261618,
        0.713059297468869,
        0.6092902149819981,
        0.6581772500245283,
        0.19431819385024834,
        0.7601617964469617,
        0.22032170072482324,
        0.21531714433541815,
        0.6439493670723899,
        0.7461802016213301,
        0.6301291194942935,
        0.4351182529703055,
        0.444820847995657
      ],
      [
        1.0440624778016718,
        0.8029112245622689,
        0.5675403204389745,
        0.7203950036316356,
        0.0,
        0.17401526683927082,
        0.5803680054637724,
        0.5156551166176052,
        0.7797706117192383,
        0.6406353324647553,
        1.0451365259201744,
        0.8655791134816216,
        0.9369367495523767,
        0.9369953382176835,
        0.5725266691084585,
        0.5150546926745243,
        0.37454550541902853,
        0.8557440513051475,
        0.5629044563445748,
        0.613079728432605,
        0.04805611235051157,
        0.677608036602304,
        0.8778325120493372,
        0.518562175119978,
        0.7654901977035947,
        0.8270029218211785,
        0.21123901412691096,
        0.5243964592140508,
        0.5271134677464782,
        0.21877048431762736,
        0.14888181020075697,
        0.42543126429636313,
        0.43616499798794156,
        0.6008706426926277,
        0.41724762356274725,
        0.33635017442203186,
        0.4106093645081751,
        0.8396253815978323,
        0.8695639591586423,
        0.44032899262114616,
        0.9014335271259128,
        0.378805427538758,
        0.36551400480695106,
        1.0152401414188987,
        0.775827638935004,
        0.6247066204033762,
        0.8509105795123846,
        0.650917529638703,
        0.4569749471829583,
        0.9722719308687363,
        0.9290256447896468,
        0.5645831360847512,
        0.4420329616185895,
        0.654592794590235,
        0.8118597575093245,
        0.6515584585830554,
        1.0211318470494235,
        1.1315277246704298,
        0.46017141427546937,
        0.90587260291411,
        1.0446797206873615,
        0.8215444861576694,
        0.3099508313618172,
        0.7365715226225445,
        1.0343090931092425,
        0.7159463722798607,
        0.829761451882392,
        0.7066117430343443,
        0.44534167370012,
        0.9004576425446106,
        0.14156616223887322,
        0.6479520381823944,
        0.929945238468035,
        0.7240446979451604,
        0.755208604437216,
        0.7721850812343585,
        0.06698272347942245,
        0.8422396118077141,
        0.36363354103535284,
        1.1652158516272926
      ],
      [
        0.8700472109624009,
        0.633784206677817,
        0.44433271395337015,
        0.5468076621809562,
        0.17401526683927082,
        0.0,
        0.4063527386245016,
        0.4486929476307139,
        0.6077260069861598,
        0.4763708584350359,
        0.8716346034509933,
        0.6915638466423508,
        0.7629214827131059,
        0.7629800713784127,
        0.46232575791829006,
        0.3410394258352535,
        0.5053957246466617,
        0.7407843660906605,
        0.38889010669836,
        0.43906446159333423,
        0.18901124146804826,
        0.6105297684425831,
        0.7038172452100664,
        0.41137391380190674,
        0.5914749308643239,
        0.653239890340708,
        0.175539793419822,
        0.35038119237477994,
        0.440388479346669,
        0.36196635195782045,
        0.2919935084431169,
        0.2516375187519084,
        0.27100334978469015,
        0.42685537585335687,
        0.24323235672347646,
        0.27197099484132964,
        0.2365940976689043,
        0.6656101147585615,
        0.6955486923193714,
        0.3378455245703973,
        0.727418260286642,
        0.215328939152315,
        0.23956926599759631,
        0.8414771099384283,
        0.6067006210505519,
        0.451399213768058,
        0.6770044315070413,
        0.48095250760094554,
        0.28295968034368746,
        0.7982566640294655,
        0.755010377950376,
        0.4486073322240905,
        0.36421911037629456,
        0.5867831976754425,
        0.6378454078631097,
        0.5488335934383275,
        0.8471165802101528,
        0.9577646931899593,
        0.4370413051223667,
        0.8319727151602996,
        0.8709166892068909,
        0.747644598403859,
        0.13593556452254643,
        0.5662824249261045,
        0.8607217516585632,
        0.5468193543954086,
        0.7619518549675995,
        0.5325964761950734,
        0.34234804240682015,
        0.7904051087032811,
        0.11136958784357205,
        0.47882502029794244,
        0.8560453507142246,
        0.5500303482989456,
        0.5811933375979452,
        0.704375484319566,
        0.2100944217217824,
        0.7587023779625006,
        0.2159442097099807,
        0.9916285101766132
      ],
      [
        0.8691198515988418,
        0.2902237104419793,
        0.07048908716749887,
        0.48489843220785717,
        0.5803680054637724,
        0.4063527386245016,
        0.0,
        0.7418073247003274,
        0.40125327815491163,
        0.07001811981053428,
        0.7218894648472683,
        0.8984185474743682,
        0.8384595353962637,
        0.8188306650360457,
        0.13076575770501056,
        0.7473921644597551,
        0.9117484632711633,
        1.014888981177242,
        0.39628163300440994,
        0.6927079561016823,
        0.5739211715358175,
        0.9037602446850261,
        0.9164879137528226,
        0.12834984244573888,
        0.8659591905031783,
        0.5411577566422558,
        0.3921176550428561,
        0.7567339309992815,
        0.8467412179711706,
        0.7683190905823221,
        0.6983462470676185,
        0.506197192855215,
        0.5040670895200099,
        0.8169255510913651,
        0.649585095347978,
        0.2800045125161613,
        0.6429468362934059,
        0.7883919922640792,
        0.748368557161078,
        0.1580384306980646,
        0.9971199603733121,
        0.568375563295509,
        0.2650629926720136,
        0.7291996336090057,
        0.2337204521578663,
        0.3617229648712031,
        0.5478005782622162,
        0.30302736595479846,
        0.6893124189681891,
        0.964944081874639,
        0.8332796400752097,
        0.06658506295811963,
        0.21752610805913986,
        0.8807450026729573,
        0.5739647750561853,
        0.8777106666657777,
        0.9000829622129313,
        0.840501028946586,
        0.8433940437468683,
        1.1320248109968323,
        0.7587778337261691,
        1.0476966942403916,
        0.542288303147048,
        0.3455479237687045,
        0.7447778719805731,
        0.27940849164858006,
        1.0127557905965154,
        0.6623136439399219,
        0.7487007810313218,
        1.0438711110676397,
        0.5177223264680737,
        0.29084588221630286,
        1.1560974465507572,
        0.5574218746049955,
        0.6207627820751157,
        0.9983372893170808,
        0.616447160346284,
        1.0316861633219274,
        0.31922224710804925,
        0.8655413622972101
      ],
      [
        0.6382121636756741,
        0.8519915650534609,
        0.8122964118678263,
        0.5953179052426595,
        0.5156551166176052,
        0.4486929476307139,
        0.7418073247003274,
        0.0,
        0.7419322949749948,
        0.8118254445108617,
        0.8784668074489188,
        0.40984428858580135,
        0.5061445202241234,
        0.518504215922611,
        0.8470750182533282,
        0.1371939379626529,
        0.3245020268323357,
        0.34008893468754237,
        0.5477593298253383,
        0.25133300672806586,
        0.5637112289681168,
        0.16195291998469877,
        0.4279627293474656,
        0.8039095885812106,
        0.38747619838427083,
        0.7024148285795653,
        0.6240646797190939,
        0.11666173560002605,
        0.15704876438916499,
        0.44069927785731366,
        0.5915238365874071,
        0.525932231745569,
        0.5755673473415296,
        0.1292191514971416,
        0.20855379191851958,
        0.7122630289747518,
        0.2273379980987554,
        0.407717201409242,
        0.46746721907772726,
        0.7455058674060094,
        0.3899453523340486,
        0.35301008774217385,
        0.6385656379963379,
        0.7312550809800751,
        0.8250224032393176,
        0.6254317958383553,
        0.7278624236330778,
        0.6915052829393645,
        0.16580079645956947,
        0.5184608708197167,
        0.4979655895218684,
        0.808392387658447,
        0.7898350115190603,
        0.13893767797262985,
        0.6889679112742926,
        0.13590334196545023,
        0.6079332572418341,
        0.8266797613018383,
        0.22452573992733474,
        0.3902174862965048,
        0.7246454764414465,
        0.3058893695400642,
        0.3133295889683823,
        0.7579337762291758,
        0.8107361678643384,
        0.7651772739013765,
        0.31410633526478693,
        0.3362929510829122,
        0.21577913122060993,
        0.4570760065734931,
        0.560062535474286,
        0.698422072022912,
        0.4142901218504298,
        0.4497963383434703,
        0.39117060417265315,
        0.2565299646167533,
        0.5826378400970277,
        0.32750027714273366,
        0.5870398868943771,
        0.9089004294466015
      ],
      [
        0.47717874321776177,
        0.15292037992273538,
        0.40212737717218416,
        0.15681115604119422,
        0.7797706117192383,
        0.6077260069861598,
        0.40125327815491163,
        0.7419322949749948,
        0.0,
        0.33123515834437733,
        0.32231724701113135,
        0.6177596814858758,
        0.5937067681663094,
        0.5678480943605061,
        0.461805284979578,
        0.6444812366773532,
        0.9572639446595617,
        0.7672938992102317,
        0.23469870461889722,
        0.49059928824692894,
        0.7839148299889053,
        0.9027925582288016,
        0.63587812224754,
        0.4761315737970363,
        0.6217502450025659,
        0.15241792553540184,
        0.6524935390955444,
        0.6626785515612094,
        0.870197936086087,
        0.9241958018636804,
        0.7733712431335868,
        0.3678407200750599,
        0.3503281316080759,
        0.6148168832366117,
        0.6852191599021094,
        0.6265127010942981,
        0.6930696521713589,
        0.49527944935142804,
        0.532243423478213,
        0.5385871337602168,
        0.737898350588049,
        0.7612700976049642,
        0.5681533370942401,
        0.3372585252279258,
        0.1801172043661931,
        0.1599451954581608,
        0.15153261922707992,
        0.13416735079147218,
        0.7290222811251162,
        0.672536592038862,
        0.5855278374640545,
        0.3999892058598104,
        0.5825553740009917,
        0.8683967435937314,
        0.21069102309812718,
        0.8741192079643332,
        0.5141850464194304,
        0.440305109222211,
        0.8907996293712459,
        0.9241632396623787,
        0.3657814946932899,
        0.8890537839915938,
        0.6056701879240582,
        0.05674291706569861,
        0.3437341942173409,
        0.12189441100387746,
        0.7773436582174476,
        0.426901511560854,
        0.7995539378223414,
        0.7654294244212686,
        0.7114199197122061,
        0.14107902750064452,
        0.916704623471782,
        0.35689816209106295,
        0.36957051063102586,
        0.7982027333679977,
        0.8165926181856606,
        0.7869329177835718,
        0.5079965967212309,
        0.46482786457797826
      ],
      [
        0.7991017317883075,
        0.22020559063144501,
        0.07668188133960237,
        0.41488031239732287,
        0.6406353324647553,
        0.4763708584350359,
        0.07001811981053428,
        0.8118254445108617,
        0.33123515834437733,
        0.0,
        0.651871345036734,
        0.8284004276638339,
        0.7684414155857294,
        0.7488125452255114,
        0.13151100704066254,
        0.7765717847215723,
        0.9817665830816976,
        0.9448708613667076,
        0.32626351319387564,
        0.622689836291148,
        0.6210888399006944,
        0.9737783644955604,
        0.8464697939422883,
        0.15569279568805175,
        0.795941070692644,
        0.4711396368317216,
        0.44239642604296514,
        0.7947690996054285,
        0.9144020431176207,
        0.8383372103928564,
        0.7683643668781528,
        0.4648671203979154,
        0.43404896970947554,
        0.7469074312808308,
        0.7196032151585123,
        0.3291171288939168,
        0.6926961506255629,
        0.7183738724535449,
        0.6783504373505437,
        0.20902327765956014,
        0.9271018405627778,
        0.5847578999188716,
        0.2814453292953762,
        0.6591815137984715,
        0.16370233234733203,
        0.2917048450606688,
        0.47778245845168194,
        0.23300924614426416,
        0.7304920287035277,
        0.8949259620641047,
        0.7632615202646754,
        0.0760521963800041,
        0.2589888161780421,
        0.9507631224834916,
        0.503946655245651,
        0.947728786476312,
        0.830064842402397,
        0.7704829091360517,
        0.9134121635574026,
        1.1011031932822974,
        0.6887597139156348,
        1.0676571622391113,
        0.6123064229575823,
        0.2755298039581702,
        0.6747597521700388,
        0.2093903718380458,
        0.9427376707859811,
        0.5922955241293876,
        0.8187189008418561,
        0.9738529912571054,
        0.587740446278608,
        0.22082776240576857,
        1.1001708675303086,
        0.48740375479446124,
        0.5507446622645814,
        0.9793768850015532,
        0.6864652801568183,
        0.9616680435113931,
        0.34160206966838547,
        0.7955232424866758
      ],
      [
        0.28911655462782765,
        0.4483385813946928,
        0.7240852978821648,
        0.3248365290887204,
        1.0451365259201744,
        0.8716346034509933,
        0.7218894648472683,
        0.8784668074489188,
        0.32231724701113135,
        0.651871345036734,
        0.0,
        0.589815849609763,
        0.4266412975058791,
        0.38731653100080576,
        0.7831091832776397,
        0.7895861494645421,
        1.1592427727670724,
        0.7610356412712396,
        0.48499838901597186,
        0.6357058709677458,
        1.0584496508715429,
        0.9457794336169376,
        0.6022795589944494,
        0.7978037392015105,
        0.6495623890477132,
        0.2191163931615845,
        0.9473917164993075,
        0.8075447834584644,
        1.0136649816569325,
        1.1764128081724705,
        1.025588249442377,
        0.62005772638385,
        0.6458959434520957,
        0.7492547872688269,
        0.9049054747290984,
        0.9220805129383178,
        0.8381762348921757,
        0.4802648784049743,
        0.42082814278004627,
        0.8537753632810748,
        0.7165829312234809,
        0.9793155250264292,
        0.8184530214913147,
        0.1567269988341412,
        0.49314149019062076,
        0.43681629148680995,
        0.1976006591387218,
        0.446735193483984,
        0.872979317230717,
        0.5684353912107021,
        0.4315666690468936,
        0.7220447706536891,
        0.9042275394054657,
        0.9538668483300934,
        0.29616112783448917,
        1.0056692579653819,
        0.32834744889291007,
        0.1506455757591544,
        1.064305677008433,
        0.9005054324311287,
        0.15991063539841716,
        0.8883548135119121,
        0.8568447791961542,
        0.3790370136799117,
        0.06773063958458034,
        0.4435665764083516,
        0.8904722761331509,
        0.5421738563660066,
        1.0035907740771517,
        0.7084182785952441,
        0.9830041912945654,
        0.45627200853310984,
        0.8829289116920109,
        0.5371999622726535,
        0.5401536734241386,
        0.8445946113420286,
        1.0695601631994418,
        0.7824451709514856,
        0.7582962811183055,
        0.14497483709110578
      ],
      [
        0.3181850337437956,
        0.7559938654657486,
        0.9050823090034363,
        0.46255321320680126,
        0.8655791134816216,
        0.6915638466423508,
        0.8984185474743682,
        0.40984428858580135,
        0.6177596814858758,
        0.8284004276638339,
        0.589815849609763,
        0.0,
        0.16774688143188923,
        0.20339862557900493,
        0.9599114347044965,
        0.3678278908542179,
        0.7094942478119344,
        0.17130205015432962,
        0.5021952595400352,
        0.2702157251194017,
        0.8805750881103991,
        0.36161831538415246,
        0.018118440761664193,
        0.93289512942799,
        0.10512540745553044,
        0.569650136543707,
        0.8650857481297902,
        0.3727528121139856,
        0.5520047666670015,
        0.7915754378564077,
        0.9423999965865012,
        0.6407988667440749,
        0.6530619007432584,
        0.28062513708865977,
        0.503132793341077,
        0.9292464702294807,
        0.45496974897344655,
        0.12616880452062937,
        0.19647678059928836,
        0.9366769680523535,
        0.12798565956853758,
        0.5843181339630217,
        0.8356498920153781,
        0.4332548562450604,
        0.7526877375428259,
        0.5466119763247715,
        0.5950977315972196,
        0.6186295619861533,
        0.45871340783522574,
        0.10861840565019557,
        0.16130392061039198,
        0.904452624043838,
        0.9916098905754861,
        0.37245330686924216,
        0.5562032192384343,
        0.4794771469458657,
        0.28018604034598277,
        0.5170640548138584,
        0.6103295162063247,
        0.3162116983352508,
        0.4355276928291857,
        0.29867777846327054,
        0.5589367083951566,
        0.637986908940659,
        0.5283602225753816,
        0.6820463399920862,
        0.3012783967315664,
        0.24075667139947698,
        0.5692281736148241,
        0.14766974293539278,
        0.8029334344859229,
        0.6296615621183151,
        0.30361289540842923,
        0.35425081582382334,
        0.27766992385552314,
        0.2548610202251187,
        0.9016582683641332,
        0.19269952985699398,
        0.7754931516423689,
        0.6021953420653008
      ],
      [
        0.15060529785898694,
        0.7041452713194798,
        0.8184077643087663,
        0.4368956121251152,
        0.9369367495523767,
        0.7629214827131059,
        0.8384595353962637,
        0.5061445202241234,
        0.5937067681663094,
        0.7684414155857294,
        0.4266412975058791,
        0.16774688143188923,
        0.0,
        0.04218832997977347,
        0.8794635393239296,
        0.46243409068394103,
        0.8175441764593135,
        0.33792137883346746,
        0.4525091210327933,
        0.3238648912346537,
        0.9519327241811542,
        0.5213763153472971,
        0.17787644072480888,
        0.8937778648133567,
        0.24826310090161927,
        0.45833139337633,
        0.9104553400208149,
        0.4741806182168334,
        0.6554295665295109,
        0.8922229539698094,
        0.99664325129536,
        0.591112728236833,
        0.6187887308084402,
        0.3893286721333338,
        0.5926786362094355,
        0.8854581032427722,
        0.5263273850442016,
        0.0984273188148814,
        0.09009097823518576,
        0.8432214381828911,
        0.29128065247990853,
        0.667466675178455,
        0.7618678049308679,
        0.27009417377860967,
        0.6806730280072915,
        0.4771840292716223,
        0.455900046202554,
        0.5435500366627769,
        0.5538285001599375,
        0.15119403618374333,
        0.008319585393987387,
        0.814133146038046,
        0.9100622523567556,
        0.5390726355483799,
        0.5305456181567483,
        0.6392351469090104,
        0.1134949819465055,
        0.3495265018585342,
        0.7177326298744319,
        0.4738682670068892,
        0.2695899097549033,
        0.46503427787466717,
        0.6317619816680032,
        0.6096876360722365,
        0.36326733616430934,
        0.6172238613808468,
        0.4651699973895785,
        0.24812831875969008,
        0.6758955600593481,
        0.2836149166288899,
        0.874291070556678,
        0.5554071626482872,
        0.45671484511855553,
        0.3420092784243986,
        0.2489541648831414,
        0.4214803489042565,
        0.9730159044348883,
        0.35919246943705363,
        0.7029189366808113,
        0.43467957758455067
      ],
      [
        0.12118560408841597,
        0.6845164009592617,
        0.8254944265651138,
        0.4481549750835353,
        0.9369953382176835,
        0.7629800713784127,
        0.8188306650360457,
        0.518504215922611,
        0.5678480943605061,
        0.7488125452255114,
        0.38731653100080576,
        0.20339862557900493,
        0.04218832997977347,
        0.0,
        0.8437731648138231,
        0.46977409282570143,
        0.8308839472994802,
        0.37462262929480694,
        0.42469091692321814,
        0.3247968885385307,
        0.951991312846461,
        0.558636905574512,
        0.21513703095202366,
        0.897839533915425,
        0.2746140955127679,
        0.4188267887303006,
        0.8889403152363085,
        0.48315716235906053,
        0.6714869992166467,
        0.8982606655265432,
        0.9688250471857849,
        0.5632945241272579,
        0.5947052385331005,
        0.40206351902415216,
        0.5966905055709548,
        0.8633270095168766,
        0.5263859737095085,
        0.11078964671525834,
        0.07046210787496773,
        0.8235925678226731,
        0.3293362406588865,
        0.6675252638437619,
        0.7396785710418626,
        0.23058956913258027,
        0.6610441576470734,
        0.4575551589114043,
        0.41639544155652464,
        0.5239211663025588,
        0.5598553785545771,
        0.19332422374084446,
        0.04515176550739566,
        0.8248647416055156,
        0.8904333819965377,
        0.5757738860097195,
        0.4958715234032053,
        0.6544075578880613,
        0.08956771217416848,
        0.31809291326710987,
        0.7317351378682503,
        0.513753598918207,
        0.23213782488727183,
        0.5019855336733675,
        0.6318205703333101,
        0.5900587657120185,
        0.32506632024081195,
        0.5975949910206287,
        0.5032255855685565,
        0.24172979140471168,
        0.6850619980406542,
        0.32503112858734085,
        0.8743496592219848,
        0.5357782922880692,
        0.4972881145580982,
        0.3256274749300099,
        0.23283783074811712,
        0.458181599365596,
        0.9730744931001951,
        0.39599759809052826,
        0.6814039118963049,
        0.4030363655890651
      ],
      [
        0.8687173384093683,
        0.34913894245374494,
        0.06211227133664859,
        0.533983331970396,
        0.5725266691084585,
        0.46232575791829006,
        0.13076575770501056,
        0.8470750182533282,
        0.461805284979578,
        0.13151100704066254,
        0.7831091832776397,
        0.9599114347044965,
        0.8794635393239296,
        0.8437731648138231,
        0.0,
        0.7098810802906753,
        0.9312390173849616,
        1.07638186840737,
        0.4577745202345382,
        0.7542008433318106,
        0.5479949056991078,
        0.9989293467996938,
        0.9688430577679277,
        0.05406636910160189,
        0.9274520777333066,
        0.5982024562325127,
        0.36590922133200277,
        0.7323961279373532,
        0.8672218696062365,
        0.7813900821198032,
        0.7167433594484705,
        0.44862715687415805,
        0.524496038124271,
        0.8002459272521752,
        0.6711969984210465,
        0.2483114686380488,
        0.6220702841325744,
        0.8498848794942074,
        0.8086925049782149,
        0.13227678383391192,
        1.0586128476034402,
        0.5263880238636012,
        0.22307545324010586,
        0.786439675830233,
        0.29446198189170975,
        0.42321585210133134,
        0.6063704810248126,
        0.35559661769927825,
        0.6964568724778452,
        1.0207911055707402,
        0.8711439539299423,
        0.0653303932858836,
        0.15346318105868922,
        0.9695741574227573,
        0.6266690082580306,
        0.9701215100774772,
        0.9085985128532379,
        0.899711277950808,
        0.8628845978606666,
        1.1976145413967192,
        0.8158792550986957,
        1.139441600323091,
        0.5617788572608463,
        0.4056446389627399,
        0.8047414455535543,
        0.33993613393327715,
        1.0742486778266438,
        0.7238065311700501,
        0.7681913351451201,
        1.0985280027539646,
        0.573433607745806,
        0.34337632056511347,
        1.1982066604540291,
        0.6189147618351238,
        0.682255669305244,
        1.0871664440668807,
        0.634844272727136,
        1.0581793916258149,
        0.2616522111269923,
        0.9264947882709567
      ],
      [
        0.5819533879127109,
        0.7545405067558193,
        0.7135466956795921,
        0.4986716701508962,
        0.5150546926745243,
        0.3410394258352535,
        0.7473921644597551,
        0.1371939379626529,
        0.6444812366773532,
        0.7765717847215723,
        0.7895861494645421,
        0.3678278908542179,
        0.46243409068394103,
        0.46977409282570143,
        0.7098810802906753,
        0.0,
        0.36966237470095836,
        0.44263894565725925,
        0.4503082715276967,
        0.15388194843042427,
        0.5300506673033017,
        0.28904826650901844,
        0.3783665409323475,
        0.6706892394275037,
        0.2933295104309227,
        0.605768593487802,
        0.514979371660672,
        0.022515047646677864,
        0.23090145636816203,
        0.43017100313759526,
        0.5809955618676887,
        0.44705540514188247,
        0.4531198305461609,
        0.0903648469614999,
        0.1353358290014574,
        0.5916320038166041,
        0.10489048130338668,
        0.3640742010581944,
        0.4075545888516385,
        0.6151613899295171,
        0.42927283985324083,
        0.21649024310880377,
        0.5087832477238182,
        0.6876120806290275,
        0.727571344941676,
        0.5279807375407137,
        0.6312161885413144,
        0.594054224641723,
        0.09222280454790624,
        0.4762584172590932,
        0.45420144660428746,
        0.7178213139503125,
        0.6627676596128059,
        0.259693077132082,
        0.5923216761825292,
        0.27056434047345074,
        0.5578354232860909,
        0.7564113262562208,
        0.27563599738111105,
        0.5137468425573679,
        0.6684720962332675,
        0.4295605200324156,
        0.20734057311576176,
        0.6604827179315342,
        0.7218555098799617,
        0.6677262156037349,
        0.4348617344242391,
        0.24741229309853552,
        0.21595523177914644,
        0.4922596882698798,
        0.4524090136788255,
        0.6009710137252704,
        0.5353748978755302,
        0.36091568035909366,
        0.2932958861134583,
        0.3772853637762055,
        0.5511338475570359,
        0.4482556763021858,
        0.4550614659289133,
        0.8415653367833773
      ],
      [
        0.9470944123837338,
        0.9970391927772368,
        0.9167142648816499,
        0.8683321246724431,
        0.37454550541902853,
        0.5053957246466617,
        0.9117484632711633,
        0.3245020268323357,
        0.9572639446595617,
        0.9817665830816976,
        1.1592427727670724,
        0.7094942478119344,
        0.8175441764593135,
        0.8308839472994802,
        0.9312390173849616,
        0.36966237470095836,
        0.0,
        0.6082826955358386,
        0.7280268317885414,
        0.5235424029519713,
        0.42057358380976967,
        0.41315355531560494,
        0.7276126885735985,
        0.8845300862137443,
        0.6230422420207622,
        0.975429048009349,
        0.5857845195459395,
        0.3522277792365174,
        0.16865253062822952,
        0.1826241139987197,
        0.33344867272881323,
        0.5894232245845017,
        0.6844086107603676,
        0.42886911072327455,
        0.27885777800208794,
        0.7108956798410604,
        0.36460980775415897,
        0.7213453876992748,
        0.7728564629251399,
        0.8140038245129593,
        0.6597120937379648,
        0.49443975477105334,
        0.711950816925876,
        1.0448832672701078,
        0.9554846218707607,
        0.7973890233535503,
        1.0008766430628615,
        0.8432003242038678,
        0.29345469553625564,
        0.8181108300458496,
        0.8092269771492783,
        0.9209888831523702,
        0.816578467037618,
        0.4146372940065606,
        0.9619821307040762,
        0.2971685226446337,
        0.9202321420639429,
        1.1256855384848412,
        0.10033742059746098,
        0.6542524410224132,
        1.033773970306769,
        0.5722407920279035,
        0.3694601601241153,
        0.9239997946389653,
        1.0915121331824922,
        0.9121476080800043,
        0.5898059512987176,
        0.6170689164010659,
        0.16304768223984156,
        0.7263874287505183,
        0.5161116676579017,
        0.8455107685200641,
        0.6805588476657127,
        0.7305723036616241,
        0.6616955949507212,
        0.532229580650684,
        0.31101469572376716,
        0.6031998931766643,
        0.6701445075834024,
        1.2108395490119979
      ],
      [
        0.48739653548252715,
        0.8966538157686497,
        1.02155274270631,
        0.6104832670943966,
        0.8557440513051475,
        0.7407843660906605,
        1.014888981177242,
        0.34008893468754237,
        0.7672938992102317,
        0.9448708613667076,
        0.7610356412712396,
        0.17130205015432962,
        0.33792137883346746,
        0.37462262929480694,
        1.07638186840737,
        0.44263894565725925,
        0.6082826955358386,
        0.0,
        0.6186073481728319,
        0.34626577146664084,
        0.9038001636556592,
        0.2109967806533312,
        0.16004883223871186,
        1.0353681900575222,
        0.14930943522633658,
        0.6703450512034684,
        0.9163241595104824,
        0.42012389801058136,
        0.4530991793357355,
        0.7592547603242338,
        0.8785664908853404,
        0.7572109553768717,
        0.7800181232365988,
        0.4519271872429894,
        0.548642726486567,
        0.9987530096792068,
        0.5104033021718866,
        0.2898162221844859,
        0.36334461901753684,
        0.9791215127445214,
        0.05142939820212618,
        0.5934524309288045,
        0.878094436707546,
        0.6045299952578618,
