{
  "sol": {
    "z": 2.867737853133055,
    "tours": [
      [
        0,
        26,
        5,
        13,
        30,
        25,
        14,
        16
      ],
      [
        7,
        23,
        3,
        2,
        8,
        18,
        1,
        15,
        22,
        11,
        9,
        4
      ],
      [
        6,
        29,
        12,
        24,
        31,
        20,
        27,
        19
      ],
      [
        17,
        10
      ],
      [
        28,
        21
      ]
    ]
  },
  "params": {
    "gm": [
      [
        0.0,
        0.33816503766243183,
        0.5228878770916648,
        0.6017155301386891,
        0.168088097659636,
        0.2621032002538389,
        0.7348188661475027,
        0.607258034804407,
        0.6338062236497433,
        0.17421870043785573,
        0.4601940170174189,
        0.14964836780788257,
        0.7596404966781433,
        0.3744368591996373,
        0.4827978941552467,
        0.08980555345231994,
        0.49591464375821415,
        0.4257145944113125,
        0.8123729827253917,
        0.7461257256446024,
        0.8366766674231215,
        0.36702645158822916,
        0.15192879387935235,
        0.49169128200684237,
        0.6970023896450647,
        0.388879679903125,
        0.07465080210183205,
        0.8259755399363353,
        0.3978964273462482,
        0.7014289549920119,
        0.4973694685572751,
        0.7594935103369407,
        0.12431581298901336,
        0.745620859734303,
        0.5486379200683151,
        0.559504175726007,
        0.21035931832322188,
        0.4151572775610421,
        0.49574729995632677,
        0.5195343114697322,
        0.49111186754900804,
        0.7750753518866131,
        0.7064007958871711,
        0.7898538472613137,
        0.13376630689278965,
        0.426537359881307,
        0.48171126451452595,
        0.2060447704479449,
        0.7703706388112,
        0.46198761467406624,
        0.38219981832271915,
        0.8869807889429284,
        0.4659448148767845,
        0.6082970696163258,
        0.5802879248469557,
        0.49936624895159015,
        0.521649952943655,
        0.27991927752528334,
        0.6725418307058285,
        0.7234702580788308,
        0.23449194164209783,
        0.7683942473754056,
        0.2726622882393603,
        0.6424618603287328,
        0.5301476848044296,
        0.6488661132709544,
        0.7190988123276787,
        0.47948540967366143,
        0.464884896067034,
        0.573605113165476,
        0.3645862738032834,
        0.4461929238645371,
        0.4363618108313431,
        0.3096314628976462,
        0.4526739673178459,
        0.24508028864640052,
        0.1801522087110662,
        0.1283639768028077,
        0.14975044244340005,
        0.8841170619415274
      ],
      [
        0.33816503766243183,
        0.0,
        0.22632935229831694,
        0.27285078726369394,
        0.45410676509495523,
        0.21027016457933675,
        0.7180821966150646,
        0.3380953375780238,
        0.3727727058388919,
        0.40342167685433805,
        0.7851492608055025,
        0.3842701060499399,
        0.7282918971150595,
        0.20440572020910955,
        0.1792696891643623,
        0.40948460763835715,
        0.2209254722083014,
        0.683415565139605,
        0.5224872139936422,
        0.886204077967705,
        0.6560301336759609,
        0.559467712495434,
        0.42400517998885856,
        0.37941946651725483,
        0.6386317280668838,
        0.16084905281397494,
        0.2956311751522662,
        0.9044581110294323,
        0.6133071142486302,
        0.7027369512991564,
        0.32733832956674735,
        0.5867923744703827,
        0.2187195796979008,
        0.7730995963466891,
        0.4294414339881685,
        0.510544051238815,
        0.44518912972242736,
        0.6371025816312903,
        0.22627154756876028,
        0.26478173847142766,
        0.32108072855848024,
        0.743645104194379,
        0.4203858804594912,
        0.6198227082707859,
        0.38312231618112574,
        0.6344902481817434,
        0.48348995128262295,
        0.4637457411762374,
        0.7663794278226997,
        0.20729107209184255,
        0.6399007890510117,
        0.6192531740250272,
        0.7841414149674595,
        0.5523845762235324,
        0.32480433789457536,
        0.1854370044798131,
        0.6562069184284393,
        0.07954454395075895,
        0.576352452507566,
        0.5636810747732525,
        0.4451459619506544,
        0.6569029311870975,
        0.419531696593302,
        0.3369093413545226,
        0.35921946795087767,
        0.39379206737332795,
        0.5384485100766103,
        0.556288909245082,
        0.7225858667953264,
        0.438942792613688,
        0.0760561736010228,
        0.7038938945928296,
        0.6724517490522631,
        0.11786031422096524,
        0.19820710966447186,
        0.13566930183811837,
        0.3503273462276803,
        0.46306483453071295,
        0.4747056862314836,
        1.0090718949508346
      ],
      [
        0.5228878770916648,
        0.22632935229831694,
        0.0,
        0.11751183522234274,
        0.6633376138876537,
        0.2923253751631029,
        0.647422589427165,
        0.28877259873687444,
        0.15296804599200323,
        0.5669105221876753,
        0.9226452208578416,
        0.5498349463335893,
        0.6209127934949074,
        0.18784426593642214,
        0.04714321867378339,
        0.6060644678380522,
        0.13116651242448688,
        0.8312803577684453,
        0.29812396480798126,
        0.8807988767418368,
        0.5300703127700275,
        0.5278730764462709,
        0.6350390657803895,
        0.38711612770757886,
        0.5303913426848494,
        0.14317367575149817,
        0.4612751694396333,
        0.8334263330755107,
        0.6040182147880488,
        0.6255011122512167,
        0.31039533581931744,
        0.46942397709737316,
        0.3992017160253809,
        0.7305134324641097,
        0.42932718961786387,
        0.5117218844726167,
        0.5939466503926923,
        0.631295236441797,
        0.1528632452301943,
        0.272579943261366,
        0.29180486269476436,
        0.714369238330663,
        0.19442115318915185,
        0.5576923472647672,
        0.5266900162479378,
        0.5890008514608138,
        0.4912860320641477,
        0.6116105338050777,
        0.6902569998019891,
        0.23421126694238134,
        0.7877655816798519,
        0.3931049129015096,
        0.9134471781387407,
        0.5477300483192009,
        0.2607992990715985,
        0.05107754508500269,
        0.7006100828611663,
        0.248465694984793,
        0.4592812638915818,
        0.45930251703560127,
        0.6256280982781346,
        0.5395027860884782,
        0.5884528476273361,
        0.1195748067340825,
        0.2668216893150447,
        0.17956207514117736,
        0.4210483649779909,
        0.49764141617746394,
        0.870254529019066,
        0.4324960610218639,
        0.1652690872413423,
        0.8252154612048658,
        0.7901416791016624,
        0.21395693314273995,
        0.2262763309745239,
        0.27804771615913076,
        0.511510321439405,
        0.6511732898521393,
        0.6704457510209604,
        0.9407008817556969
      ],
      [
        0.6017155301386891,
        0.27285078726369394,
        0.11751183522234274,
        0.0,
        0.7268238765587167,
        0.3951321283693133,
        0.7606422177450277,
        0.23104639422886963,
        0.21066524737924536,
        0.6403323851733506,
        0.9953517327466221,
        0.6228353815053546,
        0.7384246287172501,
        0.3002628037862535,
        0.13195453132269033,
        0.6789102476991388,
        0.11837251142569556,
        0.9153043182149537,
        0.28013886882519534,
        0.997377456163493,
        0.5351462551238163,
        0.6431788909241813,
        0.6968264634170858,
        0.363875617455487,
        0.6479031779071922,
        0.24884983237152394,
        0.5474814652224274,
        0.9469640653965476,
        0.7193240292659593,
        0.7375252920156401,
        0.42311527367199686,
        0.533021023019845,
        0.47775738345069607,
        0.8437330607819724,
        0.3888791358735394,
        0.46830019068159157,
        0.6884003257685704,
        0.7466010509197074,
        0.13362864140816455,
        0.2588278758269518,
        0.4083834421164205,
        0.8309478177523193,
        0.19949709554294068,
        0.6734565001510112,
        0.61700605525421,
        0.7043066659387243,
        0.4662595142286851,
        0.6956344942515861,
        0.8009437554353058,
        0.24444629010032193,
        0.8717895421263604,
        0.3956960273246377,
        0.9794200761244849,
        0.49618976321505937,
        0.1990677316958471,
        0.1086945512750565,
        0.8159158973390767,
        0.32189643545137214,
        0.5767930991139245,
        0.5228995629580732,
        0.6911500428990033,
        0.60309983201095,
        0.6550085312184554,
        0.1044073702558871,
        0.38212750379295507,
        0.24315912106364923,
        0.48464541090046276,
        0.6149759935918792,
        0.9544541780838631,
        0.3853557951348977,
        0.2381369136995812,
        0.8980832876631047,
        0.8805396446601934,
        0.30435489870127097,
        0.23982379145013988,
        0.3638332320585279,
        0.584378147897644,
        0.7293622665441118,
        0.74417066382447,
        1.0546449224995789
      ],
      [
        0.168088097659636,
        0.45410676509495523,
        0.6633376138876537,
        0.7268238765587167,
        0.0,
        0.42540522758820104,
        0.8833959154364677,
        0.6200504165314549,
        0.7866420928366501,
        0.1348590158859018,
        0.38000194496791195,
        0.13414016222928615,
        0.9175136205172137,
        0.5331082596983409,
        0.6196728104316999,
        0.08392876474028678,
        0.6352043915644896,
        0.3722502693302642,
        0.9592991481257751,
        0.8933323474451698,
        0.9953480679218251,
        0.5242345637447562,
        0.031448849645122005,
        0.5003850925501127,
        0.8537292453025636,
        0.5391961141750933,
        0.24244658526138546,
        0.9937713230958887,
        0.5464734766352132,
        0.8500060042809767,
        0.6560408690559787,
        0.9162203659944395,
        0.27241457172264777,
        0.8937196184679375,
        0.5546959428227215,
        0.5717401986538121,
        0.3574726966056264,
        0.5626375238529047,
        0.6352886041317817,
        0.6150228205959398,
        0.6497832680477116,
        0.9231741106202476,
        0.8535659309457759,
        0.9485252477600172,
        0.2808796851751942,
        0.5764586670325662,
        0.49198501290740315,
        0.36584877958983897,
        0.918947688100165,
        0.6103158873028379,
        0.41275954448920094,
        1.0397700849061606,
        0.387001617156758,
        0.6156168478213905,
        0.6521694012719614,
        0.6324939135521569,
        0.6689576282805234,
        0.4148745769372358,
        0.8280496891554852,
        0.8801971137363296,
        0.3912187972995967,
        0.9251211030329045,
        0.23298978401602274,
        0.7815999256289322,
        0.6888190853031332,
        0.7975088646471389,
        0.8777702128263822,
        0.639050631680929,
        0.4672112194060072,
        0.5797622248649731,
        0.49886138102088085,
        0.34876643894738296,
        0.5932970761048708,
        0.4568755647196714,
        0.6010022399466176,
        0.3934085612751722,
        0.18978495413947666,
        0.10877509486637704,
        0.076204841877589,
        1.026014872320902
      ],
      [
        0.2621032002538389,
        0.21027016457933675,
        0.2923253751631029,
        0.3951321283693133,
        0.42540522758820104,
        0.0,
        0.5161722037883709,
        0.4321007194247506,
        0.37854700480184383,
        0.37313880940790106,
        0.7088482334303898,
        0.3488046122499378,
        0.6405130375423156,
        0.11643690771687727,
        0.2636053505372491,
        0.351791877659458,
        0.31901164358305745,
        0.5961079076805512,
        0.562107481388694,
        0.7637619010094824,
        0.5786767159403614,
        0.49502843094130833,
        0.4032393601922495,
        0.46644262179671503,
        0.5506823376120497,
        0.14917271002429783,
        0.18951550705430367,
        0.7025481182027387,
        0.536001646849683,
        0.5495621149438618,
        0.23936951707451506,
        0.5087190206700456,
        0.1593044444075571,
        0.5992630468253156,
        0.5164645892676287,
        0.5975672065182751,
        0.34011616499060704,
        0.5566186818206087,
        0.32606385096093654,
        0.3518048937508878,
        0.23311191606624798,
        0.6287110482734816,
        0.4573717923519793,
        0.5318538957785536,
        0.2917813142477966,
        0.5615863054210372,
        0.5705131065620832,
        0.3764380837171836,
        0.5824040919770296,
        0.2942581969552219,
        0.5525931315919579,
        0.631721570095029,
        0.6968337575084057,
        0.6394077315029927,
        0.4222522234265274,
        0.2864700259135353,
        0.6630902020679562,
        0.13381568341496325,
        0.48875750275555485,
        0.4823277668734262,
        0.3668738978651672,
        0.5795532819554059,
        0.42223237923167395,
        0.40767417812094625,
        0.2721477333216696,
        0.4091591433921273,
        0.46109886084491863,
        0.5112740054800855,
        0.6352782093362728,
        0.5256937520690429,
        0.17609750152507442,
        0.6165862371337758,
        0.6051252682932872,
        0.10139337446735676,
        0.28494454959900156,
        0.08410609646955619,
        0.334485575333385,
        0.3836818185807944,
        0.41056560698503913,
        0.8105485987487059
      ],
      [
        0.7348188661475027,
        0.7180821966150646,
        0.647422589427165,
        0.7606422177450277,
        0.8833959154364677,
        0.5161722037883709,
        0.0,
        0.9035627896609185,
        0.6207019191735381,
        0.889311013196272,
        0.8118197813376192,
        0.8649768160383087,
        0.14367118749197724,
        0.513676476405955,
        0.657021223441329,
        0.7997423905627353,
        0.7530691556769417,
        0.6991863118017245,
        0.7429670126455601,
        0.2475896972211115,
        0.4254887093697316,
        0.41876468782322085,
        0.8749314237534668,
        0.9521896170165852,
        0.16653678294138882,
        0.5698893176769836,
        0.6834085785966338,
        0.18637591441436777,
        0.33692243880125444,
        0.03338991115549082,
        0.4614391232610682,
        0.3357934374513273,
        0.675476648195928,
        0.08309084303694472,
        1.0022115844874988,
        1.0833142017381454,
        0.6375663261632397,
        0.36671820448981035,
        0.7699421117852361,
        0.837551888970758,
        0.4038064383302839,
        0.11253884448511067,
        0.6953192002909738,
        0.10950447628997684,
        0.6025162302612734,
        0.37210375554900615,
        1.0562601017819535,
        0.5586455676427668,
        0.0662318881886587,
        0.7796378186791638,
        0.6557082662777957,
        0.6994316006154881,
        0.799209676007323,
        1.125154726722863,
        0.8835885806681102,
        0.6810004783271324,
        0.46521771980873006,
        0.6499878872033342,
        0.2250564222138881,
        0.31236441004586546,
        0.506726313134553,
        0.4622782692566057,
        0.9384045830200449,
        0.715933543882961,
        0.38146337747130443,
        0.5880689912058132,
        0.3465827013689997,
        0.39111588494553734,
        0.6868257451989391,
        1.0112912820685376,
        0.6489815902966954,
        0.7178773849929577,
        0.5426682873287915,
        0.6120683477561714,
        0.7707457872497794,
        0.600278300257927,
        0.850657779121756,
        0.8618017143461227,
        0.8650332513469923,
        0.29437639496033496
      ],
      [
        0.607258034804407,
        0.3380953375780238,
        0.28877259873687444,
        0.23104639422886963,
        0.6200504165314549,
        0.4321007194247506,
        0.9035627896609185,
        0.0,
        0.4292759901624139,
        0.5187959355880044,
        1.0000523614993668,
        0.520093748095903,
        0.8975618848629592,
        0.391659718575892,
        0.25917471543900966,
        0.6511583420094358,
        0.15925843965646663,
        0.8964807228965644,
        0.5071985573755184,
        1.0959328251906066,
        0.7661027018974883,
        0.7888138020191089,
        0.6221354729238516,
        0.1526670434165566,
        0.8062735253764604,
        0.334114338807937,
        0.5465545892556909,
        1.0899387040752864,
        0.8386702762529294,
        0.8862418145792285,
        0.5145923279335298,
        0.749943650690744,
        0.48474933596055814,
        0.9589576789317431,
        0.16013527291701965,
        0.2375945634766143,
        0.6633818441962308,
        0.8088745105643735,
        0.13879240718552321,
        0.10336247306384047,
        0.5069388111435343,
        0.929503186779433,
        0.4304535423166127,
        0.8056807908558399,
        0.6191080844313728,
        0.8396121985398965,
        0.2450784357664324,
        0.6957405638039533,
        0.9538844342456051,
        0.1488997178089255,
        0.8529659468079711,
        0.6254796284226929,
        0.9972065727244189,
        0.26562357749716675,
        0.03211898474050654,
        0.2406022188283328,
        0.9091500065398592,
        0.33248763206217885,
        0.7373760184301208,
        0.7369636480118988,
        0.7111757182133118,
        0.8200224596818491,
        0.43183085399654925,
        0.3347960374769141,
        0.5277624148878827,
        0.4600817487345482,
        0.7015680385713617,
        0.7295541952390441,
        0.9483603564139532,
        0.15450692597028348,
        0.262039163977001,
        0.916959052349789,
        0.8993315975277216,
        0.33236249482794883,
        0.15458406748656098,
        0.3621777461580064,
        0.4642061167123328,
        0.7129772989730963,
        0.6962552584090439,
        1.1949299775358886
      ],
      [
        0.6338062236497433,
        0.3727727058388919,
        0.15296804599200323,
        0.21066524737924536,
        0.7866420928366501,
        0.37854700480184383,
        0.6207019191735381,
        0.4292759901624139,
        0.0,
        0.7022241470923459,
        1.041192293273673,
        0.6829360816325802,
        0.5377564911162609,
        0.2621100970849666,
        0.19820707070599858,
        0.7214541837148151,
        0.2789620280147185,
        0.9285364681775994,
        0.1862635314335895,
        0.8670431152732454,
        0.39170084140388894,
        0.5250617341384597,
        0.7602911526465365,
        0.5388526952174206,
        0.4600806340856356,
        0.24747752318850358,
        0.5650101078845792,
        0.7959467808663359,
        0.6012068724802377,
        0.5893425862565378,
        0.38504270644260435,
        0.3224948299239206,
        0.5151106916305265,
        0.7037927622104827,
        0.577803214172845,
        0.6598576427286224,
        0.7142949786585209,
        0.6284838941339859,
        0.30069835129168343,
        0.4246544591492184,
        0.37287698363340666,
        0.7332407636586487,
        0.08922258678029903,
        0.5553494023691857,
        0.642797657062538,
        0.5861895091530026,
        0.6432316064361504,
        0.7268072226984613,
        0.6374108639821365,
        0.3871116334835718,
        0.886235609700124,
        0.2531745652931852,
        1.0301070035419189,
        0.6933210157433372,
        0.3988475029032416,
        0.2033353802375586,
        0.697798740553355,
        0.37836407089834867,
        0.39583371294763015,
        0.3123733698621487,
        0.6583221317393992,
        0.3925736389150256,
        0.7183512235408918,
        0.11756967843684668,
        0.2640103470072334,
        0.03263292796772483,
        0.27411921780453835,
        0.5031366191656493,
        0.9267595713325903,
        0.5789459527797883,
        0.30339329079512234,
        0.9443237514084175,
        0.803595532373555,
        0.3300645739573401,
        0.37908320813477336,
        0.3932444050525144,
        0.6481529351832662,
        0.759539330134295,
        0.7835493443373124,
        0.9025660989806656
      ],
      [
        0.17421870043785573,
        0.40342167685433805,
        0.5669105221876753,
        0.6403323851733506,
        0.1348590158859018,
        0.37313880940790106,
        0.889311013196272,
        0.5187959355880044,
        0.7022241470923459,
        0.0,
        0.5045648028592742,
        0.026139828058996086,
        0.9222981424585552,
        0.46501599766259155,
        0.5209943029564026,
        0.15170070469919794,
        0.5442069475308329,
        0.507109285216166,
        0.8650268470163764,
        0.9203155783170789,
        0.9221978944594241,
        0.533038792718039,
        0.10477173246375555,
        0.3661288921714478,
        0.8659180612507585,
        0.45788178948261765,
        0.22754268413045234,
        0.9788674219649556,
        0.5702655555569058,
        0.8737980832026695,
        0.5879486070202293,
        0.851237408929786,
        0.21492814228751728,
        0.836233189032807,
        0.4198370876413723,
        0.43865318411076554,
        0.3781433420667557,
        0.5885642142590461,
        0.5442911600981251,
        0.48076662021727495,
        0.5816910060119622,
        0.8656876811851171,
        0.7608387645784817,
        0.8804329857242679,
        0.30787452650978386,
        0.5976465109392588,
        0.3586746668814568,
        0.3780664015753804,
        0.9427397670218577,
        0.533430369964589,
        0.5476185603751027,
        0.9545930525177909,
        0.5097713457198683,
        0.48360100138536705,
        0.5466182916451153,
        0.537246510519791,
        0.6952089915258352,
        0.3238771329035791,
        0.8373365927012691,
        0.8309068568191404,
        0.4034076132477917,
        0.9219251913151242,
        0.10820904665897059,
        0.6829365746713584,
        0.6207268232673839,
        0.7173538294747799,
        0.8046162708600736,
        0.6421430554540734,
        0.602070235291909,
        0.44490350711838766,
        0.40219547147376933,
        0.4836254548332848,
        0.6083834419587786,
        0.3758533917014058,
        0.5243464075372184,
        0.31845753716332037,
        0.0605401636659041,
        0.21034293754829012,
        0.19442485420959021,
        1.0577697794659104
      ],
      [
        0.4601940170174189,
        0.7851492608055025,
        0.9226452208578416,
        0.9953517327466221,
        0.38000194496791195,
        0.7088482334303898,
        0.8118197813376192,
        1.0000523614993668,
        1.041192293273673,
        0.5045648028592742,
        0.0,
        0.4934423237120119,
        0.892776312204051,
        0.8126265770847549,
        0.8781877548945836,
        0.3757344353582758,
        0.902245432223778,
        0.11301848345938605,
        1.1620391615662142,
        0.6753609867195539,
        1.0276116709821799,
        0.5161305591352133,
        0.40425997823897303,
        0.8608690283913583,
        0.8389937887677706,
        0.8118537754495947,
        0.5193327263760861,
        0.7872222200748404,
        0.47489734253636484,
        0.7784298701821284,
        0.9355591864423927,
        0.9382878365320175,
        0.5818103176256151,
        0.8602714766159401,
        0.9172783821058614,
        0.9404750181905767,
        0.412806976727724,
        0.4654806246095882,
        0.9075915075842369,
        0.9185051549025793,
        0.8860485828926128,
        0.8417906251307277,
        1.1158095743911087,
        0.88718470450361,
        0.41737924412785093,
        0.5086685216503003,
        0.8605388854284453,
        0.33241014971320615,
        0.8473715540013166,
        0.8603213308374775,
        0.1562551018384319,
        1.2106930323228366,
        0.0159316566221373,
        0.9867801149307263,
        1.006124297910052,
        0.8866571814715657,
        0.5300095262672467,
        0.7195781485842172,
        0.834498879566614,
        0.9018343780368159,
        0.43394837419665117,
        0.9656593074885641,
        0.6101477208835304,
        1.0206910468397674,
        0.7771819462664395,
        1.0085593653059481,
        0.9102454562136567,
        0.6144146867636221,
        0.16203280885304633,
        0.9422843288231262,
        0.7573761336164994,
        0.09742975965297586,
        0.31956788699838584,
        0.7301123272330488,
        0.8696349781936978,
        0.665972967359153,
        0.549370865077871,
        0.34915700478400885,
        0.3104435745740189,
        0.8226711011426863
      ],
      [
        0.14964836780788257,
        0.3842701060499399,
        0.5498349463335893,
        0.6228353815053546,
        0.13414016222928615,
        0.3488046122499378,
        0.8649768160383087,
        0.520093748095903,
        0.6829360816325802,
        0.026139828058996086,
        0.4934423237120119,
        0.0,
        0.8962089349765214,
        0.4426982973173578,
        0.504349650940514,
        0.13616320511013189,
        0.5250553767264348,
        0.5063904315595504,
        0.8478904818868012,
        0.8954192117120615,
        0.9001768491714075,
        0.5069620518824283,
        0.10277713649789086,
        0.3674267046793464,
        0.8400301724185029,
        0.4375077042136545,
        0.2014534766484186,
        0.9527782144829219,
        0.5446718695083547,
        0.8482043971541182,
        0.5656309066749956,
        0.8292163636417694,
        0.1900698009472594,
        0.8113748476925491,
        0.4238360583938496,
        0.4473242060758055,
        0.35205413458472196,
        0.5632121209482832,
        0.5251395892937268,
        0.4820644327251736,
        0.5593733056667285,
        0.8408293398448592,
        0.7432569360410125,
        0.8581152853790341,
        0.28299289369248853,
        0.5718654432865103,
        0.367311249296093,
        0.3545758630547005,
        0.9171460809733064,
        0.5133438179029695,
        0.5307309109294748,
        0.9356887999925602,
        0.5015225554580717,
        0.4933475134137046,
        0.547916104153014,
        0.5145088237778459,
        0.6698885871090047,
        0.30472556209918095,
        0.8150188923560354,
        0.8085891564739067,
        0.37751972441553605,
        0.9010496466825442,
        0.12674282009231916,
        0.6655870071009832,
        0.5984091229221502,
        0.6973490718327134,
        0.782595225572057,
        0.6160538479720397,
        0.6013513816352933,
        0.44884200511111433,
        0.3846984678057733,
        0.4829066011766691,
        0.5848929034380987,
        0.3551039718450816,
        0.5040301705467491,
        0.29643649187530374,
        0.055928541365859126,
        0.19690854658041965,
        0.1853281830246872,
        1.0324497096621974
      ],
      [
        0.7596404966781433,
        0.7282918971150595,
        0.6209127934949074,
        0.7384246287172501,
        0.9175136205172137,
        0.6405130375423156,
        0.14367118749197724,
        0.8975618848629592,
        0.5377564911162609,
        0.9222981424585552,
        0.892776312204051,
        0.8962089349765214,
        0.0,
        0.5240761298254383,
        0.640436071152203,
        0.8336245306875048,
        0.7402933710728926,
        0.7801428426681563,
        0.643170083222841,
        0.37272482006455626,
        0.31175815791870726,
        0.3958226449976612,
        0.9061217109137617,
        0.9601691971259083,
        0.09129266072059974,
        0.5739960889698428,
        0.6947554583281028,
        0.27318413267069636,
        0.4178789696676862,
        0.11434644202192255,
        0.49031557355546374,
        0.23606080284769634,
        0.7365707777951944,
        0.22671043752296907,
        1.010191164596822,
        1.0912937818474684,
        0.6923305214895925,
        0.43744839282167325,
        0.7594737414203401,
        0.8455314690800811,
        0.4312293740239964,
        0.2561290318194673,
        0.6123737722336967,
        0.2021042958978505,
        0.638540353314101,
        0.39021309030533435,
        1.0642396818912765,
        0.6200723477640571,
        0.11885813716629877,
        0.7895029777200148,
        0.7366647971442274,
        0.5954032988214268,
        0.8801662068737547,
        1.133134306832186,
        0.8738043455751566,
        0.6620157421931225,
        0.5018223217056867,
        0.6757873349764059,
        0.16164429423368784,
        0.22543381936111784,
        0.5270406653383056,
        0.38128801944381374,
        1.007134347224659,
        0.6548046651855799,
        0.372469978644887,
        0.5051235631485361,
        0.2636372733117226,
        0.28015508700448183,
        0.7677822760653709,
        1.0201936357306824,
        0.6590115424922616,
        0.7988339158593895,
        0.6197550856915431,
        0.6153625540254024,
        0.78025410575347,
        0.6707297395510402,
        0.9099842897588273,
        0.8880044734809509,
        0.8989153914717616,
        0.37450437578088147
      ],
      [
        0.3744368591996373,
        0.20440572020910955,
        0.18784426593642214,
        0.3002628037862535,
        0.5331082596983409,
        0.11643690771687727,
        0.513676476405955,
        0.391659718575892,
        0.2621100970849666,
        0.46501599766259155,
        0.8126265770847549,
        0.4426982973173578,
        0.5240761298254383,
        0.0,
        0.1702998176522038,
        0.4633511560483891,
        0.25034638459435354,
        0.6998862513349164,
        0.4458198987925917,
        0.7056690223964431,
        0.4622398082234842,
        0.4167622127360186,
        0.5088146014245444,
        0.4394117513635089,
        0.43424542989517234,
        0.058621697383600346,
        0.3038553623493386,
        0.7000523908203228,
        0.49290735107779654,
        0.49833123109004684,
        0.12293260935763779,
        0.39228211295316834,
        0.2610869448191038,
        0.5686938761375795,
        0.48943371883442255,
        0.570536336085069,
        0.4544560202856419,
        0.5201843727315447,
        0.26381205680047126,
        0.32477402331768174,
        0.11667500834937071,
        0.5392393839852694,
        0.341402326065554,
        0.4154169880616763,
        0.40358394799896824,
        0.47788998775056146,
        0.5434822361288771,
        0.4802164273715488,
        0.5668340247230708,
        0.2673973543315805,
        0.6563714752463231,
        0.5152846623781517,
        0.8006121011627709,
        0.6123768610697866,
        0.37409248794526945,
        0.19552691043371512,
        0.5894992191509139,
        0.15881640678934336,
        0.3723205950386776,
        0.36589085915654895,
        0.4812137531602021,
        0.46311637423852864,
        0.4952941997941219,
        0.29700136103645125,
        0.15571082560479232,
        0.2947430250526914,
        0.3446619531280414,
        0.3948370977632082,
        0.7388604225855372,
        0.49904935614321916,
        0.13616278471612492,
        0.720364580788141,
        0.6745766173091388,
        0.09839187135021629,
        0.25830819705773655,
        0.1466536097256019,
        0.4181108647154476,
        0.4985156416065526,
        0.5239498976685247,
        0.804666174741725
      ],
      [
        0.4827978941552467,
        0.1792696891643623,
        0.04714321867378339,
        0.13195453132269033,
        0.6196728104316999,
        0.2636053505372491,
        0.657021223441329,
        0.25917471543900966,
        0.19820707070599858,
        0.5209943029564026,
        0.8781877548945836,
        0.504349650940514,
        0.640436071152203,
        0.1702998176522038,
        0.0,
        0.5644305790418527,
        0.10020494649956169,
        0.7923820055628811,
        0.34421329778395054,
        0.8716980982431641,
        0.5768603507039894,
        0.5369565569289172,
        0.591006215244062,
        0.34588113436381335,
        0.549287871484517,
        0.11700127580235309,
        0.4236656137087867,
        0.8419240274714561,
        0.6131016952706951,
        0.636958609277109,
        0.29249346056517256,
        0.5129835476561629,
        0.3586065271926533,
        0.7347229519843005,
        0.3915707629758841,
        0.4739296980057771,
        0.5604425120770229,
        0.6403787169244433,
        0.12040953877762617,
        0.23130654759830432,
        0.28270408419609167,
        0.7052684598319904,
        0.24121119112311387,
        0.5627249315415345,
        0.48774308718486875,
        0.5980843319434601,
        0.45001476040949967,
        0.5727121815995135,
        0.7031853809227754,
        0.1894751693771726,
        0.7488672294742877,
        0.4402479699784326,
        0.8689897121754826,
        0.5118654702323283,
        0.23377799619883494,
        0.025464039495407886,
        0.7096935633438125,
        0.20535902143936685,
        0.4794634265463676,
        0.4902103728981712,
        0.585032909445407,
        0.5830623566472679,
        0.5453461740819099,
        0.1619422717149558,
        0.2759051697976909,
        0.22312164569996717,
        0.4646079355367807,
        0.49686592026996673,
        0.8315523072186026,
        0.39650172784474147,
        0.12081162127808417,
        0.7807579952416077,
        0.752993097666402,
        0.17680835170747952,
        0.18122029896944175,
        0.23937004532837441,
        0.46705285547614694,
        0.6111564647473482,
        0.6291645671303865,
        0.9499424762170241
      ],
      [
        0.08980555345231994,
        0.40948460763835715,
        0.6060644678380522,
        0.6789102476991388,
        0.08392876474028678,
        0.351791877659458,
        0.7997423905627353,
        0.6511583420094358,
        0.7214541837148151,
        0.15170070469919794,
        0.3757344353582758,
        0.13616320511013189,
        0.8336245306875048,
        0.4633511560483891,
        0.5644305790418527,
        0.0,
        0.5690178229959912,
        0.456179034070551,
        0.8983540317832466,
        0.8096788225714375,
        0.9148616175359113,
        0.440368047383986,
        0.07865356100683316,
        0.4984912985928791,
        0.7698168005735464,
        0.4752843200162091,
        0.16405370055927304,
        0.9153784383937763,
        0.46281995176148094,
        0.7663524794072445,
        0.5862837654060269,
        0.8323079212654224,
        0.20749127458899108,
        0.8287963213342807,
        0.5527066737187548,
        0.5814950735198208,
        0.2738191717318942,
        0.47898399897917243,
        0.5789227615563045,
        0.6044801370073803,
        0.5800261643977598,
        0.8582508134865908,
        0.7923473128831431,
        0.8751073137287261,
        0.19722616030146192,
        0.492805142158834,
        0.5016679764588584,
        0.28219525471610674,
        0.8352941632264327,
        0.5469334402117144,
        0.458350302590881,
        0.9746287490080003,
        0.38148523321764133,
        0.6282375584891191,
        0.6597879361671637,
        0.5795334859749397,
        0.5853041034067912,
        0.35941928884549135,
        0.7443961642817529,
        0.7962846690073125,
        0.3073063525705796,
        0.8412086583038874,
        0.2599096784556546,
        0.7254330118123327,
        0.6190619816531815,
        0.7327285511246969,
        0.7977576135560924,
        0.5551275479334894,
        0.527635504220886,
        0.5774557463910636,
        0.4445217271670397,
        0.4326952036876697,
        0.5107105916232548,
        0.3945742501041257,
        0.5376197928554941,
        0.33002611418404865,
        0.18695222529710293,
        0.062059323783387396,
        0.06529086078425687,
        0.9476689038885
      ],
      [
        0.49591464375821415,
        0.2209254722083014,
        0.13116651242448688,
        0.11837251142569556,
        0.6352043915644896,
        0.31901164358305745,
        0.7530691556769417,
        0.15925843965646663,
        0.2789620280147185,
        0.5442069475308329,
        0.902245432223778,
        0.5250553767264348,
        0.7402933710728926,
        0.25034638459435354,
        0.10020494649956169,
        0.5690178229959912,
        0.0,
        0.8011422342204363,
        0.3903841818662064,
        0.9501139273707404,
        0.6336992725830333,
        0.634452805175086,
        0.6070286436012307,
        0.2612740324363925,
        0.6490839603932574,
        0.19185337958222717,
        0.4477887643146895,
        0.9394450700913094,
        0.7105979435168639,
        0.7340480839728755,
        0.3732789939519913,
        0.5978489754501844,
        0.37384025696767303,
        0.8189029393752804,
        0.29911627471409835,
        0.38137361040514645,
        0.5940688069149518,
        0.6919028649690857,
        0.021820761590235355,
        0.14896361085963886,
        0.36688407158707154,
        0.7894484472229703,
        0.2980501130021576,
        0.6629298780410962,
        0.5266034038746515,
        0.6955805801896288,
        0.3656793672867854,
        0.6021746838142251,
        0.8008691464956182,
        0.1264840207513327,
        0.7783297316889994,
        0.4998160087671603,
        0.893047389504677,
        0.4166474045295652,
        0.13360961063499455,
        0.08159006879323884,
        0.7969921891049341,
        0.2203298146272538,
        0.5795037499113779,
        0.5877066211443399,
        0.6002666392204267,
        0.6679277844412894,
        0.5524069461993608,
        0.20395917197501867,
        0.3734014180438596,
        0.30798707349398874,
        0.5494733633308022,
        0.5859717031670431,
        0.8610146021059145,
        0.3015035308681952,
        0.14486929860727857,
        0.8048156725708021,
        0.7953518913896509,
        0.2191671454307284,
        0.12153302345618014,
        0.26967543894084933,
        0.49111053280534134,
        0.6219547439047516,
        0.6343086837802481,
        1.0474387244631929
      ],
      [
        0.4257145944113125,
        0.683415565139605,
        0.8312803577684453,
        0.9153043182149537,
        0.3722502693302642,
        0.5961079076805512,
        0.6991863118017245,
        0.8964807228965644,
        0.9285364681775994,
        0.507109285216166,
        0.11301848345938605,
        0.5063904315595504,
        0.7801428426681563,
        0.6998862513349164,
        0.7923820055628811,
        0.456179034070551,
        0.8011422342204363,
        0.0,
        1.049020678106828,
        0.5857600095043244,
        0.9152172063872277,
        0.4034747340391397,
        0.40369911897538624,
        0.8726353618803768,
        0.7260730811829907,
        0.6991134496997562,
        0.4065924006262476,
        0.6902848744689136,
        0.3622638730004701,
        0.6657964006462337,
        0.8228188606925542,
        0.825531513519175,
        0.4812673442342263,
        0.7706704994007105,
        0.9269462121529857,
        0.9439904679840763,
        0.30006665097788543,
        0.3537625774077742,
        0.8229629958106717,
        0.8057648291527408,
        0.7733927577965392,
