{
  "sol": {
    "z": 2.3280545646352393,
    "tours": [
      [
        0,
        31,
        26,
        27,
        5,
        6,
        18,
        10,
        14,
        16,
        3
      ],
      [
        25,
        20,
        2,
        29
      ],
      [
        1
      ],
      [
        4,
        9,
        24,
        15,
        12,
        11,
        7,
        30,
        19,
        21,
        13
      ],
      [
        28,
        23,
        22
      ],
      [
        8,
        17
      ]
    ]
  },
  "params": {
    "gm": [
      [
        0.0,
        0.508990196284896,
        0.4096784173891405,
        0.1405361479640967,
        1.0662637118116203,
        0.2999328712721814,
        0.4416326252432594,
        1.0069305587342956,
        0.8964757462352771,
        0.9904040938514502,
        0.604496958197265,
        0.6722942568993872,
        0.8287527699676192,
        0.7862143821274952,
        0.3657070239733701,
        0.8512158087312773,
        0.4475304051832865,
        0.8557844037868598,
        0.4528008555627603,
        0.8350705879413864,
        0.31356887729004584,
        0.908609724462152,
        0.9487633487576207,
        0.8114303440226984,
        0.9003804382102522,
        0.2257756462144106,
        0.10698871950104676,
        0.21776338102314172,
        0.7519644210037318,
        0.5654417725936851,
        0.87212440146114,
        0.08666161691643119,
        0.7190071965531787,
        0.6037655773584106,
        0.46957375248437244,
        0.336997675718966,
        0.8015273852343372,
        0.2817461901343063,
        0.26242806708031047,
        0.8823496935162378,
        0.5769882584951748,
        0.8577444959368634,
        0.7120552645093691,
        0.7137739496658108,
        0.5658887431193915,
        0.9815096802198275,
        0.8882113179040374,
        0.787713138303517,
        0.8565728045009526,
        0.2868487285838627,
        0.836213671989569,
        0.14960057630177098,
        0.42351711325249214,
        0.37659781109940815,
        0.6220341823861923,
        0.3580586054687261,
        0.5426560428581916,
        0.24748809805654198,
        0.9231366080554791,
        0.35837549429562565,
        0.7781137059355486,
        0.21864700204284762,
        0.8460642523937553,
        0.6256202856830235,
        0.555589296463213,
        0.728702182922464,
        0.5810574008889992,
        0.7943105451977817,
        0.28025588481145614,
        0.12434291347337176,
        0.5100892040144851,
        0.288902281389363,
        0.3577676275226575,
        0.7988770312116911,
        0.8383752825216149,
        0.6558117862854109,
        0.8656751519305661,
        0.6321814984344312,
        0.9554938116975558,
        0.9564537576446587
      ],
      [
        0.508990196284896,
        0.0,
        0.7435492438236839,
        0.6021653968928729,
        0.6808889182027789,
        0.30347726626460936,
        0.330041490721604,
        0.6007624953218208,
        0.3874855499503811,
        0.6077204298606571,
        0.22054880159317175,
        0.6836800610787966,
        0.6925208472659766,
        0.40979806204222413,
        0.40576304213371395,
        0.766779323437255,
        0.39572670074629074,
        0.3467942075019638,
        0.3096254399848065,
        0.46010833518466016,
        0.5815853931251518,
        0.5391503839432384,
        0.4764923488874694,
        0.4095515500427845,
        0.795335966243568,
        0.5882370869995288,
        0.4961717060447424,
        0.39079860972772335,
        0.36588475772685547,
        0.9085739062023181,
        0.46714666391323895,
        0.5956518132013271,
        0.6068652066967435,
        0.10509293684814802,
        0.7793166772053128,
        0.4027685005302398,
        0.434130954494164,
        0.3247634696164742,
        0.38668450666072623,
        0.5400140291843881,
        0.0696694453620769,
        0.4676794218035902,
        0.20306506822447315,
        0.7591073215138116,
        0.05689854683449552,
        0.5741590593601751,
        0.5025775394819438,
        0.65844839110425,
        0.4550028459007416,
        0.43721064971458307,
        0.3272234757046731,
        0.4826105005694533,
        0.4964111261657381,
        0.232796807609843,
        0.2658623942496568,
        0.30093673291103484,
        0.6061388188178215,
        0.535884985985455,
        0.5567184741419878,
        0.4102784251411285,
        0.7329260588923858,
        0.6473076070857653,
        0.756663137298721,
        0.661225272472688,
        0.07777285390504964,
        0.7537233108833638,
        0.07206720460410325,
        0.2853203489128857,
        0.42557255753897943,
        0.6327454877302584,
        0.09920513819127805,
        0.6288861515441457,
        0.40404162363265395,
        0.34991783046432196,
        0.38035446220779423,
        0.14682159000051492,
        0.4103266275602607,
        0.7029003096494915,
        0.5424200539413473,
        0.4474635613597627
      ],
      [
        0.4096784173891405,
        0.7435492438236839,
        0.0,
        0.2797160248364282,
        0.9978365964809948,
        0.46476119808979227,
        0.6447181356724312,
        0.9772805121791275,
        1.1167820082117446,
        0.9433351037692804,
        0.7762278082564146,
        0.6001313916670746,
        0.6976590278827088,
        0.913760443182696,
        0.6846208577678552,
        0.7680507612945878,
        0.7683704633906371,
        1.0901757622239105,
        0.6934955470274695,
        0.7880015978592166,
        0.1622754156694365,
        0.8225201114244449,
        1.0399715419128959,
        0.8848657343900748,
        0.8060185855975245,
        0.18943971849878802,
        0.32208967762820256,
        0.3607186696603576,
        0.9097663293529483,
        0.1986857215967238,
        0.8662643636528466,
        0.4166213508455839,
        0.6381264219706455,
        0.76586457129787,
        0.06196926425379601,
        0.35306798726978145,
        0.7544583951521674,
        0.43722929296766533,
        0.35708673153565557,
        0.9494557909553942,
        0.734152402350177,
        0.8106755058546937,
        0.9305530362480102,
        0.7347922476204126,
        0.7250131433468742,
        0.9718860170550109,
        0.8411423278218677,
        0.6700614913623263,
        0.8514169093936664,
        0.3073906797645901,
        1.03616291162993,
        0.30208999300529304,
        0.4220879252478995,
        0.5404232392743733,
        0.7858596105611575,
        0.5025022357047376,
        0.4986268714699543,
        0.5774478319856946,
        0.9798901317800836,
        0.6775352747863613,
        0.5823958637052261,
        0.20212857003323143,
        0.7700341800908618,
        0.542455238246334,
        0.7130313565365429,
        0.7497204808770659,
        0.8156164484277871,
        1.0282081080577807,
        0.3184268513713152,
        0.3331306617794228,
        0.6443775303303174,
        0.12828027442473153,
        0.6757686591102465,
        0.7548478598234538,
        0.9140628222250651,
        0.8882841171634078,
        0.8216459805423288,
        0.653199796389033,
        0.9414867166390526,
        1.1889260885226556
      ],
      [
        0.1405361479640967,
        0.6021653968928729,
        0.2797160248364282,
        0.0,
        1.050097664709025,
        0.29935509416898787,
        0.47931203175162673,
        0.9902699854467665,
        0.9744850237938953,
        0.9756771004853848,
        0.6108217043356101,
        0.6252218471659494,
        0.7903367617069126,
        0.7858199521043523,
        0.4142313572344819,
        0.8123996243559624,
        0.4979809628572637,
        0.9395342753831838,
        0.500412386616976,
        0.820343594575321,
        0.22329574109397538,
        0.8835404368489839,
        0.946733311022801,
        0.8096625304146837,
        0.874441012188388,
        0.11875590074836387,
        0.10663920257560854,
        0.23727233484439997,
        0.7501966073957171,
        0.45231208765028097,
        0.8554638281736111,
        0.13802164511297435,
        0.6830934368452609,
        0.6031878002552171,
        0.3413200593130772,
        0.32665122638785166,
        0.7868003918682718,
        0.2813517601111635,
        0.27012415027605174,
        0.8900457767119792,
        0.5764104813919813,
        0.8430175025707981,
        0.7706372809596237,
        0.7083754867384828,
        0.5704788354288366,
        0.9648491069322984,
        0.873484324537972,
        0.7504773916962019,
        0.8399122312134235,
        0.2650937414504148,
        0.9282042075331407,
        0.13294000301424197,
        0.42028325457105153,
        0.37602003399621464,
        0.6214564052829988,
        0.3574808283655325,
        0.5217719344816596,
        0.2988481262530851,
        0.9308326912512205,
        0.4071457742529879,
        0.739941548288742,
        0.07996449638892121,
        0.822295248318892,
        0.5868041013077085,
        0.5550115193600196,
        0.7233037199951361,
        0.6742326014969761,
        0.8874857458057586,
        0.2649776323393941,
        0.06274116124604942,
        0.5096561572548415,
        0.17293401267030253,
        0.4053791585768731,
        0.7779929228351592,
        0.8366074689136002,
        0.7373437718095224,
        0.844791043554034,
        0.6267830355071032,
        0.9388332384100266,
        1.0370522737045982
      ],
      [
        1.0662637118116203,
        0.6808889182027789,
        0.9978365964809948,
        1.050097664709025,
        0.0,
        0.7862517748963151,
        0.9324799852388053,
        0.10948868738968859,
        0.7284841663079411,
        0.07593228142496537,
        0.8987122375294668,
        0.45266542404293564,
        0.3149167382483037,
        0.42715101227143687,
        1.0223687855509906,
        0.3264174236016903,
        1.0447353866932398,
        0.8237416455018818,
        0.9376376724364612,
        0.23229309975422838,
        0.8492771730832743,
        0.2339172200051471,
        0.4532119896196939,
        0.5033429740066734,
        0.21098930754685324,
        0.9451675969485451,
        0.9592749923105734,
        0.8564781409826254,
        0.48116426004797963,
        0.799150874884271,
        0.2170762865805076,
        1.1264968101213935,
        0.37760034699211054,
        0.7859657424566386,
        0.9487162394782316,
        0.7354391957780524,
        0.2647363265772831,
        0.7845175216773139,
        0.8110642165482882,
        0.2897606107939873,
        0.7468021690549985,
        0.2175288086619213,
        0.8329128465694254,
        0.6798756202521368,
        0.7304827923704145,
        0.17115501262042104,
        0.1820404008217476,
        0.32989957905373735,
        0.22734103449506074,
        0.7903539358864329,
        0.651326736967775,
        0.9343132626942423,
        0.6520021898045014,
        0.7748492531315069,
        0.7189385284066712,
        0.8443775090928598,
        0.5297647839638953,
        1.0833431341213606,
        0.32458419530124555,
        1.0238344631395366,
        0.44050361336401933,
        1.0257412520531957,
        0.227802416390133,
        0.46977836638879766,
        0.7457200293456472,
        0.6949139044353722,
        0.7529561228068821,
        0.6227036904163421,
        0.7942817244470066,
        1.0953116470822521,
        0.6742386183623769,
        0.9257601415316862,
        1.0163022095604455,
        0.3438544244004796,
        0.5268494863473655,
        0.7603823585546448,
        0.27085156153097384,
        0.5987721608268322,
        0.1622830902695635,
        0.8281807195457435
      ],
      [
        0.2999328712721814,
        0.30347726626460936,
        0.46476119808979227,
        0.29935509416898787,
        0.7862517748963151,
        0.0,
        0.1799569375826389,
        0.7718253987535626,
        0.6751299296249076,
        0.7369883479806232,
        0.3114666101666223,
        0.5381412270592603,
        0.6883677626721229,
        0.49539822916050597,
        0.270002618434756,
        0.7099508432728894,
        0.3195681314342488,
        0.6401791812141959,
        0.22873434893767722,
        0.5816548420705594,
        0.3106979580672817,
        0.6551939785913251,
        0.6578484060009144,
        0.5205016108426926,
        0.7585444829802392,
        0.2918762599673965,
        0.19294415177113464,
        0.10624509204756623,
        0.46103568782372606,
        0.6204247097323974,
        0.662376061415883,
        0.3601659695819547,
        0.5785672648015516,
        0.30383270608622925,
        0.5104863189925666,
        0.19503305977252416,
        0.5481116393635102,
        0.028330444263479266,
        0.12996380323441953,
        0.6249192736864986,
        0.27705538722299344,
        0.6043287500660365,
        0.4712821867906358,
        0.5765878614241056,
        0.27112374125984867,
        0.7549380708003176,
        0.6347955720332105,
        0.6472087427261667,
        0.647441380755739,
        0.18693541827863375,
        0.6307007419692824,
        0.18065589358030243,
        0.28867568540802246,
        0.07666493982722676,
        0.3221013111140109,
        0.058125734196544675,
        0.4007074715866813,
        0.39566529765604186,
        0.633300948550761,
        0.2713258335282699,
        0.6431662339878891,
        0.34482455729175404,
        0.7043927295366703,
        0.4843553202246355,
        0.25565642519103166,
        0.5915160946807588,
        0.3755444708687126,
        0.5887976151774951,
        0.17383694306197395,
        0.33486036299029864,
        0.2104098304708777,
        0.340736955074225,
        0.26382193530324083,
        0.510710518283779,
        0.5474465493416091,
        0.4379886776405345,
        0.5943052339088442,
        0.49499541019272597,
        0.7353081169413074,
        0.7376971795356104
      ],
      [
        0.4416326252432594,
        0.330041490721604,
        0.6447181356724312,
        0.47931203175162673,
        0.9324799852388053,
        0.1799569375826389,
        0.0,
        0.8745048681952147,
        0.6613254923438177,
        0.8565553340121556,
        0.20802462379945136,
        0.7180981646418991,
        0.856141102067552,
        0.5861819116617444,
        0.09004568085211707,
        0.8899077808555282,
        0.13961119385160992,
        0.6059703243289243,
        0.048777411355038325,
        0.700205578416332,
        0.4906548956499206,
        0.7749268870384152,
        0.7396225883907743,
        0.6020765152654075,
        0.9176629958368308,
        0.4718331975500354,
        0.37290108935377353,
        0.28620202963020513,
        0.5426105922464409,
        0.8003816473150364,
        0.7389127118174499,
        0.3549710083268282,
        0.747728083937133,
        0.2704853339512924,
        0.6904432565752054,
        0.37498999735516303,
        0.6678445478106002,
        0.20828738184611817,
        0.30992074081705845,
        0.7338004342455922,
        0.27108501361815623,
        0.7164802967240624,
        0.42574135877331293,
        0.7565447990067444,
        0.2765371103770573,
        0.8421604114445499,
        0.7514609164621634,
        0.815156977360411,
        0.7242920485169367,
        0.36689235586127267,
        0.6444951390199816,
        0.3606128311629413,
        0.43867466291393026,
        0.15910331278268947,
        0.4045396840694736,
        0.2305089007455252,
        0.5651946212955081,
        0.21570836007340294,
        0.7334314064479809,
        0.09136889594563101,
        0.823123171570528,
        0.524781494874393,
        0.8628744363282987,
        0.6643122578072744,
        0.2550009015487508,
        0.7714730322633977,
        0.3999423207933404,
        0.6092980717202499,
        0.3537938806446128,
        0.4265029950514256,
        0.27593097271086353,
        0.5206938926568639,
        0.08386499772060192,
        0.5901207446534634,
        0.629021453764324,
        0.4206624059875794,
        0.6718656777389246,
        0.6749523477753648,
        0.8214451461520579,
        0.7124570930225287
      ],
      [
        1.0069305587342956,
        0.6007624953218208,
        0.9772805121791275,
        0.9902699854467665,
        0.10948868738968859,
        0.7718253987535626,
        0.8745048681952147,
        0.0,
        0.6210516145029015,
        0.08978963185555262,
        0.8209781747650815,
        0.5132431673805729,
        0.3796071998469863,
        0.3343400128831957,
        0.9634448621841486,
        0.38699516693932745,
        0.9784422973208518,
        0.7187503870207076,
        0.8747464581109985,
        0.19080721240670837,
        0.815005096509691,
        0.1547604007546826,
        0.3443651213462087,
        0.40490423298769107,
        0.2897817191690643,
        0.9117164768826529,
        0.9017457646216032,
        0.8154555737953948,
        0.3896329274634993,
        0.8597286182219082,
        0.13616619324675688,
        1.049096357497909,
        0.43817809032974775,
        0.7058554321699688,
        1.0092939828158687,
        0.6944166285908218,
        0.22371375939005242,
        0.7434949544900833,
        0.7700416493610576,
        0.1864059947761938,
        0.668795540231432,
        0.16782266105703547,
        0.7326397602324357,
        0.7404533635897739,
        0.6532196486743538,
        0.061779315399012394,
        0.1390407888978535,
        0.3905952868317982,
        0.15035775423334297,
        0.7280843912871761,
        0.5448031615546294,
        0.8573299824325246,
        0.6152621751582426,
        0.720371201152324,
        0.625600970987954,
        0.7830738626923985,
        0.48874221677666463,
        1.0344955507575702,
        0.2182934590224505,
        0.9655800615999575,
        0.5023956539015395,
        0.9920345674981724,
        0.28838015972777015,
        0.5303561097264349,
        0.6700757605476012,
        0.7473966820773195,
        0.672829699925924,
        0.5176953519877305,
        0.7412926817521482,
        1.03617064070331,
        0.6066153088852099,
        0.890690881331693,
        0.9581848128645489,
        0.28760047173643494,
        0.4265764000103757,
        0.660109272217655,
        0.2027748662165503,
        0.6593499041644693,
        0.05975644675947581,
        0.7198722152266545
      ],
      [
        0.8964757462352771,
        0.3874855499503811,
        1.1167820082117446,
        0.9744850237938953,
        0.7284841663079411,
        0.6751299296249076,
        0.6613254923438177,
        0.6210516145029015,
        0.0,
        0.6760146570007831,
        0.47737270890755545,
        0.8659697631669754,
        0.8800038284295907,
        0.3465250661286957,
        0.717321890653439,
        0.9734438732646485,
        0.676000523833744,
        0.11761538346824542,
        0.6268943399281005,
        0.5849603415421575,
        0.9545193386081955,
        0.6502321615970514,
        0.27953454658319504,
        0.26266143363669636,
        0.8771383467320666,
        0.9664705339889361,
        0.8680740813960421,
        0.7726804033919624,
        0.3168307249089109,
        1.1164335436449777,
        0.5318352230570816,
        0.9831373631517083,
        0.8278227142114436,
        0.3909247193123091,
        1.1517365423314843,
        0.7902407502365966,
        0.5777938807246658,
        0.6999373796799855,
        0.7718685896663281,
        0.44058243446704914,
        0.39807454240191414,
        0.5756816672480652,
        0.25268162760103724,
        0.9976027279651333,
        0.40752999936631695,
        0.5598941533195215,
        0.5991154501779326,
        0.8917704653419928,
        0.5293144191752083,
        0.8093913284471546,
        0.08061909658181463,
        0.8555972014857717,
        0.8668830680197074,
        0.5992611980333957,
        0.5942905958645851,
        0.6602121827832736,
        0.7403631096381295,
        0.8508897431939849,
        0.4040031032547801,
        0.7235251729808201,
        0.9538659736736179,
        1.0189950771751377,
        0.8748288660530912,
        0.8178547582146494,
        0.4194810689427323,
        1.0096568043363026,
        0.3325727107037168,
        0.11931956639493435,
        0.8117553907468585,
        1.0099902926152062,
        0.4854012758033374,
        1.0120859479559268,
        0.7190463808411839,
        0.5183231566199253,
        0.23346647421707534,
        0.2406639599498662,
        0.5173454392512308,
        0.9489220447472423,
        0.5663037087717689,
        0.10491967822344743
      ],
      [
        0.9904040938514502,
        0.6077204298606571,
        0.9433351037692804,
        0.9756771004853848,
        0.07593228142496537,
        0.7369883479806232,
        0.8565553340121556,
        0.08978963185555262,
        0.6760146570007831,
        0.0,
        0.8246192777156016,
        0.42367721670511066,
        0.2900221218056589,
        0.36075351855771004,
        0.9464392253630974,
        0.2974292162638653,
        0.9690066976448005,
        0.7662107902433637,
        0.8617659540729505,
        0.15636119783014968,
        0.7810596880998439,
        0.15841656296503012,
        0.4073810858724564,
        0.4402042230970298,
        0.20112368973128342,
        0.8768794261097135,
        0.8834153743504034,
        0.7806185230224554,
        0.41348674750102626,
        0.7701626675464459,
        0.15009442115452032,
        1.0506371921612234,
        0.3486121396542856,
        0.7126997065256948,
        0.9197280321404067,
        0.6595795778178823,
        0.18887670861711303,
        0.7086579037171439,
        0.7352045985881182,
        0.23569491563000727,
        0.6729718447374923,
        0.14207140775077748,
        0.7593659307444665,
        0.6508874129143118,
        0.6565122334297239,
        0.13906676472850868,
        0.10653974378163066,
        0.3010293361563361,
        0.15808594528897524,
        0.7144943179262628,
        0.5972062048247304,
        0.8587407113694026,
        0.5804251243853031,
        0.6989809651064727,
        0.6525410346929443,
        0.7703865530693084,
        0.4539051660037252,
        1.0074835161611906,
        0.2740057942136936,
        0.9479117162457025,
        0.41282970322607737,
        0.9589096335747506,
        0.198814209052308,
        0.44079015905097274,
        0.6713881427649525,
        0.6659256970975471,
        0.6797876344647603,
        0.5660776236775767,
        0.7184221064868366,
        1.019452029122082,
        0.5988147304487718,
        0.8562286208407659,
        0.9403808808562294,
        0.2681007883179395,
        0.4651660332199461,
        0.6986989054272255,
        0.1974330389422659,
        0.5697839534890072,
        0.11777792211492172,
        0.7778676022186203
      ],
      [
        0.604496958197265,
        0.22054880159317175,
        0.7762278082564146,
        0.6108217043356101,
        0.8987122375294668,
        0.3114666101666223,
        0.20802462379945136,
        0.8209781747650815,
        0.47737270890755545,
        0.8246192777156016,
        0.0,
        0.7774700588068278,
        0.8933539743329159,
        0.5486905453385895,
        0.24348524654234968,
        0.9740771447890105,
        0.19961608565867234,
        0.4070876286417773,
        0.16315723570346297,
        0.6735076105124933,
        0.6216829558091245,
        0.7519892288234077,
        0.6300351367479899,
        0.5064105720883907,
        0.9946708693940027,
        0.6033428701340189,
        0.5044107619377569,
        0.4176670548498206,
        0.5047772410232207,
        0.9318913198990197,
        0.686725939389246,
        0.5178353412808337,
        0.814848314599531,
        0.11806102161010043,
        0.8203927395097342,
        0.4876303202214221,
        0.6453611541585802,
        0.33979295524485575,
        0.43737293106751646,
        0.6574832867603194,
        0.15225716338856504,
        0.6832707444914311,
        0.2285276196180669,
        0.8416950395402998,
        0.16827146178476884,
        0.7776329704170455,
        0.7185837815882126,
        0.8577832942546848,
        0.6742015266310268,
        0.495122456419016,
        0.46751319712941997,
        0.49212250374692473,
        0.5218014850024166,
        0.2422301348711758,
        0.4281131041184521,
        0.31363572283401153,
        0.6483214433839946,
        0.3785726930274085,
        0.6915203314241072,
        0.2502019347377454,
        0.8921897599296205,
        0.6562911674583763,
        0.9460012584167851,
        0.7484816217407567,
        0.15355939542378066,
        0.8295098524020947,
        0.2694593607649452,
        0.449920980761502,
        0.481918042042715,
        0.5893673280054311,
        0.2380976214876434,
        0.6522035652408473,
        0.24672933067460748,
        0.5611215499396787,
        0.4772134842534004,
        0.24368061204612107,
        0.6278740846387458,
        0.7871893369673877,
        0.7628329926991331,
        0.5151799236487605
      ],
      [
        0.6722942568993872,
        0.6836800610787966,
        0.6001313916670746,
        0.6252218471659494,
        0.45266542404293564,
        0.5381412270592603,
        0.7180981646418991,
        0.5132431673805729,
        0.8659697631669754,
        0.42367721670511066,
        0.7774700588068278,
        0.0,
        0.1681333580071556,
        0.5264343020468099,
        0.8067003807424509,
        0.23295604626363894,
        0.8494970899234233,
        0.9371077252672655,
        0.7378047653328441,
        0.46135012115842644,
        0.4378559759976381,
        0.4760485588593959,
        0.671256807590605,
        0.605177639494,
        0.26715115503393594,
        0.5130237075590314,
        0.5701643514936349,
        0.4655073199587791,
        0.5491924999552867,
        0.49842984323129486,
        0.4848530509538893,
        0.7361053512715378,
        0.0768148543820532,
        0.7736021473714837,
        0.6385693141301402,
        0.34352263940785605,
        0.4278069184513772,
        0.509810782795781,
        0.42087509523866473,
        0.5447832156111356,
        0.751382305733967,
        0.45970361479268107,
        0.8867451293032698,
        0.22733934645014645,
        0.7389778454170579,
        0.5627439814336194,
        0.4241717396759964,
        0.1315167245119362,
        0.4693964872584466,
        0.3857901765231053,
        0.7883680906696902,
        0.5257511380217236,
        0.2826269726511494,
        0.5621983227823901,
        0.8076346940691743,
        0.5887660020002636,
        0.16277846106476498,
        0.7163568112222304,
        0.5799803389089776,
        0.799287299727693,
        0.11471970112279258,
        0.5952438174414304,
        0.22486300765280265,
        0.05767615342074062,
        0.7318276758293552,
        0.2423870495255305,
        0.7557472656828998,
        0.7473077921255082,
        0.39347820610818257,
        0.6862180191335666,
        0.6495223751584172,
        0.51433894444605,
        0.801963162362501,
        0.35313035146399707,
        0.634043739994095,
        0.8305016510793116,
        0.41549247962560487,
        0.14670454486401358,
        0.5367683659473008,
        0.9695819255662961
      ],
      [
        0.8287527699676192,
        0.6925208472659766,
        0.6976590278827088,
        0.7903367617069126,
        0.3149167382483037,
        0.6883677626721229,
        0.856141102067552,
        0.3796071998469863,
        0.8800038284295907,
        0.2900221218056589,
        0.8933539743329159,
        0.1681333580071556,
        0.0,
        0.533478762300895,
        0.9350854947216664,
        0.1676033750040312,
        0.9843365564258957,
        0.950698449272911,
        0.8726442318353165,
        0.38697662034907815,
        0.5844761584838616,
        0.3857096199896484,
        0.6808037310075902,
        0.6190591208959256,
        0.10989407281618438,
        0.6798282686364643,
        0.7296110232390426,
        0.6157907856710061,
        0.5889740763229059,
        0.4989733062859851,
        0.40601748057652726,
        0.896603432585545,
        0.10982009992516246,
        0.7871829715289501,
        0.6485386708799457,
        0.4933347028995987,
        0.4205167334759492,
        0.6603212118681203,
        0.5703779742810693,
        0.5071245169486627,
        0.7423474497684258,
        0.3693646759229336,
        0.8955859154904497,
        0.3870885512695446,
        0.725082512548147,
        0.42908888653416755,
        0.33383280080624894,
        0.0411777856421887,
        0.40431916042275484,
        0.5423552153749456,
        0.7999661122515787,
        0.6853191390548835,
        0.41746643915362175,
        0.6970377892848625,
        0.8252662784361292,
        0.723605468502736,
        0.2911635750439805,
        0.8447419252014459,
        0.5478671659377549,
        0.9276724137069084,
        0.12597068499661102,
        0.7580635397560639,
        0.09122713536567441,
        0.20429633590696408,
        0.746684890366213,
        0.4018711834731239,
        0.7645880518700798,
        0.7609974005043583,
        0.5485021728999533,
        0.8505970567230334,
        0.7506603868112273,
        0.6609591269322734,
        0.9352862768029089,
        0.41945153924784073,
        0.647732787567037,
        0.8393424372664915,
        0.4277679813741091,
        0.30564688246985283,
        0.4078000439205806,
        0.9848443364447663
      ],
      [
        0.7862143821274952,
        0.40979806204222413,
        0.913760443182696,
        0.7858199521043523,
        0.42715101227143687,
        0.49539822916050597,
        0.5861819116617444,
        0.3343400128831957,
        0.3465250661286957,
        0.36075351855771004,
        0.5486905453385895,
        0.5264343020468099,
        0.533478762300895,
        0.0,
        0.6699854891644969,
        0.6429961958596683,
        0.669913981866367,
        0.41721968697201606,
        0.5755798207445696,
        0.242831101655794,
        0.7514850275132594,
        0.31478284751646146,
        0.17360483593241452,
        0.08558035859503062,
        0.5618772082889935,
        0.7710038207909176,
        0.6792256626264483,
        0.5824337285649954,
        0.05549531402201086,
        0.8550981327580778,
        0.2109004309579136,
        0.8274061371247681,
        0.48308207911915674,
        0.46358713836146287,
        0.9521983656457615,
        0.6165926596015071,
        0.23217617127185433,
        0.5044681919931888,
        0.59807232378334,
        0.15760314874698034,
        0.41953080956309213,
        0.2379093813366844,
        0.42031738548820197,
        0.6714721290371436,
        0.4041981352885091,
        0.28410162010066015,
        0.2667903500260021,
        0.5517927314773561,
        0.2029309985212951,
        0.6489013227883185,
        0.26648734995068374,
        0.6623165097045189,
        0.5416535300943196,
        0.4495675833559803,
        0.29178751613523424,
        0.5198287132465839,
        0.4151335717127417,
        0.7984615206948547,
        0.14843829817829324,
        0.673494445844093,
        0.6088731051375638,
        0.827012415473318,
        0.559567727610018,
        0.4824812431682768,
        0.40450238166813396,
        0.684427266410915,
        0.4407717825122457,
        0.22751863820346324,
        0.6371506420174209,
        0.8140971198602132,
        0.31059292385094606,
        0.818373016454623,
        0.6666181583420536,
        0.17390408616057063,
        0.114254025266142,
        0.3477868974734213,
        0.17657963026735896,
        0.6215308768800717,
        0.27463551500534583,
        0.4513655741438714
      ],
      [
        0.3657070239733701,
        0.40576304213371395,
        0.6846208577678552,
        0.4142313572344819,
        1.0223687855509906,
        0.270002618434756,
        0.09004568085211707,
        0.9634448621841486,
        0.717321890653439,
        0.9464392253630974,
        0.24348524654234968,
        0.8067003807424509,
        0.9350854947216664,
        0.6699854891644969,
        0.0,
        0.8413776544120979,
        0.08431646001869456,
        0.6505711343210394,
        0.09615689157333429,
        0.7900803182326135,
        0.5807005765020377,
        0.8648629825290116,
        0.8251568263698461,
        0.6876107532444793,
        0.9950761620650335,
        0.5307405328503759,
        0.44626722486775894,
        0.3762477104823222,
        0.6281448302255127,
        0.8635447821844119,
        0.8276568803317101,
        0.2790454070569389,
        0.8264553840938433,
        0.3320943042138263,
        0.7465862595370485,
        0.4650356782072801,
        0.7577806433011967,
        0.29833306269823523,
        0.3999664216691755,
        0.8198276401218472,
        0.34172719306427835,
        0.8061778256118507,
        0.4716666075834662,
        0.8465904798588615,
        0.3499709678655658,
        0.9301339859917325,
        0.8412174297703537,
        0.8940280788433435,
        0.8131411580969168,
        0.45693803671338973,
        0.7023066700065603,
        0.45065851201505835,
        0.5286090404340332,
        0.2490376903027924,
        0.4944740615895766,
        0.32044327826562813,
        0.6439219196776859,
        0.14180107095295563,
        0.8179408534166933,
        0.007413081014757906,
        0.913168852422645,
        0.4826721702231035,
        0.9399926616236552,
        0.7490644955103067,
        0.3284670802793811,
        0.8615187131155148,
        0.4728690224080126,
        0.6827642504508802,
        0.4438395614967299,
        0.35149019598843245,
        0.3614652106899353,
        0.5853152449880109,
        0.010321900440232637,
        0.6797359809389238,
        0.7120068091814375,
        0.4784739369741582,
        0.7609582835942104,
        0.7649980286274819,
        0.9099174645329203,
        0.7586535056279609
      ],
      [
        0.8512158087312773,
        0.766779323437255,
        0.7680507612945878,
        0.8123996243559624,
        0.3264174236016903,
        0.7099508432728894,
        0.8899077808555282,
        0.38699516693932745,
        0.9734438732646485,
        0.2974292162638653,
        0.9740771447890105,
        0.23295604626363894,
        0.1676033750040312,
        0.6429961958596683,
        0.8413776544120979,
        0.0,
        0.9256941144307924,
        1.057089761577334,
        0.9074534524682887,
        0.453790414094015,
        0.6057753456251513,
        0.45584577922889546,
        0.7048103021363218,
        0.7251596758040685,
        0.15369850765293558,
        0.7037318759417831,
        0.751148678636991,
        0.640804795441851,
        0.67196036738072,
        0.6254811063007448,
        0.44752363741838563,
        0.9180230917506567,
        0.1599141167405115,
        0.856701409729942,
        0.7750464708947055,
        0.5182062077849432,
        0.48630592488097835,
        0.6816203990094101,
        0.5956989574889922,
        0.5331241318938726,
        0.8364487687993318,
        0.4395006240146428,
        0.9698443916617281,
        0.45179520615175467,
        0.8236778702717505,
        0.436495980992374,
        0.403968960045496,
        0.15410533653514225,
        0.45551516155284055,
        0.5644276560842827,
        0.8946354210885957,
        0.706810215369438,
        0.45227565978659384,
        0.7318470099178347,
        0.9347837119949024,
        0.7584146891357081,
        0.33073809888087474,
        0.8843164490383402,
        0.571435010477559,
        0.8487907354268558,
        0.26757329831876436,
        0.7833352657693294,
        0.09861500721155732,
        0.2255955230482538,
        0.8445521773423046,
        0.46660996627050944,
        0.8388465280413582,
        0.8635068399414422,
        0.5711216570698988,
        0.8722764067834851,
        0.8007544036265763,
        0.6822583140735632,
        0.8516995548523305,
        0.4695455560631898,
        0.7543322301601193,
        0.91360091343777,
        0.4948622552061312,
        0.37515659862159895,
        0.41520713837878703,
        1.0752968184824856
      ],
      [
        0.4475304051832865,
        0.39572670074629074,
        0.7683704633906371,
        0.4979809628572637,
        1.0447353866932398,
        0.3195681314342488,
        0.13961119385160992,
        0.9784422973208518,
        0.676000523833744,
        0.9690066976448005,
        0.19961608565867234,
        0.8494970899234233,
        0.9843365564258957,
        0.669913981866367,
        0.08431646001869456,
        0.9256941144307924,
        0.0,
        0.5993069263744224,
        0.11175109621841536,
        0.8132402847999081,
        0.6302660895015305,
        0.8891251085598245,
        0.8295124939947947,
        0.698052091929127,
        1.0458584501951744,
        0.6114443914016453,
        0.5125122832053834,
        0.42581322348181505,
        0.6385861689101604,
        0.9399928411666463,
        0.842297366370268,
        0.3608687882668553,
        0.8759235382954766,
        0.30685540441527226,
        0.8300544504268154,
        0.514601191206773,
        0.7820427693320096,
        0.3478985756977281,
        0.44953193466866836,
        0.8243286929457925,
        0.3271399029020102,
        0.827260442371265,
        0.42478038291076264,
        0.8961559928583543,
        0.33885067707431477,
        0.940713123925165,
        0.8627082584778082,
        0.9433524317187547,
        0.828413288399875,
        0.5065035497128826,
        0.6669470264277926,
        0.5002240250145512,
        0.5668701172722739,
        0.28729876714103314,
        0.5327351384278173,
        0.3587043551038689,
        0.6933900756538518,
        0.22554850773994845,
        0.8183522800446602,
        0.09112302826404274,
        0.9627343654221379,
        0.5664217758458854,
        0.9910698906866424,
        0.7935502540106141,
        0.31853473331613347,
        0.9110842261150076,
        0.45653490508078265,
        0.6493983380083066,
        0.49340507449622273,
        0.4352398016112143,
        0.371906549374583,
        0.6603050865084739,
        0.09389722601458964,
        0.7009064174581214,
        0.6766908415002051,
        0.4431579692929257,
        0.7779188294573784,
        0.8145635416269748,
        0.9227832391420592,
        0.7076274451590812
      ],
      [
        0.8557844037868598,
        0.3467942075019638,
        1.0901757622239105,
        0.9395342753831838,
        0.8237416455018818,
        0.6401791812141959,
        0.6059703243289243,
        0.7187503870207076,
        0.11761538346824542,
        0.7662107902433637,
        0.4070876286417773,
        0.9371077252672655,
        0.950698449272911,
        0.41721968697201606,
        0.6505711343210394,
        1.057089761577334,
        0.5993069263744224,
        0.0,
        0.5662808884173813,
        0.6600507714543583,
        0.9283252220380785,
        0.7307296714287382,
        0.38540062772367434,
        0.3319300857732655,
        0.967334479974647,
        0.930591076660441,
        0.8331233329853306,
        0.7346954870584462,
        0.3906849137251109,
        1.1902877324611778,
        0.6180460576226264,
        0.924827796007612,
        0.8971756448368224,
        0.34357550199771913,
        1.126011133757394,
        0.7495627080322036,
        0.6493958582438704,
        0.6643199386637574,
        0.7331370499950262,
        0.5339812867199772,
        0.3634071382276496,
        0.6542951211610578,
