{
  "sol": {
    "z": 3.9529672648852174,
    "tours": [
      [
        0,
        31,
        7,
        28,
        21,
        27,
        25,
        12,
        5,
        17,
        23
      ],
      [
        1,
        26,
        13,
        4,
        22,
        20,
        18,
        11,
        2,
        3,
        19,
        15,
        24,
        10,
        8
      ],
      [
        29,
        30,
        9,
        6,
        14,
        16
      ]
    ]
  },
  "params": {
    "gm": [
      [
        0.0,
        0.4957561733676135,
        0.723817442243869,
        0.6465251068231218,
        0.6726359082606166,
        0.37991646144951374,
        0.5591854558726348,
        0.34005245366608605,
        0.15118367069195832,
        0.5287663938667619,
        0.5019927585311013,
        0.901078081864359,
        0.3281464858451141,
        0.6554939279906142,
        0.7078936803361019,
        0.5402296846788688,
        0.33595998558895823,
        0.43857498293259645,
        0.8842580120578256,
        0.8127566613659756,
        0.8693701403650003,
        0.4783775176876486,
        0.5895618609461096,
        0.4055754865288197,
        0.5603484739527042,
        0.3464345627486447,
        0.6188193707123371,
        0.4629055128145805,
        0.40479593233907235,
        0.2758454367873506,
        0.41268832149389645,
        0.24304563903534027,
        0.503939482245152,
        0.5224269063871041,
        0.8497580738947261,
        0.4129158623247321,
        0.3335430899213873,
        0.09744200565150803,
        0.3814173464022611,
        0.3132556535621005,
        0.806699147340697,
        0.5779333855885366,
        0.9086385368974952,
        0.22330746574570098,
        0.6646296232072109,
        0.6522906034562233,
        0.7155757910264512,
        0.35198164135570476,
        0.37728609717641043,
        0.4431197535456393,
        0.6481575204893253,
        0.6440514438907373,
        0.31747515442150503,
        0.06532527230690381,
        0.08140842468009205,
        0.7805698244630443,
        0.3407394108648504,
        0.7660777848283618,
        0.4147350695909115,
        0.2534943708757036,
        0.739064093521593,
        0.4609829456502375,
        0.6557955575530612,
        0.6189554450229495,
        0.767104999548065,
        0.5089340028374735,
        0.4337201506697577,
        0.5303736114565817,
        0.299842441041872,
        0.6031787654164622,
        0.19251486271778415,
        0.33627075199465134,
        0.566664613652456,
        0.3736612203047525,
        0.24498927707559184,
        0.40892932033223384,
        0.25400524229841304,
        0.6595213448267612,
        0.41443044387402656,
        0.8681366334459993
      ],
      [
        0.4957561733676135,
        0.0,
        0.24374052239352545,
        0.15076893345550826,
        0.17687973489300307,
        0.28281209756985953,
        0.7157179465805723,
        0.7228219036452824,
        0.5323450624872875,
        0.6992587150271964,
        0.36610428568030473,
        0.6120993206840804,
        0.40733120607709977,
        0.1600108793208957,
        0.5963740695932559,
        0.4137439419830611,
        0.42997255425275493,
        0.11870631808099313,
        0.49497351974015746,
        0.3378479909436904,
        0.41328045544735814,
        0.6373225506745707,
        0.09380568757849614,
        0.09911764929822053,
        0.4214166169681995,
        0.46654612252955485,
        0.22247081138252037,
        0.5627006255218656,
        0.7919126089146736,
        0.4840410645183316,
        0.7505330658951093,
        0.717347194482051,
        0.035952451660359645,
        0.2672852621474951,
        0.3836234088985032,
        0.5244207226470614,
        0.25509787193817784,
        0.4469083552653753,
        0.16293301451462222,
        0.5984231486603001,
        0.31094297397308357,
        0.7051987388316292,
        0.42317877103017826,
        0.3451357362220501,
        0.16887344983959732,
        0.44035098909991865,
        0.24486339868049956,
        0.4258032428234238,
        0.42183052067027854,
        0.1014055879715931,
        0.3703685290629461,
        0.1482952705231238,
        0.6172134427589526,
        0.44325817242628396,
        0.5553178565009766,
        0.28481365109543083,
        0.33274248964903896,
        0.297109786439394,
        0.49443804023495874,
        0.4686922302151628,
        0.24330792015397942,
        0.3858787677476964,
        0.16612576549960972,
        0.4343313200640625,
        0.4897087352721021,
        0.1125854435076568,
        0.2947443425499116,
        0.425580961368316,
        0.7791883037780618,
        0.650015237055871,
        0.48049172752237057,
        0.36585947196765245,
        0.0709084402848425,
        0.4812544761948159,
        0.6757238213716708,
        0.5099840300210674,
        0.7444731165421736,
        0.16702906784707813,
        0.6777914882956846,
        0.527242933967019
      ],
      [
        0.723817442243869,
        0.24374052239352545,
        0.0,
        0.31854482217106983,
        0.0680978926511093,
        0.5146133660836022,
        0.817484536573615,
        0.9539775861258099,
        0.7286036013655517,
        0.8075214103172731,
        0.5948689215284847,
        0.42762090892360777,
        0.6463102076104863,
        0.12805900215800828,
        0.7130272135991597,
        0.6074730070971022,
        0.5709017898862215,
        0.35171320185762267,
        0.32046538593899404,
        0.34436732240672163,
        0.23877232164619466,
        0.8771062392406412,
        0.16117825818910844,
        0.3427518494301155,
        0.5403455080475715,
        0.7102730291304038,
        0.396915627189168,
        0.8033679006406885,
        1.031395976775486,
        0.6303537875700773,
        0.9100970481511352,
        0.9609813946139459,
        0.2553110209259834,
        0.32347343355113656,
        0.17323169606186278,
        0.7672062026040932,
        0.49576653993532827,
        0.6702616317102763,
        0.3862862909595232,
        0.8158392042606518,
        0.09366234341753443,
        0.7933837137087357,
        0.23592815233730258,
        0.5887729942247932,
        0.08335145236461486,
        0.522518921547923,
        0.3270313311285039,
        0.6626936528403279,
        0.6554003860722181,
        0.324583883816145,
        0.45253646151095045,
        0.13124561965798864,
        0.7970489101619993,
        0.6868923725581789,
        0.7989520566328716,
        0.07540175508387757,
        0.47942448323802084,
        0.27592588898370224,
        0.732962036654603,
        0.6110605520725779,
        0.08661803097559401,
        0.4740637426248031,
        0.1674078548057008,
        0.490519491467704,
        0.5666385621068173,
        0.28705880070839335,
        0.5235089783980916,
        0.4865583869465373,
        1.0228225039099568,
        0.7328182072479819,
        0.7202083198610044,
        0.5103174922423415,
        0.18780512775587593,
        0.7238531907598919,
        0.8547138926144346,
        0.7514620460542664,
        0.977822684542282,
        0.1333989668939292,
        0.9204763779612515,
        0.5747387848136419
      ],
      [
        0.6465251068231218,
        0.15076893345550826,
        0.31854482217106983,
        0.0,
        0.2668686556344016,
        0.4335810310253678,
        0.8664868800360805,
        0.8735908371007907,
        0.6831139959427959,
        0.8500276484827046,
        0.516873219135813,
        0.7103286971266852,
        0.5581001395326081,
        0.2857248701821403,
        0.7471430030487641,
        0.5645128754385693,
        0.5807414877082632,
        0.2694752515365014,
        0.5927222074426148,
        0.23056711094454324,
        0.5110291431498154,
        0.7880914841300789,
        0.16713160353183312,
        0.2498865827537288,
        0.5289934660605604,
        0.6173150559850631,
        0.37323974483802863,
        0.7134695589773739,
        0.9426815423701819,
        0.6348099979738399,
        0.9013019993506176,
        0.8681161279375592,
        0.18672138511586792,
        0.4180541956030034,
        0.485174540451479,
        0.6751896561025696,
        0.40586680539368614,
        0.5976772887208837,
        0.3137019479701305,
        0.7491920821158085,
        0.40579629728476846,
        0.8559676722871374,
        0.5371958684250698,
        0.4959046696775584,
        0.2706654440056483,
        0.4786849803657087,
        0.324806773280473,
        0.5765721762789321,
        0.5725994541257868,
        0.2521745214271014,
        0.44397178656293457,
        0.27390472834985025,
        0.767982376214461,
        0.5940271058817922,
        0.7060867899564849,
        0.3814824997824914,
        0.4835114231045472,
        0.21792828345614984,
        0.645206973690467,
        0.6194611636706711,
        0.27428119079408025,
        0.5366477012032047,
        0.16372951022576002,
        0.5851002535195708,
        0.4736827863677371,
        0.26335437696316505,
        0.4455132760054199,
        0.5763498948238243,
        0.92995723723357,
        0.8007841705113793,
        0.6312606609778788,
        0.5166284054231607,
        0.1464005989335836,
        0.6320234096503241,
        0.8264927548271791,
        0.6607529634765756,
        0.8952420499976819,
        0.29536818710214385,
        0.8285604217511928,
        0.4612406150549909
      ],
      [
        0.6726359082606166,
        0.17687973489300307,
        0.0680978926511093,
        0.2668686556344016,
        0.0,
        0.4524398585404885,
        0.767182273742099,
        0.8858796934747005,
        0.6716143349506846,
        0.756978133138725,
        0.530842579248065,
        0.452693462946414,
        0.5820372767541219,
        0.07429265288066994,
        0.6649230033131548,
        0.5764299306379274,
        0.5162582079512539,
        0.28816130797637435,
        0.3367169928954627,
        0.335600242133972,
        0.2550239286026633,
        0.8126506958232855,
        0.10144373618317713,
        0.2755614435667765,
        0.5093024315883968,
        0.6432706516874371,
        0.3308967923540096,
        0.7384790734376435,
        0.9644355185927723,
        0.5722552447089473,
        0.8519985052900052,
        0.8937909887506069,
        0.19128467864556373,
        0.27328355923284775,
        0.21860352537454278,
        0.7011670395118812,
        0.43064327030065364,
        0.6022978378448504,
        0.31832249709409727,
        0.7538126312397752,
        0.14020990713716083,
        0.7429609062948819,
        0.27135703745598994,
        0.5214278173157816,
        0.021994011451485492,
        0.49147584508874825,
        0.29598825466932915,
        0.5992269191455203,
        0.5930717990419702,
        0.25662008995071905,
        0.4214933850517757,
        0.07276333775764111,
        0.7726029253384277,
        0.6197019666948399,
        0.7317616507695326,
        0.11509840164514704,
        0.42243521682315366,
        0.2709674789914101,
        0.668949940172872,
        0.5514286254961498,
        0.10902824924643383,
        0.42364093521094914,
        0.1366362336492471,
        0.4403296171494152,
        0.5404193042240424,
        0.221363537874514,
        0.4594826361176719,
        0.43637172344738495,
        0.9556320980466178,
        0.6825411927369534,
        0.6560371258848463,
        0.4542309317592119,
        0.1265972476259667,
        0.6579271592773458,
        0.7950819660380066,
        0.686161042284455,
        0.9209169108107296,
        0.08321230339477684,
        0.8545208645557937,
        0.5614774736571607
      ],
      [
        0.37991646144951374,
        0.28281209756985953,
        0.5146133660836022,
        0.4335810310253678,
        0.4524398585404885,
        0.0,
        0.8169736096149449,
        0.4701817200558493,
        0.47081499502402746,
        0.8473926716208178,
        0.1261406761192988,
        0.863279701977134,
        0.13833992165500583,
        0.4425882455116899,
        0.8133088911890405,
        0.16450270684291346,
        0.5602605365846779,
        0.16498114615129086,
        0.6106641752765201,
        0.479580117206878,
        0.6641769117982356,
        0.36612312378590167,
        0.35343796413364753,
        0.20038225796205508,
        0.18115376209086084,
        0.23694783824923835,
        0.4380933692245913,
        0.2954434577431628,
        0.5384556628292327,
        0.5153233558164829,
        0.7553884755406586,
        0.48066001458664037,
        0.2615069764963018,
        0.49489989756637875,
        0.6657442711158313,
        0.2711148465805628,
        0.06174504665702164,
        0.3864910369151011,
        0.27502505522010773,
        0.6191514009760334,
        0.5910734115100696,
        0.8965181482530131,
        0.7057466311755264,
        0.15714332340035617,
        0.44846304446124186,
        0.2725733765126424,
        0.3944679390099285,
        0.1499585745779732,
        0.14078777767150358,
        0.2628698728207455,
        0.26896280862748195,
        0.4309834326960232,
        0.6324489402647178,
        0.3160600502908159,
        0.42811973436550854,
        0.5651374531510366,
        0.5294143678365629,
        0.5123724836717815,
        0.2214761361143915,
        0.4821235969600513,
        0.4969094328737075,
        0.5820290979859324,
        0.3955605811879131,
        0.6619459554829462,
        0.3875351185586779,
        0.3282080013497277,
        0.05501178923086758,
        0.6333647840661103,
        0.5621260380833791,
        0.7982658189676478,
        0.28625662668091245,
        0.4961474542995754,
        0.32690842348649296,
        0.22864556118040213,
        0.6113344604265148,
        0.2479239252648313,
        0.6005895646336905,
        0.4490879201274512,
        0.4188012691890565,
        0.4885288514895571
      ],
      [
        0.5591854558726348,
        0.7157179465805723,
        0.817484536573615,
        0.8664868800360805,
        0.767182273742099,
        0.8169736096149449,
        0.0,
        0.8697496384590462,
        0.4080017851806765,
        0.030419062005872896,
        0.9431142857342437,
        0.6828306297183159,
        0.8493287547658117,
        0.6929334819492871,
        0.2506541281176833,
        0.9814763164578584,
        0.3755404943629779,
        0.7916337820313352,
        0.9002810417635976,
        1.0524368493019063,
        0.8206498545251459,
        1.0241866218165105,
        0.775029653327095,
        0.7325838707815218,
        0.9981273717058058,
        0.8587744420635641,
        0.5998213051348669,
        0.9703379897296124,
        0.9453864977899553,
        0.4530925687768392,
        0.25241095286789933,
        0.7888547431642021,
        0.747474093234365,
        0.49428099941290443,
        0.81492072742158,
        0.9243857504707428,
        0.7929167244934723,
        0.4934384924025887,
        0.7245524965320722,
        0.40452087010270854,
        0.8442970788101176,
        0.07954453863806817,
        0.7441287288949934,
        0.7356473450606204,
        0.7451945235879276,
        1.0895469861275873,
        0.9588748574186847,
        0.8741774512486677,
        0.8984004608247741,
        0.662850089388694,
        1.0084959393474822,
        0.6959396043367791,
        0.4189034541304463,
        0.5895827240091582,
        0.6350862676652604,
        0.8194577186597664,
        0.3886757818403277,
        1.0048708262600543,
        0.9270749489058309,
        0.4603718189330196,
        0.876189873428513,
        0.3436908642235071,
        0.8599014982556236,
        0.42045596710927063,
        1.1804223922055121,
        0.6033125054209799,
        0.8719853988458125,
        0.34155740416241137,
        0.8007124112414119,
        0.10832171453547396,
        0.5675228689092796,
        0.3576320412906167,
        0.7685204514145731,
        0.8808232703006489,
        0.3862700346364059,
        0.9177608389933813,
        0.7208865390150874,
        0.6840855696796858,
        0.9511242058434914,
        1.2412543927052042
      ],
      [
        0.34005245366608605,
        0.7228219036452824,
        0.9539775861258099,
        0.8735908371007907,
        0.8858796934747005,
        0.4701817200558493,
        0.8697496384590462,
        0.0,
        0.4778597726142714,
        0.855442495789075,
        0.5433461528581213,
        1.2411305355304452,
        0.33430128832025535,
        0.8743493602664737,
        1.0472631567784405,
        0.6199651134311558,
        0.6753424283168431,
        0.616452080303424,
        1.0621351094286533,
        0.8953882257990575,
        1.0893740576277267,
        0.16971275410384692,
        0.8064514364098713,
        0.6255794037915461,
        0.6028225062017772,
        0.274154865579226,
        0.6509231817686971,
        0.19648049091872918,
        0.07855582511807178,
        0.6115834638768427,
        0.6783288388366008,
        0.0970068146307458,
        0.7107646959038281,
        0.8624697269497956,
        1.101428001687721,
        0.19989149423814687,
        0.4705995231346964,
        0.43748482621419954,
        0.6900469251233401,
        0.6203774778741068,
        1.0260896006118614,
        0.8691319226944918,
        1.1311231566930946,
        0.38949989081717795,
        0.891455041194625,
        0.6865235953707838,
        0.7803520711247715,
        0.3318136551043315,
        0.3542786194473115,
        0.6656045006839112,
        0.6906315527383984,
        0.863825398145557,
        0.6289137586714146,
        0.3710958366865128,
        0.25903615261182017,
        1.0009780951198475,
        0.6787774963849056,
        0.9025486743726133,
        0.2676538241132332,
        0.591844956688514,
        0.9479054501822397,
        0.8003524220925762,
        0.8448872077699694,
        0.9573679031365059,
        0.7866046621189895,
        0.727172012222901,
        0.5025332639259404,
        0.8700085145732519,
        0.12837037520409358,
        0.942561208144347,
        0.5157084714710467,
        0.6757283709202387,
        0.7795951851405415,
        0.24156742745046658,
        0.5016441067208627,
        0.2276442220879025,
        0.19919370196670177,
        0.8785219433383213,
        0.09254539057984643,
        0.898895192902396
      ],
      [
        0.15118367069195832,
        0.5323450624872875,
        0.7286036013655517,
        0.6831139959427959,
        0.6716143349506846,
        0.47081499502402746,
        0.4080017851806765,
        0.4778597726142714,
        0.0,
        0.37758272317480357,
        0.5969533538011383,
        0.8069100728640157,
        0.4413269695851353,
        0.600913241841516,
        0.5977090038142394,
        0.6166094995174172,
        0.2093426800769853,
        0.5457646472526354,
        0.9626033139261693,
        0.8601089229439539,
        0.8809102496333698,
        0.616184836635834,
        0.6212312427212419,
        0.4819008057577517,
        0.6498956938059289,
        0.4507726568828877,
        0.582197390850209,
        0.5672436069488235,
        0.5425306097961234,
        0.136990631327459,
        0.2853144793672726,
        0.38085295798352564,
        0.5534994387523271,
        0.4404135598387293,
        0.7677447273463514,
        0.5172539564589751,
        0.41408505974243226,
        0.08543670722191223,
        0.3694120479726653,
        0.16487993415232868,
        0.741825739376786,
        0.42674971489657815,
        0.838536725872938,
        0.3276455598799439,
        0.6506086190343454,
        0.7385669588468756,
        0.7651357475336265,
        0.4661756660679913,
        0.49039867564409767,
        0.4311144551160435,
        0.7377047403425501,
        0.5995005286848674,
        0.1672414955587679,
        0.18158093882848178,
        0.22708448248458407,
        0.7156808547211859,
        0.2491791181275309,
        0.826091706999786,
        0.5190731637251544,
        0.12533585937397837,
        0.7661002695486487,
        0.3507982691283751,
        0.6983832453307182,
        0.5121431260611594,
        0.8529031606447426,
        0.4723120229753455,
        0.5257319264545499,
        0.41540748606945327,
        0.42152069035598194,
        0.4765614599044892,
        0.2027437403877559,
        0.23205053106756582,
        0.6018964977901657,
        0.47799931443899546,
        0.15445535155835388,
        0.5132674144664768,
        0.3568911535822951,
        0.5952118342992729,
        0.5522377628222119,
        0.9578197092170406
      ],
      [
        0.5287663938667619,
        0.6992587150271964,
        0.8075214103172731,
        0.8500276484827046,
        0.756978133138725,
        0.8473926716208178,
        0.030419062005872896,
        0.855442495789075,
        0.37758272317480357,
        0.0,
        0.9133475378037277,
        0.6913859066071502,
        0.8189096927599389,
        0.6826864886548895,
        0.2623418345834513,
        0.9941922226922207,
        0.38722820082874587,
        0.775514537998954,
        0.9119687482293655,
        1.036654077327803,
        0.832337560990914,
        0.9937675598106376,
        0.7611300948002603,
        0.7179858792018206,
        0.9750389477834104,
        0.8283553800576913,
        0.5896566290020322,
        0.944826330123627,
        0.9153831018690401,
        0.4647802752426072,
        0.22680670442279477,
        0.7584356811583293,
        0.7304036353500206,
        0.4850624583394434,
        0.8123936258470654,
        0.8948366796337786,
        0.7916677829172358,
        0.4630194303967158,
        0.7143878203992376,
        0.378916621657604,
        0.8169663834274389,
        0.0491669917217746,
        0.7558164353607613,
        0.7052282830547475,
        0.7349863697581229,
        1.0665414845762216,
        0.9414116449621858,
        0.8437583892427949,
        0.8679813988189012,
        0.6526854132558595,
        0.9983312632146476,
        0.6852081695449701,
        0.3932992056853417,
        0.5591636620032854,
        0.6046672056593876,
        0.8094945924034245,
        0.3696644967698771,
        0.990399934310647,
        0.896655886899958,
        0.4720595253987876,
        0.8659929237377888,
        0.33352618809067247,
        0.8461624350897362,
        0.4213376344289707,
        1.164303148173131,
        0.5871932613885987,
        0.9024044608516854,
        0.3375435811873526,
        0.7707090153204966,
        0.12000942100124196,
        0.5803264635625595,
        0.3880511032964896,
        0.7537102936657909,
        0.855582037613799,
        0.35626663871549064,
        0.8908501376412803,
        0.6908831430941722,
        0.6741224434233439,
        0.9211208099225763,
        1.2237911802487051
      ],
      [
        0.5019927585311013,
        0.36610428568030473,
        0.5948689215284847,
        0.516873219135813,
        0.530842579248065,
        0.1261406761192988,
        0.9431142857342437,
        0.5433461528581213,
        0.5969533538011383,
        0.9133475378037277,
        0.0,
        0.9098309359301914,
        0.2171635826741888,
        0.5253874063956278,
        0.8875218290782756,
        0.08886654431862827,
        0.6842414233868711,
        0.2482659398887548,
        0.693948969013984,
        0.36011776509569987,
        0.7411324390124052,
        0.40900298371985,
        0.43538938840731256,
        0.2773377851762247,
        0.06169140997968272,
        0.33409825037924273,
        0.5169742660753996,
        0.3509918430136606,
        0.602673727829414,
        0.6393042426186761,
        0.8814878805750385,
        0.5558529890377026,
        0.33955790060250135,
        0.5784197470791408,
        0.7444105595515647,
        0.346307821031625,
        0.18502439008878027,
        0.5125592193247002,
        0.3749957254370293,
        0.7444529656765482,
        0.6691352801655894,
        0.9625145295255023,
        0.7877565005076964,
        0.27884620190385384,
        0.5265782171039793,
        0.15319394677249384,
        0.2750055868987504,
        0.21291990024562832,
        0.18909623791229763,
        0.3467658929493553,
        0.14950045651630384,
        0.5134904046367667,
        0.7585171226743168,
        0.43930555781950753,
        0.5513652418942002,
        0.6432266386158001,
        0.6302218030483507,
        0.39291013156060334,
        0.27634284224742917,
        0.6061044837622445,
        0.532038341478643,
        0.6659251181145422,
        0.43608284995346336,
        0.7451798154882727,
        0.26641404782834377,
        0.4070888982005361,
        0.0713599431303931,
        0.7172608041947202,
        0.6373190125344413,
        0.922246705769841,
        0.41023751348310566,
        0.6201283411017686,
        0.4086616557372954,
        0.309702407818219,
        0.7366404050042861,
        0.3161229678906855,
        0.6757825390847527,
        0.5322910963508871,
        0.4759182723363247,
        0.3723964552513102
      ],
      [
        0.901078081864359,
        0.6120993206840804,
        0.42762090892360777,
        0.7103286971266852,
        0.452693462946414,
        0.863279701977134,
        0.6828306297183159,
        1.2411305355304452,
        0.8069100728640157,
        0.6913859066071502,
        0.9098309359301914,
        0.0,
        0.9772964766888593,
        0.45888149587685717,
        0.6535489760328149,
        0.9942041520173542,
        0.6041476706067382,
        0.6982985558258432,
        0.25261552670061393,
        0.7714364082338263,
        0.1992995539768698,
        1.1978860123033441,
        0.5447333346495169,
        0.6630942078130503,
        0.9614966266832138,
        1.0308132535809527,
        0.667605595470141,
        1.1302604648909178,
        1.3058740142034313,
        0.6816994175735395,
        0.8954867959584446,
        1.1441237208996993,
        0.630246187345961,
        0.4666923218272657,
        0.2660117255320505,
        1.089996365447588,
        0.8251386915117167,
        0.8077787362375977,
        0.7229092156580005,
        0.9717900070163444,
        0.3365315360141034,
        0.7046837121005536,
        0.19568802516276645,
        0.909132182964774,
        0.44322587084448306,
        0.9339249450849201,
        0.7481824497641462,
        0.9976319760537795,
        0.9967967793029158,
        0.6612068085146223,
        0.8736875801465926,
        0.4705726966117615,
        0.9741515684227836,
        0.8823997274765846,
        0.982486506544451,
        0.3522297289069836,
        0.5631952363467986,
        0.702583608713252,
        1.0642044053739577,
        0.6831068147483255,
        0.5113742619851824,
        0.45797675538464466,
        0.5874042874513647,
        0.29964626391069826,
        0.9916146619573818,
        0.6010057307614457,
        0.8752045525842048,
        0.4012191595618625,
        1.2005394587618115,
        0.5745099167281766,
        0.7852624019963275,
        0.5753715743776645,
        0.563928763744255,
        1.0471061841541298,
        0.9164031211176911,
        1.0769325097723095,
        1.1514305511709284,
        0.4524399130104049,
        1.2433139001426765,
        1.0020587989979912
      ],
      [
        0.3281464858451141,
        0.40733120607709977,
        0.6463102076104863,
        0.5581001395326081,
        0.5820372767541219,
        0.13833992165500583,
        0.8493287547658117,
        0.33430128832025535,
        0.4413269695851353,
        0.8189096927599389,
        0.2171635826741888,
        0.9772964766888593,
        0.0,
        0.5638840856235827,
        0.8825983669723428,
        0.286990063669692,
        0.5455805337285607,
        0.29465300895821767,
        0.740336038083447,
        0.5771640522612412,
        0.7779969227119896,
        0.23080793102463934,
        0.4856356097079335,
        0.31420226887580904,
        0.27873769714522406,
        0.1188922874389403,
        0.49566060362841147,
        0.15799137806430258,
        0.40073526596891423,
        0.5200829028089835,
        0.7229588451362623,
        0.3439578688914322,
        0.39108408623143465,
        0.5976284180885096,
        0.7902299452785009,
        0.13441270088535465,
        0.1524999970629772,
        0.3570994441186934,
        0.3557456368030847,
        0.6031612644533064,
        0.7182602931265037,
        0.8680766844817135,
        0.8249545905334207,
        0.1243295543276061,
        0.5759183981831071,
        0.3686113885556385,
        0.47561367223123535,
        0.027075256210795363,
        0.049162891035002015,
        0.3641663851275244,
        0.3665467436818452,
        0.5527984480190031,
        0.6016761164585227,
        0.26282121353821025,
        0.3748808976129029,
        0.6921372626563844,
        0.5442375856905277,
        0.5978102754790772,
        0.08711674687095165,
        0.48797231375087097,
        0.6227731889802698,
        0.6356876322864785,
        0.5252324439948399,
        0.7633862310238084,
        0.47830084591779076,
        0.42916546720351123,
        0.16857043644869976,
        0.7053112779238824,
        0.425423892388171,
        0.8123540366581193,
        0.30107984453487724,
        0.5109706721535402,
        0.45880262842877645,
        0.09400844195609406,
        0.5633427476327384,
        0.1096172007918091,
        0.4638874189384824,
        0.5691289519421002,
        0.28048397551597937,
        0.5873981704866053
      ],
      [
        0.6554939279906142,
        0.1600108793208957,
        0.12805900215800828,
        0.2857248701821403,
        0.07429265288066994,
        0.4425882455116899,
        0.6929334819492871,
        0.8743493602664737,
        0.600913241841516,
        0.6826864886548895,
        0.5253874063956278,
        0.45888149587685717,
        0.5638840856235827,
        0.0,
        0.5909246930044262,
        0.5730270626983841,
        0.44420824541599524,
        0.2786960993413518,
        0.37840001653051913,
        0.3955804440722487,
        0.29670695223771976,
        0.7922052083312369,
        0.12447257551330913,
        0.24991844146179448,
        0.5114948687743405,
        0.6127953431786748,
        0.27459810258361805,
        0.7169203247913499,
        0.9427630009232802,
        0.5024630530605797,
        0.7822063136416375,
        0.868147986645625,
        0.1864796830783248,
        0.1992783571634819,
        0.22708926526538167,
        0.6752315023746974,
        0.41143586225361917,
        0.5596664397603854,
        0.27569109900963235,
        0.7111812331553102,
        0.1614863980554989,
        0.668678222384965,
        0.2631934707140907,
        0.489705805411416,
        0.052299946629958946,
        0.5157069840170706,
        0.33979471175743287,
        0.583535828216191,
        0.5808280757797571,
        0.21398869186625416,
        0.4236858222377193,
        0.012015002179047411,
        0.7299715272539627,
        0.594058964589858,
        0.7061186486645507,
        0.13610983586831468,
        0.35173412371398505,
        0.33448792164999797,
        0.6508971382173272,
        0.4830019441177833,
        0.18331779557745834,
        0.3493582513010322,
        0.1909680849806663,
        0.3663244150800493,
        0.5837660350786477,
        0.16554581776449714,
        0.45402746326523463,
        0.3630143791470072,
        0.9299890959416358,
        0.6089102007331845,
        0.5928396575628812,
        0.3829488299442182,
        0.13993341494828243,
        0.6327819328160071,
        0.7266552846596401,
        0.6633910772277549,
        0.8653818424246016,
        0.01102484266177585,
        0.828166120539151,
        0.6154679158291706
      ],
      [
        0.7078936803361019,
        0.5963740695932559,
        0.7130272135991597,
        0.7471430030487641,
        0.6649230033131548,
        0.8133088911890405,
        0.2506541281176833,
        1.0472631567784405,
        0.5977090038142394,
        0.2623418345834513,
        0.8875218290782756,
        0.6535489760328149,
        0.8825983669723428,
        0.5909246930044262,
        0.0,
        0.7986552847596473,
        0.3932992152468083,
        0.673422166449668,
        0.9061645027334289,
        0.9342026748876208,
        0.8426352520012518,
        1.0591937715932658,
        0.6620280061543379,
        0.6158935076525347,
        0.8657827838091778,
        0.8798094917866952,
        0.503041175597224,
        0.9843336432577984,
        1.1120066354514269,
        0.47080136663008854,
        0.4812265406781644,
        0.9502563421476947,
        0.6309282914111654,
        0.39745184135293804,
        0.72478300886056,
        0.9383814039989288,
        0.7673170063662629,
        0.6108434186856061,
        0.6126175462745251,
        0.6333364579129735,
        0.7432339910107741,
        0.29043215167412395,
        0.7781394279417286,
        0.7585211250396218,
        0.6430274317255272,
        0.9261231943124888,
        0.8412374682737555,
        0.9096704443614225,
        0.9271751221193401,
        0.5509151391311469,
        0.8965609890899351,
        0.5924101608985334,
        0.6477190419407113,
        0.6908285898679676,
        0.7882270041666204,
        0.7183946308604229,
        0.3728663925218572,
        0.8899137789991949,
        0.9463751556092385,
        0.4728012779168007,
        0.77352172780137,
        0.24691073468586436,
        0.7471151168239631,
        0.36395471269276203,
        1.0411308994716073,
        0.48510088983931277,
        0.8413568882687615,
        0.26836149063230774,
        0.9796036042824731,
        0.1423324135822093,
        0.5815185224374656,
        0.37162769481880265,
        0.6531378200564609,
        0.8948189238288349,
        0.6186084732989419,
        0.9317564925215673,
        0.9495509047946069,
        0.5830224818803423,
        1.0914436596167842,
        1.1236170035602748
      ],
      [
        0.5402296846788688,
        0.4137439419830611,
        0.6074730070971022,
        0.5645128754385693,
        0.5764299306379274,
        0.16450270684291346,
        0.9814763164578584,
        0.6199651134311558,
        0.6166094995174172,
        0.9941922226922207,
        0.08886654431862827,
        0.9942041520173542,
        0.286990063669692,
        0.5730270626983841,
        0.7986552847596473,
        0.0,
        0.6929864101973253,
        0.29590559619151113,
        0.7415886253167403,
        0.36555385416554775,
        0.808335722193233,
        0.49340130194687465,
        0.4830290447100689,
        0.34454106835705245,
        0.06712749904953057,
        0.3975544901830327,
        0.5851409657374618,
        0.4317852868131059,
        0.6826851020769822,
        0.6480492294291303,
        0.8966435210706962,
        0.6300997171839697,
        0.3871975569052577,
        0.6453137731959443,
        0.7806766093054708,
        0.42055454917789215,
        0.20716461769450753,
        0.5352358822788695,
        0.42703461511289476,
        0.7543035898280964,
        0.7010190068763926,
        1.0433592144139954,
        0.8353961568104528,
        0.31992114725202286,
        0.5742178734067357,
        0.12746790955284143,
        0.28044167596859826,
        0.2883003713947017,
        0.2677078910932901,
        0.4118647702660836,
        0.1549365455861517,
        0.561130060939523,
        0.7730938839267489,
        0.4753701889972261,
        0.5874298730719187,
        0.6804873135125419,
        0.6621402414492104,
        0.3983462206304512,
        0.35610112603561384,
        0.6148494705726988,
        0.5374744305484909,
        0.7310239954312705,
        0.4415189390233112,
        0.8108413006710553,
        0.24247561471196,
        0.4752555978625982,
        0.11899959943314944,
        0.7746182502033043,
        0.7115657406807085,
        0.9309916925802952,
        0.41898250029355993,
        0.6288733279122228,
        0.45630131204005175,
        0.38099574815720655,
        0.7635303121340299,
        0.3924960130853563,
        0.7500292672310199,
        0.5805374785677612,
        0.5573926536333347,
        0.3467206599230065
      ],
      [
        0.33595998558895823,
        0.42997255425275493,
        0.5709017898862215,
        0.5807414877082632,
        0.5162582079512539,
        0.5602605365846779,
        0.3755404943629779,
        0.6753424283168431,
        0.2093426800769853,
        0.38722820082874587,
        0.6842414233868711,
        0.6041476706067382,
        0.5455805337285607,
        0.44420824541599524,
        0.3932992152468083,
        0.6929864101973253,
        0.0,
        0.45913310283146475,
        0.7950383125628349,
        0.767162189088994,
        0.7133452482700354,
        0.7360013746599214,
        0.5009851709187726,
        0.4512958633264508,
        0.7322518537734597,
        0.5444000948450383,
        0.4025189214723036,
        0.660871044910974,
        0.7400859069898293,
        0.07755207441386132,
        0.35729533499491917,
        0.5783356136860973,
        0.459680179895834,
        0.26816183762172163,
        0.5954930051293437,
        0.6108813944211257,
        0.4993977654879581,
        0.23940926485210481,
        0.4480199019484412,
        0.374222614229314,
        0.5900243203701119,
        0.41531851791941854,
        0.6662850036559304,
        0.42127299784209454,
        0.4949073943258413,
        0.8177672525089781,
        0.6713164886771332,
        0.5726257117551448,
        0.591679116575887,
        0.386317494805063,
        0.7319633447638512,
        0.44367848528612486,
        0.3765841756357532,
        0.3332106837369611,
        0.4173585167353306,
        0.5638794357145117,
        0.0973776991208568,
        0.7256215032207832,
        0.6050873315535465,
        0.08483132457004174,
        0.622701310621729,
        0.14638848056094392,
        0.5855823543315244,
        0.3059108323136794,
        0.897613132297761,
        0.3205032455132289,
        0.6133244686235246,
        0.20695550383017813,
        0.6270625404553272,
        0.2672187798275039,
        0.2740039099037654,
        0.06411308228510247,
        0.4897440660049368,
        0.571626752401146,
        0.31225577795801296,
        0.6068948524286274,
        0.5655755819727887,
        0.437765872995303,
        0.7497204185247837,
        0.9536960239636527
      ],
      [
        0.43857498293259645,
        0.11870631808099313,
        0.35171320185762267,
        0.2694752515365014,
        0.28816130797637435,
        0.16498114615129086,
        0.7916337820313352,
        0.616452080303424,
        0.5457646472526354,
        0.775514537998954,
        0.2482659398887548,
        0.6982985558258432,
        0.29465300895821767,
        0.2786960993413518,
        0.673422166449668,
        0.29590559619151113,
        0.45913310283146475,
        0.0,
        0.4456830291252292,
        0.4056982935729389,
        0.5273760934180286,
        0.5254605182424026,
        0.19100868234128993,
        0.06460958264648788,
        0.3035782711766496,
        0.3673620723319305,
        0.29820664448521883,
        0.4520565228157297,
        0.6836802725967864,
        0.536685177245326,
        0.7639526506604571,
        0.6279867932255148,
        0.09688111445211521,
        0.35947801697258336,
        0.5007833265223515,
        0.4184416252194372,
        0.14587655945075687,
        0.4603279400307232,
        0.1763525992799701,
        0.611842733425648,
        0.42621745116031384,
        0.7711408939049007,
