{
  "sol": {
    "z": 3.0937250019171163,
    "tours": [
      [
        0,
        29,
        19,
        26,
        25,
        12,
        35,
        21,
        33,
        22,
        31,
        13,
        27,
        4
      ],
      [
        17,
        11,
        1,
        32,
        16,
        30,
        6,
        14,
        9,
        7,
        23
      ],
      [
        34,
        15,
        5,
        8,
        10,
        2,
        20,
        28,
        24,
        18,
        3
      ]
    ]
  },
  "params": {
    "gm": [
      [
        0.0,
        0.0801247303015753,
        0.46122440687140237,
        0.11335649020825525,
        0.2654578938115635,
        0.49159701429804914,
        0.7355878651191458,
        0.3434522200776433,
        0.7365769116211409,
        0.20864146180273413,
        0.7597355447712554,
        0.305202817088154,
        0.24194025416481546,
        0.5550116792572353,
        0.4471050871657807,
        0.517127188357399,
        0.5850303751815688,
        0.2631192281927505,
        0.24835170172293322,
        0.13549067024139697,
        0.4458472191096278,
        0.3258976477924629,
        0.487569549592199,
        0.4937695591839486,
        0.4291298075304133,
        0.228245105581986,
        0.23046757282861854,
        0.5539797238709423,
        0.5020239393237877,
        0.10523875810179935,
        0.704829885139427,
        0.5513059845588126,
        0.12146094879843154,
        0.2904497860086169,
        0.41673695981483044,
        0.2654722977011151,
        0.35419086408916955,
        0.6942781689641904,
        0.3329605776950122,
        0.4545961259337432,
        0.711566871002753,
        0.7856762902692862,
        0.5618299149076541,
        0.7816121497262276,
        0.3253773094427797,
        0.37908950854731666,
        0.504750359848308,
        0.7252455349832071,
        0.33587460681338005,
        0.5240770508072191,
        0.2798687005694825,
        0.7859630718250943,
        0.20793617624017763,
        0.5678505805158799,
        0.5443315325379112,
        0.5397644334100049,
        0.13540771689635678,
        0.08486093620403283,
        0.7080481007977868,
        0.7080368538034074,
        0.5526937034179709,
        0.6677148403421105,
        0.23225022078572416,
        0.5695490616002987,
        0.49064706188292545,
        0.47115655669511125,
        0.4935394451835314,
        0.3274385813404182,
        0.12165471544621459,
        0.3237405475115585,
        0.4780412318435855,
        0.5417755829271513,
        0.12339016320648283,
        0.0821742706530684,
        0.2776116548094584,
        0.5379723209124863,
        0.562218944407437,
        0.16879179983730938,
        0.8647257682548308,
        0.15625259357613122,
        0.19170590943210453,
        0.5964878463290273,
        0.5953867390392936,
        0.3340061300486255,
        0.7495628897735311,
        0.2014488933138896,
        0.45960483868963553,
        0.3863923154769138,
        0.619439955137682,
        0.9401592487102074
      ],
      [
        0.0801247303015753,
        0.0,
        0.5405152186718912,
        0.18905219695800962,
        0.18751150788846363,
        0.5711407988707875,
        0.7442640780503261,
        0.35506177404903844,
        0.8078906271053199,
        0.19125529699450008,
        0.8310492602554344,
        0.2255257517280157,
        0.25317523437965256,
        0.47975654203356305,
        0.4257507457820542,
        0.5886180782473869,
        0.5638088110558256,
        0.20001806302732214,
        0.26311821763222565,
        0.20347753962450016,
        0.5249086946535022,
        0.3116863802172512,
        0.4662152082084725,
        0.5085360750932411,
        0.45998009882071,
        0.28613750253351433,
        0.28848714757398974,
        0.48140762716851326,
        0.5352945658883695,
        0.16830537112042745,
        0.7046587890602023,
        0.5032692987290485,
        0.09100359368146797,
        0.2690954446248904,
        0.4880506752990094,
        0.27039715173197026,
        0.39368507044212414,
        0.7655918844483693,
        0.35348279340302585,
        0.45032222178512077,
        0.7072929668541306,
        0.8569900057534652,
        0.6393229847451366,
        0.8601612122825502,
        0.3611361964024955,
        0.39032448876215375,
        0.5847245979346992,
        0.7254808015681529,
        0.2606194695897079,
        0.6041954796179335,
        0.20240740213668737,
        0.8645549443034176,
        0.23600953114503204,
        0.49200762593304315,
        0.49393468716542355,
        0.6189557490661538,
        0.08471722329867118,
        0.044651882594745056,
        0.7862224007265157,
        0.7880675636926231,
        0.5313393620342444,
        0.7472586249148487,
        0.17901682211536488,
        0.64917934622601,
        0.5289417310157551,
        0.5502180322389856,
        0.5732647722147197,
        0.40746929122963393,
        0.1999399627293138,
        0.4028020230554329,
        0.40386632737358663,
        0.5210572997387624,
        0.07472116466285986,
        0.0977144158973311,
        0.31710586116241296,
        0.5166179795287598,
        0.6420797919089812,
        0.18475161960812353,
        0.9429000681835598,
        0.21727713155424472,
        0.11900221907493617,
        0.6721835530787816,
        0.6082967327061205,
        0.35561492674343476,
        0.7452889856249088,
        0.27676398557956444,
        0.47083981890447263,
        0.46208802222666817,
        0.6342064710469745,
        0.9488354616413878
      ],
      [
        0.46122440687140237,
        0.5405152186718912,
        0.0,
        0.372546451765657,
        0.726552083344816,
        0.13922805382541273,
        1.0500660410048617,
        0.6577482047539989,
        0.41506229536506717,
        0.5998116070495573,
        0.5036587438839534,
        0.7609422535662798,
        0.5651572891448318,
        1.0140371157317083,
        0.8159336606828229,
        0.39302944623145875,
        0.9340320226276995,
        0.710515904113917,
        0.5739895055168778,
        0.3861012834841619,
        0.1241908530427395,
        0.6783674923248635,
        0.8491653863232114,
        0.5561350139331233,
        0.46766125289404653,
        0.39653579618917106,
        0.39566199100687105,
        1.0150258086364115,
        0.2302931126200744,
        0.41689894712186526,
        0.9732224141055228,
        0.89790949749768,
        0.5465313176070125,
        0.6641557049014125,
        0.29246204328308134,
        0.5941404501460135,
        0.3689813681975974,
        0.45310392877925654,
        0.4823354833022907,
        0.7675865394261598,
        1.0245572844951696,
        0.5397105391964455,
        0.23980541320080423,
        0.3874599808753163,
        0.3590232356198441,
        0.550633809647796,
        0.11558889598209156,
        0.9912363515626788,
        0.7949000432878531,
        0.10444509714655491,
        0.7407520316457633,
        0.3904429897799011,
        0.4898490831625163,
        1.002286273127573,
        0.889872233676543,
        0.07862428707373771,
        0.5851679094457414,
        0.5306636785725987,
        0.33145714701301626,
        0.34325013331611576,
        0.9158258392590197,
        0.303830681680385,
        0.6571322739810777,
        0.11003489995270391,
        0.2141227767963688,
        0.2357715504855587,
        0.03980658884162719,
        0.15672608490184572,
        0.3407521103439614,
        0.1378415935910476,
        0.9346511588467413,
        0.9040570169463111,
        0.5614610249495369,
        0.5014389333692163,
        0.40678889025316545,
        0.9089487595382002,
        0.10703676412874435,
        0.5230456079345986,
        0.4856991158885834,
        0.4012752805338972,
        0.6403203190934584,
        0.4922119267899806,
        0.9113924215043376,
        0.47819763954923866,
        1.0625533032659478,
        0.32955605604816524,
        0.4701184795054771,
        0.3266923874209029,
        0.6411581130860409,
        1.0523565146130047
      ],
      [
        0.11335649020825525,
        0.18905219695800962,
        0.372546451765657,
        0.0,
        0.36319366540144465,
        0.3849978292956598,
        0.7018675359056363,
        0.30954969965477364,
        0.6237199812887688,
        0.2350592221574061,
        0.6468786144388833,
        0.4136749956929921,
        0.22216918143379455,
        0.6454943081187086,
        0.464451997683363,
        0.40439774109303045,
        0.5901993884713719,
        0.3381833523098548,
        0.2221279366614792,
        0.03935350412215539,
        0.346806514507426,
        0.33039394793330246,
        0.5044794922369092,
        0.46754579412249453,
        0.48502371290779317,
        0.13486570074612603,
        0.13664488036386177,
        0.6440647738029099,
        0.4475408285651922,
        0.04814838796864186,
        0.6736111165984842,
        0.5549213897866427,
        0.22986870219645603,
        0.3086407432912504,
        0.30388002948245835,
        0.25078848691564015,
        0.4232939780864466,
        0.5814212386318183,
        0.38128680563444883,
        0.4355195140493685,
        0.6924902591183784,
        0.6728193599369141,
        0.45030127032145295,
        0.6716427577103041,
        0.3913743714187564,
        0.35931843581629574,
        0.40113103201568995,
        0.6935839014388963,
        0.42635723567485345,
        0.42321167514345165,
        0.3761932005340586,
        0.6760774210020641,
        0.26054852387608424,
        0.654312728736012,
        0.5468841259655057,
        0.45070003193393077,
        0.21481169005906925,
        0.19792470502760331,
        0.5974334822764035,
        0.6067541860908724,
        0.5703918487505731,
        0.5611156553397211,
        0.34281488863969634,
        0.4768930526651482,
        0.4182307989760346,
        0.38785754358598296,
        0.40079155931395444,
        0.22619001327080798,
        0.08222610355856208,
        0.24044153440243024,
        0.5636901240132397,
        0.5564206441228737,
        0.235710261372966,
        0.12922390745587528,
        0.3467147688067354,
        0.5561632720226963,
        0.4673955431684023,
        0.24180297944778198,
        0.7541111497334475,
        0.07041023972251288,
        0.30470637903709114,
        0.483131356120772,
        0.5631939164051123,
        0.38637751845489876,
        0.7304862778891565,
        0.15216928994378057,
        0.41646191735323274,
        0.27303582526865855,
        0.5919542559439395,
        0.906438919496698
      ],
      [
        0.2654578938115635,
        0.18751150788846363,
        0.726552083344816,
        0.36319366540144465,
        0.0,
        0.7479408009196926,
        0.7723275895178969,
        0.4432334212477967,
        0.9702896581043156,
        0.26810784208474303,
        0.9327474105804847,
        0.09048740485350594,
        0.34634154580796916,
        0.29618847569752355,
        0.3476432666736777,
        0.7510171092463824,
        0.49852457306262354,
        0.09669366833560378,
        0.35853120492939233,
        0.36586506595538726,
        0.7100001799088707,
        0.38546296947436165,
        0.38823798156572076,
        0.601294007699438,
        0.6042231358082221,
        0.44072676340086603,
        0.4429150109651189,
        0.29953290226896373,
        0.6922958298321432,
        0.32926429322875517,
        0.702536217351276,
        0.3166064301096213,
        0.22961535684138112,
        0.34078293626400763,
        0.650449706298005,
        0.35731626208904843,
        0.5556130022646174,
        0.927990915447365,
        0.4901727870877974,
        0.5048201618588105,
        0.7617909069278204,
        1.019389036752461,
        0.8074808856973864,
        1.0309751170004,
        0.5213912149203663,
        0.48349080019047036,
        0.7642618006267827,
        0.7224964812807282,
        0.0778391875909065,
        0.7856842403591169,
        0.015744533517260222,
        1.0355338023177292,
        0.3930107950888057,
        0.30449611804457954,
        0.3072718185459964,
        0.8051310902239601,
        0.1532332389848688,
        0.2107738570572415,
        0.9558580985831208,
        0.9689278207006287,
        0.42861271893568625,
        0.9240586269637538,
        0.21899837592020005,
        0.8344699521010612,
        0.689196749533626,
        0.6490662886013214,
        0.7583284930438722,
        0.5883295482376395,
        0.38684242391189966,
        0.5891848873699881,
        0.21998847173874925,
        0.44579809438749685,
        0.20230068068329593,
        0.23934265830061743,
        0.4790337929849062,
        0.40283652730374864,
        0.826606928917209,
        0.337420215976282,
        1.0985472154460152,
        0.36863456734006256,
        0.13948968339120052,
        0.782380051643641,
        0.6820052479954283,
        0.4936018655620056,
        0.7997869256985985,
        0.4642612085188923,
        0.5640061303327892,
        0.6362294906701031,
        0.7290970013101747,
        0.9726804892595676
      ],
      [
        0.49159701429804914,
        0.5711407988707875,
        0.13922805382541273,
        0.3849978292956598,
        0.7479408009196926,
        0.0,
        0.9590193220092658,
        0.566701485758403,
        0.28734943972874344,
        0.5885850386997703,
        0.37594588824762964,
        0.7966561387712684,
        0.5529931330108094,
        1.0114353931978997,
        0.7923236774857656,
        0.2894693966279043,
        0.8570313251316604,
        0.7149453353314289,
        0.5669498405035704,
        0.3844229800285093,
        0.25615279055747703,
        0.666203336190841,
        0.8219085380002376,
        0.46236336332666184,
        0.5916541491376691,
        0.407327557596878,
        0.40655360624949577,
        1.0251421550353017,
        0.36445772724934333,
        0.4202051192143013,
        0.8821756951099269,
        0.8857453413636577,
        0.5885895042956877,
        0.6519915487673902,
        0.18890199367952684,
        0.5795584147783189,
        0.49920014391003487,
        0.3253910731429328,
        0.6215635371277034,
        0.6765398204305639,
        0.9335105654995737,
        0.4119976835601218,
        0.10343854623538223,
        0.29407677254292725,
        0.4982512894452569,
        0.4595870906522001,
        0.03445399166972778,
        0.9001896325670828,
        0.8085199932924559,
        0.067416782191448,
        0.7606440618821301,
        0.2980998366184174,
        0.6207547705407337,
        0.9901221169935506,
        0.8777080775425207,
        0.15821683564551478,
        0.5973530125646624,
        0.5702744436068936,
        0.22485338797599255,
        0.22175635679521263,
        0.8839228627503499,
        0.1761178260440613,
        0.6980159084499038,
        0.15262454445649123,
        0.3443415525088062,
        0.3464244037206658,
        0.11677653382764358,
        0.16695551034926417,
        0.3828668244670315,
        0.20867174946074213,
        0.9447675052456315,
        0.8522546257495522,
        0.6031375952139313,
        0.510301288688267,
        0.539576871784996,
        0.8816909223823661,
        0.13384429037662737,
        0.5651603220576686,
        0.38091636856457556,
        0.38911112439987483,
        0.6803971275218471,
        0.40200016320945486,
        0.8203457025087417,
        0.6174256933746514,
        0.9715065842703519,
        0.3397854814955837,
        0.37907176050988123,
        0.23564566842530704,
        0.5376369558770218,
        0.9488007683713146
      ],
      [
        0.7355878651191458,
        0.7442640780503261,
        1.0500660410048617,
        0.7018675359056363,
        0.7723275895178969,
        0.9590193220092658,
        0.0,
        0.3923178362508627,
        0.8005460747730873,
        0.5571323741831907,
        0.7688141845152525,
        0.8625871073605516,
        0.4947036878321699,
        0.6863855137540732,
        0.42468432284421925,
        0.8361449228400532,
        0.3227612686944133,
        0.6756339211822932,
        0.4873630891474635,
        0.6752513111801794,
        1.046964600099919,
        0.44476307033458673,
        0.411468054491166,
        0.5565810619158715,
        1.1593551742493968,
        0.7306778925039079,
        0.7328661400681609,
        0.7532628228377932,
        1.0891261652260766,
        0.6544123927989848,
        0.08727736618214187,
        0.5185675024344935,
        0.8342482527117754,
        0.49254191772606337,
        0.7757008209545142,
        0.474364596917655,
        0.983982392734408,
        0.7672804173728828,
        1.0640296137470426,
        0.3029595896965795,
        0.12405646650031477,
        0.6758822960677869,
        0.9559959515961296,
        0.965603928463989,
        1.0425602682020896,
        0.5003067591963272,
        0.9565891281756979,
        0.07866196902292046,
        0.7624274185295743,
        0.9897994489374354,
        0.7701699937632923,
        0.9688697254859917,
        0.9389872704316566,
        0.6259493686223409,
        0.5212273427271704,
        1.0812305302668437,
        0.6720046778172181,
        0.7866061018064388,
        0.9401739448650508,
        0.8946788356192172,
        0.41911121752346325,
        0.9117621535838474,
        0.9113876045709078,
        1.0748101500263265,
        1.112500793640735,
        1.0821275382506832,
        1.043881313591197,
        0.9048175841579242,
        0.7785294900493539,
        0.9347115290671305,
        0.749392720380515,
        0.37851154986342767,
        0.8185729347767945,
        0.6584856591961986,
        1.0131995199286041,
        0.4398044457481279,
        1.0561441116544137,
        0.9043341909296831,
        0.9266889498372055,
        0.6585856964431045,
        0.8295245480915051,
        0.7613161429089607,
        0.1428327369946245,
        1.0643597004892664,
        0.1347201999938831,
        0.8279566168873512,
        0.5799475614993845,
        0.7233736535839588,
        0.6158149227147744,
        0.20457138359106164
      ],
      [
        0.3434522200776433,
        0.35506177404903844,
        0.6577482047539989,
        0.30954969965477364,
        0.4432334212477967,
        0.566701485758403,
        0.3923178362508627,
        0.0,
        0.6143196691872623,
        0.17876765515132478,
        0.5477993755242297,
        0.5049247911523177,
        0.10264709027872983,
        0.4796217323317643,
        0.225629293187795,
        0.44382708658919046,
        0.3040717020801731,
        0.41826277821147395,
        0.09510276308606044,
        0.28299098511877635,
        0.6547042740385158,
        0.11183525953670023,
        0.25576454361941514,
        0.19053308699770097,
        0.7672985766959569,
        0.3386212949504679,
        0.3408095425147208,
        0.5342178859681908,
        0.7034656708047499,
        0.2687518983776581,
        0.3640614169437106,
        0.32790897664450397,
        0.4437221114286554,
        0.1466508769699191,
        0.38338298470365145,
        0.08593926413730979,
        0.5955570599540628,
        0.5956335737381044,
        0.6738286241372857,
        0.13031338067815493,
        0.38728412574716475,
        0.6345941286931975,
        0.5636781153452669,
        0.7877719001974123,
        0.6541349354217445,
        0.10798892294546451,
        0.5993857751282141,
        0.38403420178412256,
        0.5016447553540097,
        0.6323474848019935,
        0.4545456179944887,
        0.7924434208834319,
        0.5484517521961492,
        0.4323022959533789,
        0.3222211856388993,
        0.7109723392238079,
        0.2900001822629279,
        0.3961118606027303,
        0.7122054242119191,
        0.7150338219013597,
        0.31903011489087146,
        0.7255512828719445,
        0.5283209809415321,
        0.7152589361697858,
        0.7202404675793317,
        0.68986721218928,
        0.6585742051467697,
        0.5127609866044842,
        0.39124160554681353,
        0.5424512030057274,
        0.551198088468132,
        0.28997909832954727,
        0.42977670157770104,
        0.266362247355055,
        0.6210638748871017,
        0.3155150693357113,
        0.6976663435780616,
        0.5122438039884909,
        0.8177567076666463,
        0.2665290988896644,
        0.44926907442555486,
        0.38929717655252716,
        0.2536442167503387,
        0.6744093398822013,
        0.42528014451794294,
        0.4617189895985542,
        0.18762972524852178,
        0.33105581733309597,
        0.3220995074160258,
        0.5968892198419243
      ],
      [
        0.7365769116211409,
        0.8078906271053199,
        0.41506229536506717,
        0.6237199812887688,
        0.9702896581043156,
        0.28734943972874344,
        0.8005460747730873,
        0.6143196691872623,
        0.0,
        0.7150652350356602,
        0.10537131376041607,
        1.0279801906448065,
        0.6729798581508366,
        1.0939414015190265,
        0.8399489623750573,
        0.42040735475468793,
        0.8768325440112313,
        0.9349469474518479,
        0.6869365656435976,
        0.6044245921489283,
        0.5380412080510901,
        0.7261549287239626,
        0.8700822984359701,
        0.45129270836237956,
        0.8778488202736472,
        0.6946769973256215,
        0.6939030459782393,
        1.148537555155453,
        0.6452686993073428,
        0.6411564290423155,
        0.8617276101795428,
        0.9422286458317664,
        0.8528951222936617,
        0.7609705461571814,
        0.31983995180631053,
        0.6803737997362722,
        0.7442067913618591,
        0.042298742656950536,
        0.8973977786673578,
        0.7049141805816715,
        0.6915479227671599,
        0.12466377870530038,
        0.29969449812010096,
        0.1975635222526796,
        0.7740855309849113,
        0.5358306037683354,
        0.3005538934480085,
        0.8679031490661038,
        1.028596727743608,
        0.31311260566975013,
        0.982275989499812,
        0.20189530720823984,
        0.8842685051648531,
        1.0466219651406412,
        0.9365408548261616,
        0.39826730123294524,
        0.8180053419375275,
        0.8214067722763851,
        0.15116718925344874,
        0.10071415271409731,
        0.924446581275549,
        0.11123161368468214,
        0.9661133198873816,
        0.37178346696671116,
        0.6276265908964878,
        0.6337283012903332,
        0.3817470987974781,
        0.45430495007800764,
        0.6622210901196037,
        0.4946801760802859,
        1.1655177576553943,
        0.886980929804026,
        0.8594201024370625,
        0.7310516026702907,
        0.8207860006415703,
        0.9280268890105545,
        0.35422834005538234,
        0.8445145877102409,
        0.20343703847938394,
        0.6355299698212714,
        0.9261542264661764,
        0.25819918946932857,
        0.8679638859376011,
        0.8932599349143059,
        0.7295439415379381,
        0.6271349212243271,
        0.45671402964283014,
        0.372167119176866,
        0.4452058598414607,
        0.8043967843428346
      ],
      [
        0.20864146180273413,
        0.19125529699450008,
        0.5998116070495573,
        0.2350592221574061,
        0.26810784208474303,
        0.5885850386997703,
        0.5571323741831907,
        0.17876765515132478,
        0.7150652350356602,
        0.0,
        0.6794935276113513,
        0.33668488632705845,
        0.09308766283883568,
        0.48979784188187947,
        0.23847604659524912,
        0.5857764351604541,
        0.3765092955278675,
        0.24313719904842032,
        0.10698197242181909,
        0.21418512472210852,
        0.5818582609166444,
        0.12074283906497957,
        0.27894050902166745,
        0.35111814729077023,
        0.6370554128455401,
        0.27156611036069894,
        0.27375435792495184,
        0.5447453008455804,
        0.6218967525371084,
        0.1871829801100167,
        0.5140855524755154,
        0.34615117583132937,
        0.2822454385401864,
        0.0818207454380853,
        0.4852090322120767,
        0.09455261111328453,
        0.5628136236442939,
        0.7237687783327217,
        0.5370284351705108,
        0.2595290954113549,
        0.5164998404803647,
        0.7688459078459037,
        0.6394050918218832,
        0.8634065297486857,
        0.5340000689979041,
        0.23023691722133688,
        0.609829608755616,
        0.5349663043536681,
        0.326519176190956,
        0.6357204778901753,
        0.27942003883143507,
        0.8680376872997637,
        0.41384724611102325,
        0.44466161986768904,
        0.3391767238104279,
        0.6763138451089501,
        0.11487460309987424,
        0.23548461022099032,
        0.7879322757643298,
        0.810341395494983,
        0.34406466284743936,
        0.7647028647438315,
        0.3544519837280739,
        0.6986415067061017,
        0.6509685124640708,
        0.6205952570740192,
        0.6239328248300597,
        0.4455903612055037,
        0.3009219404645877,
        0.4731792478904665,
        0.46437065105591024,
        0.3331341211244172,
        0.2637262599452622,
        0.1276523815125155,
        0.48623441436458276,
        0.3293432803419547,
        0.6868298045138136,
        0.3684296643581534,
        0.9185022735150441,
        0.19947391429989547,
        0.2723921739083144,
        0.5291261686745075,
        0.4252643601356262,
        0.5385653214888612,
        0.5544958592511429,
        0.38170992889604244,
        0.31075224736365575,
        0.45417833944822994,
        0.4739738303701669,
        0.7598267815303145
      ],
      [
        0.7597355447712554,
        0.8310492602554344,
        0.5036587438839534,
        0.6468786144388833,
        0.9327474105804847,
        0.37594588824762964,
        0.7688141845152525,
        0.5477993755242297,
        0.10537131376041607,
        0.6794935276113513,
        0.0,
        0.9533163713849369,
        0.5864058647725157,
        1.0264244796043436,
        0.7669954479002783,
        0.4435659879048024,
        0.7927426879600419,
        0.907776767544162,
        0.6003625722652767,
        0.6275832252990428,
        0.6266376565699763,
        0.6573842169823133,
        0.7898597426345594,
        0.3714909810292652,
        0.9664452687925333,
        0.7255439481094073,
        0.7274984663333188,
        1.0820172614924206,
        0.7338651478262289,
        0.66431506219243,
        0.8299957199217081,
        0.8743187573350606,
        0.8760537554437762,
        0.68136409789161,
        0.342998584956425,
        0.5937998063579513,
        0.7673654245119735,
        0.06545737580706498,
        0.9366862196628106,
        0.6249393496331586,
        0.6598160325093251,
        0.09293188844746558,
        0.4033931024881864,
        0.30246880305443974,
        0.8259432999796552,
        0.4492566103900144,
        0.3891503419668947,
        0.836171258808269,
        0.9911587446866977,
        0.40170905418863634,
        0.9440596073271768,
        0.30669886191003876,
        0.9074271383149676,
        0.980098025930489,
        0.8691932459184112,
        0.4879389265328784,
        0.779514171595616,
        0.8445654054264996,
        0.25486579362153416,
        0.2033173481481849,
        0.844597652680651,
        0.19982806220356833,
        0.989271953037496,
        0.4605357395444195,
        0.7162230394153739,
        0.7223247498092193,
        0.4703435473163643,
        0.5340921639050092,
        0.6853797232697182,
        0.5832766245991721,
        1.0948483376927078,
        0.8067229336966104,
        0.8825787355871769,
        0.7501993798542979,
        0.8439446337916847,
        0.8481151714407157,
        0.44319598762625656,
        0.8676732208603554,
        0.29487583683490776,
        0.6586886029713859,
        0.9155514409145988,
        0.16769548499982584,
        0.8014435922745684,
        0.9333755362622247,
        0.6978120512801033,
        0.679703279341693,
        0.3723643664678828,
        0.3777910158519393,
        0.34752468530020747,
        0.6990255376710335
      ],
      [
        0.305202817088154,
        0.2255257517280157,
        0.7609422535662798,
        0.4136749956929921,
        0.09048740485350594,
        0.7966561387712684,
        0.8625871073605516,
        0.5049247911523177,
        1.0279801906448065,
        0.33668488632705845,
        0.9533163713849369,
        0.0,
        0.4022777008735879,
        0.33544284703134014,
        0.43790278451633236,
        0.8087076417868735,
        0.5834452012769106,
        0.18695318617825843,
        0.41577940184266005,
        0.42355559849587826,
        0.7330504545394323,
        0.4540400137166771,
        0.4784974994083754,
        0.6611597633763079,
        0.5782455914765956,
        0.503630363515656,
        0.505818611079909,
        0.32057482972636764,
        0.6839732369648919,
        0.38701343725924897,
        0.7927957351939307,
        0.38636371538173103,
        0.23229457533074055,
        0.40935998050632305,
        0.7081402388384961,
        0.4258933063313639,
        0.5464346612055789,
        0.9856814479878561,
        0.46351723739064643,
        0.5950796797014651,
        0.852050424770475,
        1.0462482598324025,
        0.8636990632611085,
        1.0852962268596924,
        0.5155102473317441,
        0.5394269552560891,
        0.809894351666249,
        0.8127559991233828,
        0.1301688873498531,
        0.828702390731845,
        0.09368405308986452,
        1.0897191234579942,
        0.3846882022215544,
        0.3578276642164401,
        0.37755181585354564,
        0.839261288779287,
        0.2218102832271842,
        0.23195941179288357,
        1.0110921705000278,
        1.0131326927374085,
        0.4958769960254872,
        0.9727739648153297,
        0.17702506152208017,
        0.8703938950618613,
        0.6828908589993348,
        0.6070929742032016,
        0.7950291866806424,
        0.6325344202744193,
        0.4210232056980953,
        0.6231006599752321,
        0.24159772229520732,
        0.5198873583997614,
        0.2084694603488106,
        0.30087789763271383,
        0.46985545192586775,
        0.47054723590605013,
        0.8643038168129431,
        0.33067508873272244,
        1.1614508155608052,
        0.43153816745485263,
        0.12791158926303794,
        0.8383162067092597,
        0.7585395866831341,
        0.46756807180840226,
        0.8900464435412532,
        0.5022897373075801,
        0.619942285398408,
        0.6867108209616506,
        0.7862438832935594,
        1.0629400071022224
      ],
      [
        0.24194025416481546,
        0.25317523437965256,
        0.5651572891448318,
        0.22216918143379455,
        0.34634154580796916,
        0.5529931330108094,
        0.4947036878321699,
        0.10264709027872983,
        0.6729798581508366,
        0.09308766283883568,
        0.5864058647725157,
        0.4022777008735879,
        0.0,
        0.4584422601870904,
        0.2532837912319951,
        0.500199279408414,
        0.3688747334828677,
        0.3213709027716464,
        0.013956707492761069,
        0.18932893359289074,
        0.5585418319119215,
        0.11462761806451775,
        0.29142226166587887,
        0.258882171562326,
        0.664651486417227,
        0.23597420467173802,
        0.23816245223599095,
        0.5254631106389623,
        0.6116648936752244,
        0.17695112124813264,
        0.4631402559023142,
        0.33275220835284824,
        0.3412490307685966,
        0.1120972788805471,
        0.41341784397994974,
        0.02899849609042824,
        0.5386162919071813,
        0.6306811154938861,
        0.5738569539590842,
        0.21631747131470916,
        0.473288216383719,
        0.675758245007068,
        0.5928384467823036,
        0.816932231634449,
        0.5673175636075952,
        0.1371492543825012,
        0.5742377030666551,
        0.48347092627190236,
        0.4047528799141821,
        0.6001285722012143,
        0.3576537425546612,
        0.8216037523204687,
        0.4484413642930022,
        0.43854639886722724,
        0.32471494453171124,
        0.6410866383256768,
        0.19310830682310035,
        0.2936811727156041,
        0.7413657556489559,
        0.7736305953238167,
        0.3580820630286551,
        0.7291109590548707,
        0.42837955876412553,
        0.6630524641363653,
        0.6209851252630495,
        0.5906118698729979,
        0.5884518461987333,
        0.41011389632575435,
        0.3010599230313466,
        0.44319586068944516,
        0.5426043547791364,
        0.33911177916639673,
        0.32787476373092345,
        0.16379351508178222,
        0.5195519089742738,
        0.34743698195646594,
        0.6512827640659455,
        0.4106034514034007,
        0.8627854313493557,
        0.16388200861093458,
        0.3519500303919777,
        0.4360385058356718,
        0.35626188580954626,
        0.5746297652606054,
        0.5112842351544972,
        0.3741756727426431,
        0.21766458452482007,
        0.36109067660939426,
        0.38396618241997155,
        0.6992750714232315
      ],
      [
        0.5550116792572353,
        0.47975654203356305,
        1.0140371157317083,
        0.6454943081187086,
        0.29618847569752355,
        1.0114353931978997,
        0.6863855137540732,
        0.4796217323317643,
        1.0939414015190265,
        0.48979784188187947,
        1.0264244796043436,
        0.33544284703134014,
        0.4584422601870904,
        0.0,
        0.28168700957325216,
        0.9234488189209548,
        0.36732041203087773,
        0.3752952427078025,
        0.47239896767985146,
        0.643309208038535,
        0.9923008226261346,
        0.3690550028168999,
        0.280151445676288,
        0.6666110645702181,
        0.9001752059918593,
        0.6944164648588284,
        0.6966047124230813,
        0.06702085045187194,
        0.9875108693796917,
        0.6074694699175758,
        0.6064298954264351,
        0.17200191806490953,
        0.5244081881989391,
        0.416950365699147,
        0.8464495965237768,
        0.45579317542498476,
        0.8505098732989418,
        1.0715731358123428,
        0.7858614419513725,
        0.4386135065653334,
        0.6955842516343431,
        1.114076372021424,
        1.0337707822692286,
        1.257864567121374,
        0.8150720679376057,
        0.5780815898694263,
        1.0326799632537456,
        0.6239129576160672,
        0.21913707244385516,
        1.0585708323883047,
        0.28075917012680335,
        1.2625360878073937,
        0.6882258346363541,
        0.0604966577636514,
        0.1723140215338095,
        1.092655083740941,
        0.4307816455349369,
        0.499601427861872,
        1.182298091135881,
        1.1946555542331239,
        0.2690883923527965,
        1.187553219241961,
        0.5069872722061194,
        1.1208233562075873,
        0.9828776025508653,
        0.9370551848872408,
        1.0445897388046932,
        0.8685561565128447,
        0.6766244152718138,
        0.8774691990129524,
        0.10262095677088516,
        0.3080998045620788,
        0.4969527764009042,
        0.5175492363431069,
        0.7739306640192306,
        0.2468868388430675,
        1.1097250242530359,
        0.6327298461388635,
        1.2973784399984105,
        0.6223242687980249,
        0.4346344160719828,
        0.8688198849960729,
        0.6132191710820523,
        0.7893879673998331,
        0.7335802704051213,
        0.7557811498572263,
        0.6573468706210774,
        0.8007729627056517,
        0.7981774849885429,
        0.875766762211818
      ],
      [
        0.4471050871657807,
        0.4257507457820542,
        0.8159336606828229,
        0.464451997683363,
        0.3476432666736777,
        0.7923236774857656,
        0.42468432284421925,
        0.225629293187795,
        0.8399489623750573,
        0.23847604659524912,
        0.7669954479002783,
        0.43790278451633236,
        0.2532837912319951,
        0.28168700957325216,
        0.0,
        0.6694029460640412,
        0.15146895450804043,
        0.2509495983380739,
        0.2598587266502621,
        0.4368610066287722,
        0.8085405980354344,
        0.13869608040411302,
        0.04059471489204307,
        0.3976749913435624,
        0.8754499699535812,
        0.48675057620972917,
        0.48893882377398207,
        0.34517282156960294,
        0.8511933059881223,
        0.4164795335610305,
        0.35489295067759835,
        0.11196775656028304,
        0.5161616141426818,
        0.1566553011571638,
        0.609005176431014,
        0.2253825558115972,
        0.7350003516283502,
        0.8178001546726399,
        0.7747698851084672,
        0.15717689518513286,
        0.41414764025414263,
        0.850616548253362,
        0.7889783417641518,
        1.0130721266162972,
        0.7724722970589755,
        0.33328914936434945,
        0.8250079668555765,
        0.3748532146070505,
        0.35825080078059907,
        0.8509049437392054,
        0.34548567091907306,
        1.017743647302317,
        0.65202288127916,
        0.2254715892247541,
        0.10978096693096696,
        0.891863009863668,
        0.34420499843630264,
        0.4703693465477685,
        0.9375056506308042,
        0.9406631150891547,
        0.10596624488112336,
        0.9511805760597395,
        0.5458208798555819,
        0.9138288356743565,
        0.8716703811387182,
        0.8412971257486666,
        0.8392282177367243,
        0.6608902678637454,
        0.53573437855898,
        0.6938811165651139,
        0.32785288979242944,
        0.0981548277138192,
        0.4958009370475492,
        0.36584946213481945,
        0.7247066424256541,
        0.09425101200727334,
        0.9020591356039367,
        0.605871007474782,
        1.0433860008544413,
        0.4146583801489257,
        0.4587603902544205,
        0.6033882385956851,
        0.33436198132175066,
        0.7763956691194684,
        0.4521436590249208,
        0.6149606465172618,
        0.4132519169758843,
        0.5566780090604585,
        0.5292414117618872,
        0.6250372225858899
      ],
      [
        0.517127188357399,
        0.5886180782473869,
        0.39302944623145875,
        0.40439774109303045,
        0.7510171092463824,
        0.2894693966279043,
        0.8361449228400532,
        0.44382708658919046,
        0.42040735475468793,
        0.5857764351604541,
        0.4435659879048024,
        0.8087076417868735,
        0.500199279408414,
        0.9234488189209548,
        0.6694029460640412,
        0.0,
        0.7230380984691928,
        0.7156743985939148,
        0.514155986901175,
        0.38515204329099517,
        0.4614227575180426,
        0.5556623461258907,
        0.6980019703117774,
        0.3020748255272314,
        0.7406883323284972,
        0.48311276610135967,
        0.48506728432527124,
        0.9780449725573812,
        0.5386497036789173,
        0.42188388018438244,
        0.7856386294836396,
        0.7717360632336945,
        0.6336198186853941,
        0.582288674735081,
        0.1005674029483774,
        0.4912238240471695,
        0.6681728694954364,
        0.3781086120977374,
        0.7856845467274793,
        0.5447790398664464,
        0.8017497849354562,
        0.4695067334028332,
        0.39290794286328645,
        0.5835461691708315,
        0.6811198127074675,
        0.36305002502591277,
        0.3231363021854453,
        0.8036525669407956,
