{
  "sol": {
    "z": 4.224391980381864,
    "tours": [
      [
        0,
        27,
        28,
        26,
        15,
        22,
        30,
        1,
        11
      ],
      [
        35,
        25,
        12,
        20,
        18,
        2,
        19,
        24,
        8,
        5,
        3,
        33,
        29,
        7
      ],
      [
        4,
        31,
        14,
        21,
        9,
        23,
        17,
        10,
        34,
        6
      ],
      [
        13,
        32,
        16
      ]
    ]
  },
  "params": {
    "gm": [
      [
        0.0,
        0.3947183081274066,
        0.31095869582897107,
        0.6637357819030005,
        0.8101294213513925,
        0.45821027134452447,
        0.7152059488682743,
        0.667635016029275,
        0.42434530802239273,
        0.907226687926129,
        0.7497314173876098,
        0.46916665508239314,
        0.27896098911053935,
        0.6704620385008606,
        1.01815187723254,
        0.2935243585981154,
        0.7894721503473097,
        0.8534045441622209,
        0.32974854827033573,
        0.21003603796269718,
        0.26252830709899083,
        1.0630010045640397,
        0.3863632407229756,
        0.8415027416937643,
        0.33946147434822743,
        0.8351551565108353,
        0.2648838304840025,
        0.08289223738215762,
        0.3019079741371035,
        0.5885009826129216,
        0.4841549111738794,
        0.7679654691407881,
        0.6834124807442599,
        0.5644655947628223,
        0.7025780514353539,
        0.6470963151949415,
        0.6564128521946098,
        0.2992163754224806,
        0.6395731014769126,
        0.43800866621215845,
        0.7361657246648665,
        0.2226841778830743,
        0.6811676085008529,
        0.6731446030149976,
        0.5469718154189546,
        0.47160741631986075,
        0.8752861446693638,
        0.3566877790320431,
        0.6568222083439911,
        0.7306926125129499,
        0.03233090318746094,
        0.4443060523727415,
        0.49843815936015773,
        0.8376530044882128,
        0.06877095923013123,
        0.41359060624676175,
        0.37672111447117623,
        0.8104939167434423,
        0.33408568715827586,
        0.9991265700938542,
        0.47142489245784164,
        0.28730813868385846,
        0.2544385836826688,
        0.7352821647133274,
        0.37747941933257834,
        0.06638485565271472,
        0.727916263114582,
        0.1377273739281831,
        0.32430249045335685,
        0.5681396279166433,
        0.7268117926505513,
        0.6621278189666573,
        0.6099412486496887,
        0.8481816453905293,
        0.02361662713158955,
        0.7792994777068639,
        0.43724696942789987,
        0.5703392955364472,
        0.5310700158332109,
        0.46371733447560326,
        0.5169019944228198,
        0.2300847448006074,
        0.07134687277457746,
        0.24861516346973622,
        0.34922473093222034,
        0.9040146019793273,
        0.9164949461090246,
        0.4182008641045033,
        0.35924312251036844,
        0.7504436612122185
      ],
      [
        0.3947183081274066,
        0.0,
        0.38657930178247907,
        0.9752704416153108,
        0.9623687789502053,
        0.7697449310568347,
        0.5989281678466981,
        0.8714508650192876,
        0.7873461961655206,
        0.8817341907852507,
        0.6218364821794417,
        0.07444834695498655,
        0.44997789569926916,
        0.7455597000804158,
        1.0233158953365076,
        0.34818096259324527,
        0.678237022434674,
        0.7256230122554779,
        0.5603500878385932,
        0.6047543460901038,
        0.46362357799113146,
        1.0546383735136937,
        0.17561303213722462,
        0.75434628402957,
        0.734179782475634,
        0.45780342776084026,
        0.24912116065581158,
        0.4776105455095642,
        0.25806732096055457,
        0.8094978706635962,
        0.27334495806968967,
        0.8999285925843,
        0.5621106810858478,
        0.8855877426391301,
        0.6186847245273467,
        0.30768891042807983,
        0.543683284137355,
        0.266284104539069,
        0.8305648101819563,
        0.629362595016922,
        0.6484219037623633,
        0.275753359548534,
        0.3182724567648752,
        0.9855953598315916,
        0.19020620774910194,
        0.1586866224083436,
        0.7515168577875925,
        0.541969730456056,
        0.8102007968133329,
        0.734661798632955,
        0.42704921131486756,
        0.45817009735663883,
        0.10371985123275114,
        0.8121605073473344,
        0.4634892673575378,
        0.768448593869117,
        0.7480516316165509,
        0.9774848554254179,
        0.7288039952856824,
        0.9659039465838584,
        0.22100126204519216,
        0.26836985105164907,
        0.5625884372761816,
        0.3723870129773497,
        0.12901999769888908,
        0.46110316378012134,
        0.7393634194627406,
        0.5324456820555897,
        0.7190207985807635,
        0.7459944887983291,
        1.0383464523628616,
        0.883124707017332,
        0.7954001400719912,
        0.45346333726312277,
        0.4183349352589962,
        0.9952399585850535,
        0.6619655209050704,
        0.7704989421219884,
        0.8630103415345164,
        0.6811425455968904,
        0.12218368629541317,
        0.5645371152040211,
        0.46606518090198407,
        0.3630528648661058,
        0.4623205068548633,
        1.0367891284936692,
        0.8309716285577399,
        0.6874222037847773,
        0.7145950434939721,
        1.1146102976451717
      ],
      [
        0.31095869582897107,
        0.38657930178247907,
        0.0,
        0.5929479619538589,
        0.5757894771677263,
        0.4224427433945031,
        0.5330249809982319,
        0.535240956527504,
        0.4403767775733338,
        0.7221160841248235,
        0.4457325449745822,
        0.362421296355448,
        0.5843671222666497,
        0.5250300089730082,
        0.7957709719393018,
        0.5428205252427171,
        0.47851345451833865,
        0.5490045518401256,
        0.19573544539046506,
        0.3936721431073737,
        0.11709046676977881,
        0.8829572152892273,
        0.27126174694250443,
        0.5641115990554283,
        0.46133558679709824,
        0.5605406742123529,
        0.39364904947222656,
        0.3131308882285335,
        0.3762747700120477,
        0.46166270037282037,
        0.36905341739340813,
        0.6231986522612797,
        0.37766378561801855,
        0.5474338537677084,
        0.45659701832650973,
        0.37156235917646374,
        0.35017754278720276,
        0.4777160077167115,
        0.5033364860007876,
        0.292576636684306,
        0.42520702883589545,
        0.43494080978240574,
        0.40655312620237055,
        0.6032728801701397,
        0.289821240550901,
        0.2342691317949332,
        0.5751985836233883,
        0.21479145523208296,
        0.5117896164966502,
        0.5852605829850975,
        0.2957073382324051,
        0.4611001622194628,
        0.37435716871278,
        0.652552655568589,
        0.26648459892058624,
        0.42044303369406527,
        0.40536543173620865,
        0.5909055536429388,
        0.4333140366040975,
        0.7924289586764385,
        0.21280346833758831,
        0.47158589724926625,
        0.22420683935800784,
        0.46066768241484507,
        0.40202893513990146,
        0.3097754812747757,
        0.5824842335867295,
        0.3082837793094929,
        0.4125498634901228,
        0.42270759838879085,
        0.6560239727014097,
        0.5352895367265561,
        0.4670571364377852,
        0.608177536574957,
        0.32902276028769994,
        0.6521043032815357,
        0.307065134481184,
        0.43660974588380386,
        0.5140382748380969,
        0.3321704789004709,
        0.3904912164469253,
        0.23313254490907612,
        0.2396118230543936,
        0.062343532359234836,
        0.0762664157279066,
        0.6556560365418796,
        0.6392958189670959,
        0.3229441094165671,
        0.37020732518433047,
        0.7671486620435913
      ],
      [
        0.6637357819030005,
        0.9752704416153108,
        0.5929479619538589,
        0.0,
        0.41303022788469257,
        0.20552551055847612,
        0.6089835484665584,
        0.27335689460099055,
        0.2524874321015103,
        0.7588268570190213,
        0.8360423100271186,
        0.955369258309307,
        0.8987370367210523,
        0.5160972492839743,
        0.7098939947438782,
        0.9314282300924082,
        0.9075608738447792,
        0.908506426829696,
        0.4635853048794434,
        0.5031061427190888,
        0.5197703509876378,
        0.8123165838140666,
        0.821934576921063,
        0.8180944451779724,
        0.39498978537145035,
        1.1304747108847306,
        0.8495488260908964,
        0.5884923392428776,
        0.8164964485707693,
        0.2272112279424299,
        0.7241429064701592,
        0.47722200539787657,
        0.8119308337435338,
        0.1119001219007187,
        0.7240845981551802,
        0.9645103211303226,
        0.7872748145570839,
        0.9371292926492156,
        0.33435697999955305,
        0.46435681557257735,
        0.8939250192785733,
        0.8605970951098093,
        0.9807926757216754,
        0.010324918216280735,
        0.88276920250476,
        0.8272170937487922,
        0.9051038963988214,
        0.46632437837531315,
        0.4400683259514249,
        0.588275931704474,
        0.6314143685388045,
        0.9823565972177926,
        0.9673051306666389,
        0.8284005404569376,
        0.6485034263613771,
        0.25656928558660824,
        0.29649922614375795,
        0.4255860713615866,
        0.373598165156317,
        0.7890309501408725,
        0.8057514302914472,
        0.9252210559105934,
        0.434591085588275,
        1.03490723193415,
        0.9350476243453659,
        0.6029886359372612,
        0.5817758732909358,
        0.5316735186154536,
        0.3696218560589258,
        0.4625986762911103,
        0.06307601074755076,
        0.16464638258157355,
        0.3900850477969894,
        1.1825752119511668,
        0.6615295443583246,
        0.2575560022608494,
        0.3540177992934342,
        0.2940760993751457,
        0.14528247543181144,
        0.32715027136943753,
        0.9834391784007842,
        0.4462677464644149,
        0.6224917620905179,
        0.6223822990131536,
        0.5951907822667118,
        0.5713128568422212,
        0.8958308817980147,
        0.42111280046210425,
        0.30752820804988096,
        0.200223700911412
      ],
      [
        0.8101294213513925,
        0.9623687789502053,
        0.5757894771677263,
        0.41303022788469257,
        0.0,
        0.4771370107253825,
        0.38879569313060336,
        0.16736437343124844,
        0.5510710437252158,
        0.3459899665954025,
        0.6014117452802407,
        0.9345822374297613,
        1.0746838391651414,
        0.3860947659524183,
        0.2980265716136083,
        1.075550959951731,
        0.6960748297166102,
        0.6717445455674026,
        0.48104350249284683,
        0.7438710561612283,
        0.5545100758985764,
        0.400945311280534,
        0.8470512241102308,
        0.5444263898768332,
        0.6982675593358112,
        0.8923076874333691,
        0.969438526639953,
        0.7633647416568531,
        0.940952359654862,
        0.25682981326324883,
        0.8568034426681306,
        0.11187128927040235,
        0.5737638102921724,
        0.5116031901527603,
        0.49050394107304723,
        0.8448475434757279,
        0.5716431313416325,
        1.041792374023222,
        0.170915235314857,
        0.3880994552024352,
        0.660075032968688,
        0.9631077392461479,
        0.8800770559043343,
        0.40288265650276955,
        0.8180934401765088,
        0.8100586089626596,
        0.645148931302757,
        0.4568908644781667,
        0.18679565031133982,
        0.33539364352491025,
        0.7821021255289381,
        0.7487759401356596,
        0.9295418531659596,
        0.41556365003331874,
        0.7714097182267199,
        0.5415490222254524,
        0.5788711097909086,
        0.015116076475212558,
        0.6679560309999324,
        0.3886635515030472,
        0.7670787392459084,
        1.0301064773912576,
        0.5651713430329239,
        0.9341916121168088,
        0.9778184123076278,
        0.7717237404319852,
        0.3286703630643111,
        0.7184147929617535,
        0.6503820394599883,
        0.2860032137681598,
        0.4174172815563629,
        0.319054959445165,
        0.20870761215200515,
        0.9936101522485804,
        0.8199564991308796,
        0.17019547243622943,
        0.3802352590882596,
        0.24525819580276195,
        0.535357143550453,
        0.353489347612827,
        0.9347650458933452,
        0.5923981042120858,
        0.7445369423605273,
        0.6379170480596514,
        0.6126489798801154,
        0.1584759664186024,
        0.5301355521345126,
        0.42923069301657407,
        0.5572560124828925,
        0.6026087659574628
      ],
      [
        0.45821027134452447,
        0.7697449310568347,
        0.4224427433945031,
        0.20552551055847612,
        0.4771370107253825,
        0.0,
        0.6417859354645877,
        0.45764116349093226,
        0.0739340329998332,
        0.823126977320785,
        0.8681752883690853,
        0.7662301082277829,
        0.6962545814094707,
        0.619088744715936,
        0.7751635823389909,
        0.725902719533932,
        0.9009561979128418,
        0.956025642349107,
        0.2903348254597248,
        0.3065778216334371,
        0.3142448404291617,
        0.8780823220059165,
        0.6438236891573819,
        0.8648465697709314,
        0.2211305486104287,
        0.9829834176068559,
        0.6440233155324204,
        0.3829668286844015,
        0.6109709380122933,
        0.432736738500906,
        0.7416153596082856,
        0.5890082999957849,
        0.8001065290125217,
        0.3174256324591948,
        0.7624958879871161,
        0.7940051025709669,
        0.7726202861817059,
        0.7316037820907395,
        0.4961158022070563,
        0.40742251006206665,
        0.8476497722303986,
        0.6550715845513332,
        0.8289958695968737,
        0.21585042877475685,
        0.7107636767549541,
        0.6395778358731038,
        0.9576350368231424,
        0.34762972189806907,
        0.5635196718807941,
        0.6788739212211952,
        0.42588885798032833,
        0.8378640071656089,
        0.7843396115089455,
        0.8737443759501132,
        0.4429779158029011,
        0.06441201150006991,
        0.10173409906552607,
        0.4922530872005951,
        0.19104080346350266,
        0.8658005622284297,
        0.6337444060391245,
        0.7196955453521173,
        0.22906557502979885,
        0.8678826160274838,
        0.7716199738314256,
        0.3974631253787851,
        0.6755238894729158,
        0.3261480080569775,
        0.18029340264849844,
        0.5167663341317187,
        0.2686015213060269,
        0.37017189314004967,
        0.5025445747773436,
        1.0306202799694602,
        0.45600403379984844,
        0.4630815128193255,
        0.30271883191634497,
        0.4178623480174209,
        0.35080798599028756,
        0.3239905460503899,
        0.8031548166974298,
        0.2426682223884346,
        0.4169662515320418,
        0.4168567884546774,
        0.4009412642623912,
        0.6356129771439849,
        0.9264632285230266,
        0.23002801695772318,
        0.10200269749140485,
        0.40536856933567555
      ],
      [
        0.7152059488682743,
        0.5989281678466981,
        0.5330249809982319,
        0.6089835484665584,
        0.38879569313060336,
        0.6417859354645877,
        0.0,
        0.37403660812534795,
        0.6134448189928553,
        0.28981719606721007,
        0.22909724969438788,
        0.545786544299158,
        0.8687690688774403,
        0.14663153223371772,
        0.4315321441847051,
        0.7986094984856054,
        0.31379530485638435,
        0.31427533431216526,
        0.41138318549128006,
        0.7059694713267608,
        0.452683452570643,
        0.4758351507788622,
        0.5394156711317247,
        0.24111403194312417,
        0.6840568172406087,
        0.523536383223139,
        0.6450841806832829,
        0.6854393287712729,
        0.6444286942012679,
        0.3834239517569702,
        0.6372073415826285,
        0.32292305479803296,
        0.20499250608194222,
        0.5462877310219015,
        0.12073125901362876,
        0.4560518503451245,
        0.18284743821102914,
        0.7439414421649738,
        0.3005712319745934,
        0.2771972826561159,
        0.28994708981156303,
        0.6861662777800223,
        0.491281362773731,
        0.59994027279992,
        0.42929774704590545,
        0.44438454493288254,
        0.32154742119798324,
        0.3637937292978509,
        0.21127262896663485,
        0.13573509619127036,
        0.6909390461956966,
        0.3790032580762411,
        0.5407461600353562,
        0.23195844048552539,
        0.7038512938153119,
        0.5969345432111478,
        0.575866051777957,
        0.3786062814454605,
        0.6485888648097916,
        0.3934311262876385,
        0.37828304611530505,
        0.7364926206052442,
        0.502428655980875,
        0.5453959189862055,
        0.6568655071473007,
        0.6896820277198029,
        0.14052611434361406,
        0.6528046254664377,
        0.6288908014892937,
        0.147066320951631,
        0.6503273014899921,
        0.44558789267087223,
        0.2323485607890707,
        0.6248388480383502,
        0.7289848810898178,
        0.491001073608892,
        0.3390671035482427,
        0.31583574885547966,
        0.5128921520922901,
        0.3310243561546641,
        0.5459693527627418,
        0.5286056826493751,
        0.6769785179491192,
        0.5448199128793357,
        0.5393798764038725,
        0.4584750724519167,
        0.3110087876898041,
        0.41598990493820814,
        0.5397832379731828,
        0.8070614281027019
      ],
      [
        0.667635016029275,
        0.8714508650192876,
        0.535240956527504,
        0.27335689460099055,
        0.16736437343124844,
        0.45764116349093226,
        0.37403660812534795,
        0.0,
        0.38370713049109906,
        0.502489349293896,
        0.5887956789976765,
        0.8520190076457002,
        0.9301588644571326,
        0.30837296975308576,
        0.4477674715020503,
        0.9448212315277621,
        0.6871360505078826,
        0.6530944823424445,
        0.33950551113703903,
        0.5981128279543213,
        0.42509617830793367,
        0.5481376194550694,
        0.7342889071135845,
        0.5877258590409931,
        0.5340207162404877,
        0.8964470920706276,
        0.8170579473839938,
        0.613364720126287,
        0.7742395343741467,
        0.09011698798253352,
        0.8320805775644883,
        0.2053622853245132,
        0.5779032149294309,
        0.37179787752542204,
        0.47697759557166625,
        0.8299953298745255,
        0.5567909177404301,
        0.9243297070168314,
        0.07352972556252023,
        0.2822629336535917,
        0.6636072257213234,
        0.8534633306281759,
        0.8652248423031319,
        0.2630773438754313,
        0.8033343551712534,
        0.7234318175382657,
        0.6427350159616856,
        0.3294811345632315,
        0.17587415835656378,
        0.3233213460898972,
        0.637881282758246,
        0.7352495946342785,
        0.8682072452335243,
        0.5720630327318122,
        0.6318894400074976,
        0.4044790811014732,
        0.4313414958332767,
        0.17524226988989342,
        0.5071573015486244,
        0.5492574701793465,
        0.7333170471328216,
        0.9139720506475013,
        0.41558953436677765,
        0.9193393985156064,
        0.8680707332096117,
        0.6232371961202943,
        0.317748871109535,
        0.564903978303062,
        0.501008461472585,
        0.23223009015413107,
        0.29641590816832075,
        0.15296858374697697,
        0.14185063605332257,
        0.9734931949487564,
        0.6749135000612363,
        0.129168622925516,
        0.23040846863815553,
        0.10095504254176851,
        0.3858011496114206,
        0.20393335367379453,
        0.8876460604237282,
        0.442024328406006,
        0.605016664141305,
        0.5105073181447163,
        0.47111098852430755,
        0.3149753491170959,
        0.6654622956610354,
        0.28878937360146617,
        0.4168146930677845,
        0.4727072992798518
      ],
      [
        0.42434530802239273,
        0.7873461961655206,
        0.4403767775733338,
        0.2524874321015103,
        0.5510710437252158,
        0.0739340329998332,
        0.6134448189928553,
        0.38370713049109906,
        0.0,
        0.7546746896256661,
        0.8425420686872432,
        0.766761234524194,
        0.6478852801316384,
        0.5907476282442036,
        0.8314746019931494,
        0.6865992893439868,
        0.8846202395048343,
        0.9276845258773746,
        0.2521697891477854,
        0.2507363774938272,
        0.32554624369166196,
        0.9318447499461685,
        0.6512602320021194,
        0.836505453299199,
        0.1503135857493887,
        0.9929269869697186,
        0.6055503296131692,
        0.34449384276515044,
        0.5724979520930422,
        0.4261797859794109,
        0.7490519024530231,
        0.5890694158156122,
        0.8180405631913523,
        0.3630114550832557,
        0.7341547715153837,
        0.8117610499299233,
        0.7905543203605365,
        0.6938449871203347,
        0.4572368560536193,
        0.36378244917237085,
        0.8313138138223911,
        0.6177689317770568,
        0.8468249866292344,
        0.2542909214332649,
        0.7224201779454592,
        0.6432129291699306,
        0.9165052118843559,
        0.3064998969592825,
        0.5351785554090618,
        0.6505328047494627,
        0.39253372654160557,
        0.8045088757268861,
        0.7873978989946468,
        0.8242483730635823,
        0.41975019541152125,
        0.02077195061037411,
        0.04763436534217761,
        0.5589494003809925,
        0.12345017105752529,
        0.8696028647750141,
        0.6462068093775971,
        0.6819347970519177,
        0.2258592110633646,
        0.8646762520610496,
        0.7342858708065193,
        0.3601290223538789,
        0.6471827730011833,
        0.28748518409977036,
        0.11730133098148594,
        0.48842521765998625,
        0.31278985243853036,
        0.4105545914542609,
        0.47420345830561117,
        1.0483908158275455,
        0.4187013810255721,
        0.5023529456418213,
        0.2743777154446126,
        0.3895212315456885,
        0.39636550861505165,
        0.29564942957865753,
        0.8074095545940262,
        0.2313270383029718,
        0.3929765971521278,
        0.4242933312994148,
        0.3832302549150093,
        0.698682479608195,
        0.8981221120512942,
        0.2016869004859908,
        0.07366158101967248,
        0.33143453633584236
      ],
      [
        0.907226687926129,
        0.8817341907852507,
        0.7221160841248235,
        0.7588268570190213,
        0.3459899665954025,
        0.823126977320785,
        0.28981719606721007,
        0.502489349293896,
        0.7546746896256661,
        0.0,
        0.32928687497159637,
        0.8214797616927201,
        1.1585862649446503,
        0.4364487283009278,
        0.14171494811749502,
        1.0884266945528154,
        0.490951842603565,
        0.32575457897200016,
        0.7012003815584902,
        0.9957866673939709,
        0.7425006486378531,
        0.18601795471165208,
        0.8292328671989349,
        0.19843642328143077,
        0.9049882753750548,
        0.6777947719631336,
        0.934901376750493,
        0.929804969020535,
        0.934245890268478,
        0.5870083078844206,
        0.9270245376498386,
        0.32437453608616923,
        0.37245061458432266,
        0.8361049270891117,
        0.2684526353922149,
        0.6451429534717161,
        0.3719385413376208,
        1.033758638232184,
        0.4800526398226731,
        0.567014478723326,
        0.44321427407210523,
        0.9759834738472324,
        0.6803724659003226,
        0.7486485218801708,
        0.6998545370687306,
        0.7334595604382641,
        0.30008559751779695,
        0.653610925365061,
        0.43471644366208195,
        0.42555229225848046,
        0.8748957847386682,
        0.5267246344548273,
        0.8108506305142344,
        0.06957368343791631,
        0.9410281526729798,
        0.7754466402360402,
        0.8023090549678437,
        0.3332539076164721,
        0.8781248606831914,
        0.11492817514934801,
        0.6618512919602968,
        1.0263098166724542,
        0.7922458520480851,
        0.7344870221127971,
        0.9466827032145109,
        0.9137849781843017,
        0.43034331041082413,
        0.9426218215336478,
        0.8719760206071521,
        0.4368835170188411,
        0.7629044397599462,
        0.6551840668680148,
        0.48556134158886244,
        0.7806563566905718,
        0.9130641913928206,
        0.5132638838848009,
        0.6288842996154528,
        0.5581300454983057,
        0.8027093481595002,
        0.6208415522218742,
        0.8170542782432393,
        0.8184228787165853,
        0.9309912999166796,
        0.7797362300624943,
        0.7669036209907731,
        0.18751400017680006,
        0.18452952546744222,
        0.7058071010054182,
        0.8283362706453385,
        0.9482816352717449
      ],
      [
        0.7497314173876098,
        0.6218364821794417,
        0.4457325449745822,
        0.8360423100271186,
        0.6014117452802407,
        0.8681752883690853,
        0.22909724969438788,
        0.5887956789976765,
        0.8425420686872432,
        0.32928687497159637,
        0.0,
        0.5473881352244551,
        0.9661536599047728,
        0.36585366922017926,
        0.46640555556687197,
        0.89395246908188,
        0.1663856363445165,
        0.10378653007603623,
        0.637894623081813,
        0.8394046880819559,
        0.562823011744361,
        0.46960856138751506,
        0.6223937531033988,
        0.1423713351757266,
        0.9070681317716804,
        0.3485547758740541,
        0.7424687717106153,
        0.7565657400889875,
        0.727406776172942,
        0.6092668547198814,
        0.6523338240682945,
        0.5262665208002989,
        0.0731280973679566,
        0.7743443294385911,
        0.11235555353636477,
        0.36875941432147485,
        0.09555500218737946,
        0.825439402870989,
        0.5160040593718684,
        0.5037087202466488,
        0.11533662035672472,
        0.7845898200138918,
        0.4039889267500813,
        0.826788182868862,
        0.4912133781253212,
        0.49108456701223857,
        0.1296803756081508,
        0.5903051668883839,
        0.41461609496890084,
        0.3031176034242984,
        0.7344800597910439,
        0.335812710247054,
        0.5761142946660693,
        0.262015163226999,
        0.7052573204792251,
        0.8260317929055357,
        0.804963301472345,
        0.5943262774615894,
        0.8776861145041794,
        0.37911972777663644,
        0.4141217985100386,
        0.8207884449300128,
        0.66993938433259,
        0.4581034829625558,
        0.7112005670209144,
        0.7555080262493579,
        0.29525924858744523,
        0.7540163242840752,
        0.8579880511836815,
        0.3735777585421639,
        0.8748631568021353,
        0.6736379981785507,
        0.4509521895294353,
        0.4514218959936497,
        0.7677954818463387,
        0.6942274028150068,
        0.5681643532426306,
        0.5420135537304599,
        0.7409487505089797,
        0.5590809545713536,
        0.5652646178052302,
        0.6788650898836583,
        0.6783845446130323,
        0.5011162539178736,
        0.5219989607024889,
        0.5168008751483965,
        0.20913514637829822,
        0.645087154632596,
        0.7688804876675708,
        1.033239232977682
      ],
      [
        0.46916665508239314,
        0.07444834695498655,
        0.362421296355448,
        0.955369258309307,
        0.9345822374297613,
        0.7662301082277829,
        0.545786544299158,
        0.8520190076457002,
        0.766761234524194,
        0.8214797616927201,
        0.5473881352244551,
        0.0,
        0.5145789852460354,
        0.6924180765328757,
        0.9630614662439769,
        0.41643582016048525,
        0.6273125607386097,
        0.6511746653004913,
        0.5482434985657915,
        0.661426609040793,
        0.453645769317072,
        0.9925029614015687,
        0.2066116349044434,
        0.6897594704001817,
        0.752178239797292,
        0.38588146853244043,
        0.30322338627615425,
        0.5317037100478637,
        0.3036996007199719,
        0.7900660132900088,
        0.30114811874880404,
        0.8322746215156777,
        0.5111862193897836,
        0.8702760422553129,
        0.5559512938543456,
        0.2333149620651331,
        0.49275882244129077,
        0.33512515070493587,
        0.8111329528083688,
        0.6099307376433346,
        0.5974974420662992,
        0.3349282233255704,
        0.24405190724277678,
        0.9656941765255878,
        0.12255223668047953,
        0.12868902119833894,
        0.6770685108326059,
        0.5225378730824686,
        0.7570591732657928,
        0.6810170546348823,
        0.5014975582698541,
        0.4171441396951507,
        0.03286887572760894,
        0.7519060782548037,
        0.5379376143125244,
        0.7491347773447754,
        0.723856723295059,
        0.9243928257446185,
        0.7323165388581272,
        0.9030488354152371,
        0.17007680034912795,
        0.3360393556888328,
        0.5415749274477866,
        0.29816646345525133,
        0.198329151551829,
        0.5355515107351079,
        0.6861658145587851,
        0.5888824892558775,
        0.7145791099520332,
        0.6928528652507889,
        1.0184452690568577,
        0.8636928496437446,
        0.7759682826984038,
        0.38837331802631847,
        0.4927832822139827,
        0.9758081012114661,
        0.6436129655898067,
        0.751067084748401,
        0.8368804633257014,
        0.6617119800883442,
        0.0554529209261587,
        0.5358951922930979,
        0.5279653823785555,
        0.35069709168339674,
        0.4385745191444558,
        0.9691351574250469,
        0.7565232816027533,
        0.6769558191308985,
        0.693104257192242,
        1.0928271399615457
      ],
      [
        0.27896098911053935,
        0.44997789569926916,
        0.5843671222666497,
        0.8987370367210523,
        1.0746838391651414,
        0.6962545814094707,
        0.8687690688774403,
        0.9301588644571326,
        0.6478852801316384,
        1.1585862649446503,
        0.9661536599047728,
        0.5145789852460354,
        0.0,
        0.733680644763312,
        1.2853534888388254,
        0.11045419423784451,
        0.8964966996414834,
        1.0668967390483193,
        0.5939350654513491,
        0.39892900968190664,
        0.5315580565113813,
        1.3320307539764302,
        0.34577877050990485,
        1.0706045026637683,
        0.5251351336977957,
        0.8961462484706986,
        0.22368488819415744,
        0.3195557822347671,
        0.24705628799768556,
        0.8507597701355754,
        0.44357044096080855,
        1.0351670807470734,
        0.8933738718964453,
        0.8232123322899593,
        0.9308941043540719,
        0.7251702660048928,
        0.8713249921319467,
        0.18826120645835254,
        0.9040238998119616,
        0.706558621077613,
        0.9062074507874993,
        0.18421972975630738,
        0.7458634878799243,
        0.9021762015649033,
        0.5874548956894029,
        0.48936741729080363,
        1.09579407022702,
        0.6236465573136967,
        0.9243733789808384,
        0.9662133030972022,
        0.29281685753803227,
        0.7047920067233129,
        0.5473454251698697,
        1.0981389588387842,
        0.3462169480358302,
        0.642167751134444,
        0.6024008379770124,
        1.0755942933067706,
        0.5348971455586627,
        1.2596125244444256,
        0.5610385240041673,
        0.18348133691210802,
        0.514779573219261,
        0.7999780440923988,
        0.32172220272994,
        0.3080167928667653,
        0.9663661435482119,
        0.37340188279731634,
        0.5334668858060815,
        0.8360030553475293,
        0.9601457987824884,
        0.9243866064893111,
        0.8762804109806905,
        0.9024325524794561,
        0.2553443619789498,
        1.0391689122786292,
        0.6999039596660391,
        0.8339690071533604,
        0.7898167533603478,
        0.7265891059697412,
        0.5688489950479722,
        0.48883148232774437,
        0.3447552992122561,
        0.5220235899074148,
        0.6182544803446108,
        1.1715376007975837,
        1.1483211562456257,
        0.673932992126602,
        0.5942589691467074,
        0.9509385838726703
      ],
      [
        0.6704620385008606,
        0.7455597000804158,
        0.5250300089730082,
        0.5160972492839743,
        0.3860947659524183,
        0.619088744715936,
        0.14663153223371772,
        0.30837296975308576,
        0.5907476282442036,
        0.4364487283009278,
        0.36585366922017926,
        0.6924180765328757,
        0.733680644763312,
        0.0,
        0.5620880251536248,
        0.8441348390011565,
        0.43286270857797043,
        0.4577929276250267,
        0.3666392751238664,
        0.6612255609593471,
        0.4079395422032294,
        0.6224666830125799,
        0.6860472033654424,
        0.38682792892231394,
        0.6588465531921472,
        0.6386182445781915,
        0.7917157129170006,
        0.6406954184038592,
        0.7910602264349856,
        0.28961944289955704,
        0.7838388738163462,
        0.31190161706187297,
        0.325244862596209,
        0.5181747230326075,
        0.26453384112806594,
        0.5715133824147469,
        0.29830897028065145,
        0.8905729743986915,
        0.24331878526022202,
        0.23245337228870222,
        0.40180835602339643,
        0.83279781001374,
        0.6067428948433533,
        0.5068000553234151,
        0.5759292792796231,
        0.5910160771666002,
        0.46726708201326894,
        0.31904981893043727,
        0.20334716236464528,
        0.2325326583338902,
        0.6461951358282829,
        0.5228058401906783,
        0.687377692269074,
        0.3785899727192431,
        0.6591073834478982,
        0.5742373524624961,
        0.5485899351670059,
        0.38083968546840347,
        0.6234748676763426,
        0.5400626585213562,
        0.5249145783490228,
        0.883124152838962,
        0.4576847456134614,
        0.6608574510558278,
        0.8034970393810185,
        0.6449381173523893,
        0.2326854987849,
        0.608060715099024,
        0.6029062981778228,
        0.10232241058421736,
        0.5566676965474459,
        0.3562944025582397,
        0.1818133685407543,
        0.741128763515068,
        0.6842409707224042,
        0.4369074551286026,
        0.31774291861285503,
        0.22202114990882857,
        0.48477914410299605,
        0.30291134816537,
        0.6926008849964596,
        0.48386177228196153,
        0.6322346075817056,
        0.5000760025119221,
        0.49463596603645893,
        0.44133543718032614,
        0.454115853136844,
        0.3951256086377067,
        0.5170860472245311,
        0.7132468291560508
      ],
      [
        1.01815187723254,
        1.0233158953365076,
        0.7957709719393018,
        0.7098939947438782,
        0.2980265716136083,
        0.7751635823389909,
        0.4315321441847051,
        0.4477674715020503,
        0.8314746019931494,
        0.14171494811749502,
        0.46640555556687197,
        0.9630614662439769,
        1.2853534888388254,
        0.5620880251536248,
        0.0,
        1.2132717711210521,
        0.6303118482742835,
        0.4485282055720392,
        0.6976732486148096,
        0.978448445679567,
        0.7562945935832526,
        0.10299958266910994,
        0.9709478153164299,
        0.3288302412315386,
        0.948650482597034,
        0.8136436607317094,
        1.076616324867988,
        0.981210522692519,
        1.0759608383859731,
        0.5278700782025161,
        0.99511856148948,
        0.2501864080917518,
        0.5132128925348757,
        0.7995323462662777,
        0.41003433994347177,
        0.7866726318237597,
        0.5134682196896643,
        1.175473586349679,
        0.41460548500403177,
        0.581616043972415,
        0.5813647006462875,
        1.1176984219647275,
        0.8219021442523662,
        0.6996639978822011,
        0.8414362416199874,
        0.875041264989521,
        0.4179115362102315,
        0.6617099850482292,
        0.3618368339231499,
        0.5104348271367203,
        0.9925366313007931,
        0.6683063390060842,
        0.9524323350654913,
        0.21115538798917316,
        0.9901413569388415,
        0.8395755938390608,
        0.8389460335704251,
        0.28473914813695983,
        0.9135632382826908,
        0.12192320721048053,
        0.8034329965115536,
        1.1680247647899493,
        0.78742466750704,
        0.8760167004648407,
        1.088397651332006,
        0.9874634611781021,
        0.5037115466761212,
        0.9419983536448255,
        0.8957815026498066,
        0.46006040507361234,
        0.7153326444476115,
        0.5986362029425195,
        0.4115163027513896,
        0.9163150579001276,
        1.0307044076307874,
        0.46585366118622434,
        0.6111364993230368,
        0.4904051144569346,
        0.7661367673366662,
        0.5842689713990402,
        0.9586359827944961,
        0.8147782412235309,
        0.9632685810726489,
        0.832749213556361,
        0.7195045562113951,
        0.1401149353974221,
        0.2924247365496907,
        0.6748379002993325,
        0.8028632197656509,
        0.900617737565413
      ],
      [
        0.2935243585981154,
        0.34818096259324527,
        0.5428205252427171,
        0.9314282300924082,
        1.075550959951731,
        0.725902719533932,
        0.7986094984856054,
        0.9448212315277621,
        0.6865992893439868,
        1.0884266945528154,
        0.89395246908188,
        0.41643582016048525,
        0.11045419423784451,
        0.8441348390011565,
        1.2132717711210521,
        0.0,
        0.7860425054036388,
        0.9937511458426475,
        0.6088502425304256,
        0.44784940707081133,
        0.5465592788880065,
        1.2744446492644674,
        0.27155877830021263,
        1.0005852662222225,
        0.5797750289638891,
        0.8015354046226713,
        0.15408181435030135,
        0.34324809268161627,
        0.19087624876295625,
        0.8660190507182214,
        0.36935044875111633,
        1.0504257310055614,
        0.8209588787219434,
        0.838752317715246,
        0.8611021877570926,
        0.6363194926997262,
        0.7995943456957073,
        0.08196276902412278,
        0.904635724636874,
        0.7216953299002278,
        0.834430941736775,
        0.11244322070558307,
        0.6542903956289398,
        0.9408902107772518,
        0.500506371102456,
        0.4091596422247417,
        1.0234187539496475,
        0.6389044235354948,
        0.9396204432370335,
        0.9343445946768757,
        0.3080761381206783,
        0.7086560035878741,
