{
  "sol": {
    "z": 3.493603210568269,
    "tours": [
      [
        0,
        20,
        18,
        15,
        33,
        11,
        32,
        19,
        26,
        28,
        7,
        17
      ],
      [
        29,
        27,
        22,
        30,
        35,
        16,
        24,
        21,
        25,
        13,
        34
      ],
      [
        9,
        4,
        10,
        14,
        31,
        2,
        3,
        23,
        12,
        8
      ],
      [
        1,
        6,
        5
      ]
    ]
  },
  "params": {
    "gm": [
      [
        0.0,
        0.5704984287906136,
        0.8240773431569973,
        0.8806804759005341,
        0.5952876393222428,
        0.8604459245922352,
        0.7119295751186494,
        0.8466346055632351,
        0.4454787102891185,
        0.6842270503089307,
        0.6397780561222899,
        0.3784408393242177,
        0.4898022571372497,
        0.6284813739656356,
        0.8887063384725701,
        0.08296719927948584,
        0.7999811588434772,
        0.8499630664475455,
        0.23793513393252366,
        0.6088995754623595,
        0.05773364608727362,
        0.5913588797623951,
        0.7628788178316589,
        0.398344129727039,
        0.6514002815012249,
        0.620529132217046,
        0.6553974590753533,
        0.6417184395247701,
        0.6998367997684904,
        0.7871868985855025,
        0.811589161022975,
        0.9537763424856724,
        0.4282686367902217,
        0.21115989436274912,
        0.5045768380371459,
        0.8570901564067039,
        0.6973451917875969,
        0.6986978632122168,
        0.5168607718799828,
        0.3177907202647225,
        0.6712244228490611,
        0.7910285282002112,
        0.9421574625406457,
        0.596703549467332,
        0.7211388100815268,
        1.0422143510481428,
        0.4879840246936542,
        0.9286009692744834,
        0.7346895673253923,
        0.5653673851727479,
        0.9562061609986592,
        1.0032772049307104,
        0.3399168422873471,
        0.47306266801925645,
        0.9168140852796955,
        0.6350876699537032,
        0.30683904445123766,
        0.38555729453241366,
        0.29800473723210846,
        0.9932079208605283,
        0.4515024711223795,
        0.6093053097794146,
        0.36450345684696833,
        0.7812453739994019,
        0.2160774902744463,
        0.7381972129367154,
        0.40775446800979315,
        0.9359644585093058,
        0.17620646714872415,
        0.21349541274066058,
        0.22187637248377418,
        0.7922007584667142,
        0.6193707711159733,
        0.8056812780073542,
        0.6669445402195459,
        0.6907355993980343,
        0.8106745327213601,
        0.16302391333215063,
        0.9778645573572728,
        0.4700342548152308,
        0.7733293376646897,
        0.5707087985432118,
        0.9601692770848105,
        1.077762801300978,
        0.6691649429163461,
        0.38422287375221353,
        0.8416940884212736,
        0.6324469595308466,
        0.5365442953984079,
        1.0142695865933142
      ],
      [
        0.5704984287906136,
        0.0,
        0.5738007698802221,
        0.4846722726036016,
        0.7995251197844178,
        0.2899474958016216,
        0.1454532366307467,
        0.4824488780081917,
        0.5236021139069325,
        0.9729223793526574,
        0.7550150450107531,
        0.30484619750727954,
        0.6672632801323439,
        0.9724714407453559,
        0.8399233382795088,
        0.5441953932269475,
        0.898446000793061,
        0.5261700662070846,
        0.39219315542953986,
        0.2972895642248439,
        0.6282320748778872,
        0.8700464727159558,
        0.761419830089072,
        0.4711045015140005,
        0.7800640296392872,
        0.91356611184615,
        0.2938011667568845,
        0.600502187600502,
        0.354737496900525,
        0.4929296715596263,
        0.7909704634357411,
        0.8214934310714488,
        0.2959857253759981,
        0.411541182816799,
        0.879421112677845,
        0.8777057272436863,
        0.808139384982854,
        0.8290732338306548,
        0.18833821753126195,
        0.35183560339094583,
        0.27118218283673134,
        0.42638630691564317,
        0.37165903375003206,
        0.9045312237081333,
        0.15064038129091314,
        0.8764708195055567,
        0.13766954320518524,
        0.41426884213109194,
        0.33468424025174603,
        0.06481345932385031,
        0.8784601188924126,
        0.43277877614009685,
        0.4272230843628262,
        0.1530798520912641,
        0.837913103211827,
        0.2448221060595454,
        0.6436039950884109,
        0.5929215437930933,
        0.6902037457244822,
        0.4227094920699147,
        0.8445439100535378,
        0.8221590013610975,
        0.6717990951345558,
        0.21074694520878826,
        0.6262745098276615,
        0.3919519689238922,
        0.2325495513744883,
        0.4868541338248257,
        0.4473323913043552,
        0.47562266853299157,
        0.5889962642271809,
        0.7944766750221146,
        0.9078517040772633,
        0.5522744486619634,
        0.30155325270035055,
        0.12023717060742065,
        0.24017610393074654,
        0.5847075367473882,
        0.6121022934435804,
        0.6132372508612102,
        0.37357703472800724,
        0.2539484932987196,
        0.6309277861743481,
        0.7765797510789318,
        0.3271518610815581,
        0.3252090436431854,
        0.8011069265795007,
        0.9651668345318012,
        0.31712721855009807,
        0.44377115780270054
      ],
      [
        0.8240773431569973,
        0.5738007698802221,
        0.0,
        0.3279429627784704,
        0.5683790995891441,
        0.7318086559943688,
        0.600056076651358,
        0.2426816436092132,
        0.38461059795004626,
        0.6652749617701212,
        0.6128891743628088,
        0.5079895074854346,
        0.43851938950724434,
        0.715572320082459,
        0.434665009383733,
        0.742147670568252,
        0.48030855202076417,
        0.12091173731130883,
        0.8161666151592974,
        0.27748440923520723,
        0.799076736320457,
        0.5988511584092832,
        0.35058719002230504,
        0.4264393025604589,
        0.42585147882901775,
        0.6374653113073989,
        0.28427933571856834,
        0.1823589036322272,
        0.23080605666820467,
        0.09372705256480049,
        0.39506356843724433,
        0.49956898338305633,
        0.4714767210450969,
        0.6378103794265124,
        0.7062688361293513,
        0.4741212307101478,
        0.4068098977512478,
        0.39764648289735216,
        0.5972564937312634,
        0.8024526424244454,
        0.31466388395795963,
        0.23982188232400894,
        0.6986672394291596,
        0.6454990961801407,
        0.6911121580310784,
        0.4772860907651554,
        0.5181884665652391,
        0.5279573828798753,
        0.3171816032193261,
        0.5961945014298426,
        0.5083460957310142,
        0.719985959279118,
        0.8393568755781067,
        0.5652136433065446,
        0.46867748838800294,
        0.3315666404781506,
        0.5883183746551165,
        0.46813686943640687,
        0.6475003941517644,
        0.585512955310574,
        0.7121642677890074,
        0.4420428597094231,
        0.5695759179142269,
        0.731479279802179,
        0.6534257645527033,
        0.20557335113106076,
        0.707619430593525,
        0.4822456340475555,
        0.6637169237661814,
        0.6111284369234782,
        0.6157585959132972,
        0.3853424388988095,
        0.6293069054716731,
        0.02766560093679571,
        0.3768779636749108,
        0.6742421724540073,
        0.7267870255674412,
        0.6755431144988518,
        0.3128032136548238,
        0.39827969362578763,
        0.33706693695325796,
        0.32577434735664823,
        0.23174305743394671,
        0.3755825245677508,
        0.38563205584631,
        0.8091913497250065,
        0.38296364261122584,
        0.7033643458935851,
        0.7187059318738593,
        0.7357820738968397
      ],
      [
        0.8806804759005341,
        0.4846722726036016,
        0.3279429627784704,
        0.0,
        0.8963220623676145,
        0.4038656932158984,
        0.47337351062573085,
        0.11599907758358606,
        0.5601769386022659,
        0.967596315321221,
        0.9408321371412791,
        0.5022396365763164,
        0.6981476777123823,
        1.0064003470829537,
        0.5537115889624126,
        0.8032636407133039,
        0.7407447584169965,
        0.23995831688998845,
        0.8124915316727347,
        0.27380932574864447,
        0.8913629034836482,
        0.8892995562928512,
        0.5929236781416565,
        0.6126745509951979,
        0.7258607520569235,
        0.9300561320544839,
        0.2252935848297044,
        0.4708437210651292,
        0.1928268739755402,
        0.3208762594153931,
        0.6350610933158476,
        0.5327168993599098,
        0.45390027676575045,
        0.6706472990954537,
        0.9959834818396256,
        0.7166288156013633,
        0.7164487187911313,
        0.7127323360326724,
        0.5705601439527221,
        0.7752686081660816,
        0.21349008976687026,
        0.12388831940980097,
        0.379792969813135,
        0.9356280814528359,
        0.5307080479201053,
        0.5282562665769359,
        0.47758126928966027,
        0.20921497077591852,
        0.1521162460303908,
        0.5028189383241553,
        0.6273926753096938,
        0.39761436793858335,
        0.8028565555904421,
        0.5287133233188801,
        0.5880147915776539,
        0.2516939785870831,
        0.8292881185400661,
        0.722505863468482,
        0.8820366641053443,
        0.2575699925321036,
        0.9652408482828938,
        0.7317132759041053,
        0.7883529817434359,
        0.4127368676982222,
        0.8346594324407367,
        0.1721958354953035,
        0.6677897678273705,
        0.15430267126908512,
        0.7064364359059058,
        0.7003896111061313,
        0.7987868759537308,
        0.6278267804148621,
        0.9221845560903619,
        0.3279365156668354,
        0.2758061273084987,
        0.5582389327944995,
        0.39884406278897083,
        0.8182683595203377,
        0.17792829748165082,
        0.6447031108670044,
        0.1220356121018472,
        0.31073548586034383,
        0.28645824027423056,
        0.40873044054460433,
        0.3787390122702182,
        0.7675313436294999,
        0.6238216848542212,
        0.9949376724708865,
        0.6876299223400137,
        0.41274974803292164
      ],
      [
        0.5952876393222428,
        0.7995251197844178,
        0.5683790995891441,
        0.8963220623676145,
        0.0,
        1.0247340511825107,
        0.852395006918379,
        0.8110607431983573,
        0.5877471458311072,
        0.21083879027121386,
        0.04451007477366469,
        0.4946789222771382,
        0.5064019291358021,
        0.19238199826499175,
        0.6384536972350209,
        0.5635014611111617,
        0.412427790409424,
        0.6892908369004529,
        0.8031697677306061,
        0.7251840205273656,
        0.5398198069826878,
        0.10929351247384432,
        0.49960697694286793,
        0.5464940291536864,
        0.28485565374976357,
        0.14716555786474117,
        0.7716355420282739,
        0.5319397279089862,
        0.7991851562573488,
        0.6621061521539446,
        0.5266494551717827,
        0.7867742331354364,
        0.544931310705637,
        0.5983180609195665,
        0.13788973654020723,
        0.512333562123577,
        0.316934938759962,
        0.3398762028261642,
        0.6946918032549826,
        0.8830840855066685,
        0.7874625058019816,
        0.808200981913153,
        1.1194558614623127,
        0.13114131412136612,
        0.9500332087253944,
        0.8149439927447234,
        0.6668185726810799,
        1.076505526552244,
        0.8509276502783127,
        0.7717577283314236,
        0.6739854742242213,
        1.1785206906033037,
        0.9051514760854295,
        0.6851211653685667,
        0.6479863044046764,
        0.7521151594875448,
        0.34563632737706934,
        0.4172919948103555,
        0.31104946507661424,
        1.153892054899718,
        0.1437851681998633,
        0.26687979286259017,
        0.32067303473932124,
        0.9835236705995316,
        0.39522247869783844,
        0.7739524507202049,
        0.8006634171012175,
        1.0506247336366996,
        0.584035072894421,
        0.5253135431022851,
        0.4174886308084837,
        0.5051852846326228,
        0.14335787482004486,
        0.5960447005259398,
        0.7887301267861733,
        0.9184673154726862,
        1.0179070839278217,
        0.4536227932995648,
        0.8811823132439679,
        0.5042039749492386,
        0.8895674206176103,
        0.6869468814961323,
        0.8001221570230909,
        0.8843854317110911,
        0.7854030258692666,
        0.890916539665791,
        0.6384855538451908,
        0.18760216025850385,
        0.8275098535705815,
        1.1860111879732387
      ],
      [
        0.8604459245922352,
        0.2899474958016216,
        0.7318086559943688,
        0.4038656932158984,
        1.0247340511825107,
        0.0,
        0.21933793113923902,
        0.5198647707994845,
        0.7927744009402838,
        1.2066157710200567,
        1.0195592993668539,
        0.5693904518633803,
        0.9360961553553859,
        1.2171160494475024,
        0.9510507589977446,
        0.8301583731656403,
        1.1205417286151436,
        0.6372974869253204,
        0.668456764999748,
        0.5677462603165988,
        0.9181795706795088,
        1.134027563656355,
        0.9695620026171332,
        0.7402767885473519,
        1.0468800344718736,
        1.171899609047252,
        0.5157034693651186,
        0.8328916388488408,
        0.5213912732967769,
        0.6891550816907399,
        1.0033399155911944,
        0.9349497914288762,
        0.5450394190693852,
        0.6975041627554919,
        1.142398559869864,
        1.088559077877273,
        1.0773116720162053,
        1.079319493624965,
        0.4776515006161822,
        0.6141496012808398,
        0.4931007958674156,
        0.5039006148950165,
        0.09472181027980192,
        1.155875365303877,
        0.17787372675547244,
        0.9321219597928343,
        0.42068671370935823,
        0.20402086217846954,
        0.42959873845240093,
        0.3496165913857281,
        1.0247318453450258,
        0.15378663942079296,
        0.7170563272621371,
        0.4429130949905751,
        0.9853539616129858,
        0.5301663094048987,
        0.9155463670244488,
        0.8478071517461563,
        0.966451059846714,
        0.2188785227147473,
        1.1126448767594113,
        1.0770463729836055,
        0.9364139339898774,
        0.08115835409593625,
        0.9084850675209819,
        0.5264425785066934,
        0.4996051711552981,
        0.277070167136716,
        0.733295371243048,
        0.7575916750230866,
        0.8694838342791336,
        0.9990551685730384,
        1.1680919260025555,
        0.7148543522411133,
        0.5164479609608952,
        0.21908375218179865,
        0.04993210389780986,
        0.8703528546966692,
        0.5801289893034605,
        0.8823265890447753,
        0.39491130810508684,
        0.5438959891003412,
        0.690323933490129,
        0.8109633326135707,
        0.6170993568831797,
        0.5700325824672101,
        1.0211608548895532,
        1.2123362114410146,
        0.6027771887384273,
        0.16127713679072797
      ],
      [
        0.7119295751186494,
        0.1454532366307467,
        0.600056076651358,
        0.47337351062573085,
        0.852395006918379,
        0.21933793113923902,
        0.0,
        0.3573744330421448,
        0.5811000337181443,
        0.9872778398808177,
        0.8078849321447144,
        0.35771608464124083,
        0.7244217881332464,
        1.0245660541265154,
        0.7957326471359949,
        0.6334238911660487,
        0.9813367211551639,
        0.4819793750635707,
        0.5283015305421321,
        0.4427428008555906,
        0.7219798409426401,
        0.9229163598499172,
        0.8586323652302486,
        0.5286024213252124,
        0.8352056672497341,
        0.9664359989801112,
        0.4392544033876312,
        0.7236557568344584,
        0.5001907335312716,
        0.5755249861428232,
        0.8897098200432776,
        0.7965178220433893,
        0.328777066706597,
        0.5007696807559002,
        0.92541902964858,
        0.9595506773860815,
        0.8656373047940658,
        0.8865711536418666,
        0.31267383482387534,
        0.4944516870134082,
        0.41663541946747806,
        0.4143743696813038,
        0.30692731738613105,
        0.9574011108420947,
        0.18651114727952386,
        0.7823562192296118,
        0.23266443867043074,
        0.34819667617038985,
        0.48013747688249275,
        0.20697274809716773,
        0.869413733483276,
        0.3683411875475449,
        0.5445996552446843,
        0.27045642297312233,
        0.8300358497512361,
        0.39027534269029207,
        0.7028357963671331,
        0.6321449096022999,
        0.7559195226565862,
        0.3920505886096441,
        0.897335804313869,
        0.8773006389715444,
        0.720600248592123,
        0.14467477924808614,
        0.7035171574341057,
        0.4664533318718315,
        0.3756604048426607,
        0.4207819678641236,
        0.5365608892434564,
        0.5541213889632527,
        0.6631156813507048,
        0.8889759669396236,
        0.9607215912112246,
        0.5723904757145623,
        0.4470064893310972,
        0.19022154829579957,
        0.17976078602552567,
        0.6704323239922573,
        0.4891923167372433,
        0.6706522218226358,
        0.519030271358754,
        0.3994017299294663,
        0.5368946439826798,
        0.6725313632280838,
        0.4657552902023054,
        0.4705116602676407,
        0.8658427430278035,
        1.0180367216657624,
        0.44548748683212536,
        0.37850678433613594
      ],
      [
        0.8466346055632351,
        0.4824488780081917,
        0.2426816436092132,
        0.11599907758358606,
        0.8110607431983573,
        0.5198647707994845,
        0.3573744330421448,
        0.0,
        0.44417786101867984,
        0.8633938190150422,
        0.855570817972022,
        0.46824012835110296,
        0.6058146354139713,
        0.9052422666226106,
        0.43835821409385,
        0.769379877531504,
        0.6253913835484339,
        0.12460494202142589,
        0.7764172360249658,
        0.23773503010087557,
        0.8563385565286239,
        0.7881414758325083,
        0.5012579321881039,
        0.4966754734116117,
        0.6214130522794589,
        0.8290861535780939,
        0.2036341357004558,
        0.3662813237923136,
        0.14695026231668792,
        0.21815055310067843,
        0.5323353870011329,
        0.4391433890012446,
        0.4319862528479429,
        0.636725668070828,
        0.9226562305367834,
        0.6021762443439367,
        0.6088455262571216,
        0.6032845232496795,
        0.5652880984286512,
        0.7704806580507618,
        0.21126669517146038,
        0.056999936639159046,
        0.48743825872444757,
        0.834470000992493,
        0.5438855803216687,
        0.42498178618746707,
        0.47327097012531266,
        0.31739582212150325,
        0.1715463217107895,
        0.5184248132943498,
        0.5120393004411312,
        0.5100079797165545,
        0.7986773346689269,
        0.5245341023973649,
        0.47266141670909134,
        0.24671342429554374,
        0.7193121614408855,
        0.6146330120394315,
        0.7799222309996386,
        0.3725541756182463,
        0.8881398386499237,
        0.6305551954437624,
        0.7150257304405938,
        0.5020492122902309,
        0.7673591954036716,
        0.10907889882968673,
        0.6651009127171434,
        0.2691970338112456,
        0.6724962826264418,
        0.6711668699653206,
        0.7273340880316133,
        0.5316015338974787,
        0.8210842905396919,
        0.2150160426724175,
        0.26279579585166035,
        0.5475959813379443,
        0.5148431403725569,
        0.7703778399997954,
        0.1318178836950985,
        0.5554383822856267,
        0.16763574766831085,
        0.2862838791594942,
        0.17952021094053505,
        0.3151569301859391,
        0.32670223240815044,
        0.7692190274471232,
        0.5084683099856586,
        0.8936616790708214,
        0.6789979939378238,
        0.5253932947734259
      ],
      [
        0.4454787102891185,
        0.5236021139069325,
        0.38461059795004626,
        0.5601769386022659,
        0.5877471458311072,
        0.7927744009402838,
        0.5811000337181443,
        0.44417786101867984,
        0.0,
        0.5176704046144551,
        0.6010108029945207,
        0.22338394907690343,
        0.2145985858033823,
        0.5286185166741926,
        0.4564145887384109,
        0.3626724238605088,
        0.43809568946695976,
        0.45609220493220975,
        0.6023407304799532,
        0.4538890473271308,
        0.4334853159432916,
        0.4859793752893179,
        0.3511960383452247,
        0.05249761239293189,
        0.3104172340133986,
        0.522371344992381,
        0.5003405688280391,
        0.2022516943178191,
        0.5140889118158766,
        0.3522191746019967,
        0.40009795435644513,
        0.6602227323200986,
        0.27363633750540234,
        0.25326250001148454,
        0.47847836951810363,
        0.46666256881464374,
        0.33217546657320124,
        0.34961584320814615,
        0.4176477195219822,
        0.6228438682151641,
        0.5161675326017469,
        0.5011777976578389,
        0.8744812355373417,
        0.5326122486410567,
        0.6728635591259725,
        0.6027444730669789,
        0.39478832217501797,
        0.7615736831401831,
        0.5796326770780781,
        0.5000422776022649,
        0.5279637369497078,
        0.9358951056987557,
        0.6871577958219803,
        0.41301456355041827,
        0.487499051516528,
        0.4808201862873101,
        0.27513430042220566,
        0.17045515102075173,
        0.3357443699809588,
        0.8167320366369262,
        0.4439619776312439,
        0.35251220573520886,
        0.270847869421914,
        0.7122286973992968,
        0.3231813343849917,
        0.5115177713694136,
        0.5162834559756428,
        0.7133748948299254,
        0.279991631301746,
        0.23220775437674843,
        0.28315622701293336,
        0.3850686811387656,
        0.5141892625917046,
        0.36621453280040317,
        0.5174351535859386,
        0.6436105499368896,
        0.746612110727587,
        0.3261999789811155,
        0.5759957447137783,
        0.15653143426241722,
        0.6118136086869908,
        0.4156519082958975,
        0.5632625944846741,
        0.7090752437619825,
        0.5141080526690318,
        0.6196215664655562,
        0.4022242104401096,
        0.5434501015900624,
        0.5504657698375811,
        0.9460607024873466
      ],
      [
        0.6842270503089307,
        0.9729223793526574,
        0.6652749617701212,
        0.967596315321221,
        0.21083879027121386,
        1.2066157710200567,
        0.9872778398808177,
        0.8633938190150422,
        0.5176704046144551,
        0.0,
        0.21790733434190418,
        0.6680761818453778,
        0.4057051294075538,
        0.09168519853674349,
        0.5620902344261626,
        0.6369844093723961,
        0.31480578831425743,
        0.7469316114338788,
        0.8683536397734394,
        0.8005835723660539,
        0.6324605569075039,
        0.10336616891170351,
        0.4338475941715949,
        0.5509741030208213,
        0.2420145748955346,
        0.0645091648394376,
        0.8154917501507327,
        0.49737094899039586,
        0.797021028724492,
        0.6470472595221911,
        0.4508649153967028,
        0.7109896933603563,
        0.7183285702738766,
        0.6444173927275335,
        0.20116133214564108,
        0.41668931128659503,
        0.2590907972291002,
        0.2730955059757855,
        0.8680890628232221,
        0.9482679575495018,
        0.8514941775089319,
        0.843868611285414,
        1.2823945764566245,
        0.0876320790900925,
        1.123430468293634,
        0.7341423886025004,
        0.8402158322493194,
        1.11168471990734,
        0.8862291314264499,
        0.9451549878996632,
        0.5856026006304591,
        1.3055714031034684,
        0.9703353481282627,
        0.8585184249368063,
        0.5655494801416064,
        0.8645355120399035,
        0.38871409889493697,
        0.48179238675184,
        0.38622780270540297,
        1.190607447459508,
        0.25258163313579374,
        0.2386855169958765,
        0.38035333827401996,
        1.1319526191289038,
        0.4699448853903615,
        0.8017008155782632,
        0.9478504935272078,
        1.0975931280062718,
        0.6346379872805525,
        0.5709166999656079,
        0.4766218343475567,
        0.4313501765424167,
        0.06749848762014556,
        0.6539150708646331,
        0.9097762088384348,
        1.0918645750409257,
        1.1670386259063434,
        0.5274484641334056,
        0.9388230877773938,
        0.4640771048749276,
        0.9226523807776082,
        0.8527841893069975,
        0.8577629315565166,
        0.8103093607318521,
        0.9087312189771568,
        1.0146503153602062,
        0.5743092551329005,
        0.0778455738963155,
        0.8667971492315163,
        1.3213675177211899
      ],
      [
        0.6397780561222899,
        0.7550150450107531,
        0.6128891743628088,
        0.9408321371412791,
        0.04451007477366469,
        1.0195592993668539,
        0.8078849321447144,
        0.855570817972022,
        0.6010108029945207,
        0.21790733434190418,
        0.0,
        0.4501688475034735,
        0.5314763266054131,
        0.2174563957346028,
        0.6441916124663793,
        0.6079918779112089,
        0.4181657056407825,
        0.7338009116741175,
        0.8476601845306532,
        0.680673945753701,
        0.5843102237827349,
        0.11503142770520282,
        0.5053448921742264,
        0.5909844459537335,
        0.2905935689811221,
        0.15855106683539683,
        0.7271254672546092,
        0.5376776431403448,
        0.7716111700598319,
        0.6852908572573764,
        0.5323873704031412,
        0.7925121483667947,
        0.5004212359319724,
        0.6186543872231985,
        0.18033950345204047,
        0.5180714773549355,
        0.3226728539913205,
        0.34561411805752273,
        0.6501817284813178,
        0.8553778771744998,
        0.7429524310283169,
        0.8527110566868177,
        1.1012661339639118,
        0.14951617869738035,
        0.9055231339517298,
        0.8206819079760819,
        0.6223084979074152,
        1.0319954517785794,
        0.8064175755046481,
        0.727247653557759,
        0.6797233894555798,
        1.1626800041253256,
        0.9147543228664641,
        0.6406110905949021,
        0.6537242196360349,
        0.7076050847138802,
        0.39012674417711646,
        0.46178241161040257,
        0.35553988187666136,
        1.1114054946762788,
        0.1882755849999104,
        0.2726177080939487,
        0.36516345153936836,
        0.9390135958258669,
        0.4397128954978855,
        0.8099715832280568,
        0.7561533423275527,
        1.0244492620127106,
        0.6285254896944681,
        0.5698039599023322,
        0.4619790476085308,
        0.5109231998639814,
        0.15283665906651026,
        0.6405547752996045,
        0.7442200520125086,
        0.8739572406990215,
        0.9733970091541571,
        0.49811321009961185,
        0.9256923880176325,
        0.5486943917492857,
        0.8450573458439455,
        0.6424368067224676,
        0.8446322317967555,
        0.8901233469424497,
        0.7408929510956019,
        0.8464064648921262,
        0.6442234690765493,
        0.21015178952104804,
        0.7829997787969167,
        1.1728456009139165
      ],
      [
        0.3784408393242177,
        0.30484619750727954,
        0.5079895074854346,
        0.5022396365763164,
        0.4946789222771382,
        0.5693904518633803,
        0.35771608464124083,
        0.46824012835110296,
        0.22338394907690343,
        0.6680761818453778,
        0.4501688475034735,
        0.0,
        0.3667057034920056,
        0.6676252432380763,
        0.6662807918419039,
        0.30113974918040104,
        0.6236206365139231,
        0.4715685892354134,
        0.47580382890134865,
        0.2305050982502274,
        0.3891842348524856,
        0.5652002752086763,
        0.552266148212494,
        0.17088633668397155,
        0.4774895826084933,
        0.6087199143388704,
        0.27695661975113567,
        0.4149667356122033,
        0.3214423225563584,
        0.4265498093946329,
        0.6016571076726698,
        0.5757600941239496,
        0.050252388428498884,
        0.168485539719725,
        0.5763430001735569,
        0.6623424865966506,
        0.5079212201528249,
        0.5288550690006257,
        0.20001288097784437,
        0.40520902967102623,
        0.2927835835248434,
        0.41263405098807904,
        0.6510972864604383,
        0.5996850262008538,
        0.4553542864482562,
        0.7358666453258814,
        0.1721396504039417,
        0.5818266042751059,
        0.3562487280011746,
        0.2770788060542855,
        0.7364127968150529,
        0.712511156621852,
        0.46458547536299055,
        0.1904422430914285,
        0.6962250666318006,
        0.25743623721040665,
        0.3461878492696112,
        0.28815965650000686,
        0.3982669192864418,
        0.6612366471728053,
        0.5440362949522038,
        0.5195845543303036,
        0.3689486305157219,
        0.48884474832239333,
        0.34810650042524977,
        0.35980273572458327,
        0.3059844948240792,
        0.574280414509237,
        0.20425615427533877,
        0.20292674161421764,
        0.3068720457011629,
        0.5849676946400296,
        0.6030055065699838,
        0.4856968558725982,
        0.2940512045090351,
        0.423788393195548,
        0.5232281616506835,
        0.3212881945527186,
        0.5994700801451408,
        0.312936137181395,
        0.394888498340472,
        0.19226795921899406,
        0.5817747998726784,
        0.699746552939255,
        0.29072410359212836,
        0.3962376173886527,
        0.6155191247298821,
        0.6603206370245216,
        0.3328309312934433,
        0.7226767534104431
      ],
      [
        0.4898022571372497,
        0.6672632801323439,
        0.43851938950724434,
        0.6981476777123823,
        0.5064019291358021,
        0.9360961553553859,
        0.7244217881332464,
        0.6058146354139713,
        0.2145985858033823,
        0.4057051294075538,
        0.5314763266054131,
        0.3667057034920056,
        0.0,
        0.3140199308708103,
        0.49056486575357333,
        0.4169022246970415,
        0.38831887949562016,
        0.5045581300381831,
        0.6565705313164859,
        0.5595365718862655,
        0.457333542445613,
        0.43112097188133364,
        0.35519388346895203,
        0.19615877861834338,
        0.3631950877761179,
        0.3934961713372996,
        0.5943826054659477,
        0.25632394851060736,
        0.5629768463428814,
        0.38976415945992976,
        0.4026726802165297,
        0.6627974581801833,
        0.4076128055005389,
        0.36507229992299944,
        0.41331451117884566,
        0.44560191711057673,
        0.31708358879656046,
        0.2870355838643598,
        0.5564195042557348,
        0.7364848490925483,
        0.6303708488945392,
        0.5753907525083679,
        0.9999202850419618,
        0.38529873386298186,
        0.816524725351384,
        0.6563856772145228,
        0.5384233010474336,
        0.8292104284926775,
        0.6382259768572848,
        0.6436377524403525,
        0.5527737582956439,
        1.0212390048919202,
        0.7585522396713094,
        0.5551111256970408,
        0.5150745365989977,
        0.6202949966639015,
        0.22497995187918912,
        0.10424496260483604,
        0.283608521911802,
        0.9062750494699299,
        0.37775178921532826,
        0.4051128438352926,
        0.20568401108265605,
        0.8555504518143989,
        0.3033156277196141,
        0.526613074208169,
        0.6599446222010543,
        0.8177118987348251,
        0.3733354422750729,
        0.30374926134471414,
        0.27549756006108267,
        0.3823802239578509,
        0.40163835778321344,
        0.4187573417197542,
        0.6607569080010407,
        0.7872717161623011,
        0.8899338651426891,
        0.33395254682193776,
        0.6962023167607818,
        0.05837197546737378,
        0.6383199825660602,
        0.5533151791889875,
        0.6008075793426072,
        0.7439458811804175,
        0.6517713235621219,
        0.7629433208806583,
        0.4562462620626762,
        0.32885151578668004,
        0.6892375545713337,
        1.037035119509642
      ],
      [
        0.6284813739656356,
        0.9724714407453559,
        0.715572320082459,
        1.0064003470829537,
        0.19238199826499175,
        1.2171160494475024,
        1.0245660541265154,
        0.9052422666226106,
        0.5286185166741926,
        0.09168519853674349,
        0.2174563957346028,
        0.6676252432380763,
        0.3140199308708103,
        0.0,
        0.6349413549024631,
        0.5897160224013527,
        0.3952519784230401,
        0.7931784826693106,
        0.8293843290207971,
        0.8429585842430707,
        0.5741383283732491,
        0.11710104101052332,
        0.5001101389302884,
        0.5101787094891537,
        0.2907738719056878,
        0.07947624046648928,
        0.864251047160886,
        0.5397459608674127,
        0.8331840201166054,
        0.687360220342276,
        0.5228479027069592,
        0.7829726806706128,
        0.6958285618630734,
        0.6036848078179897,
        0.12626209005432698,
        0.4973912815192643,
        0.31860249198047974,
        0.338250470834972,
        0.8321841583735496,
        0.9092986467968595,
        0.9002534745190851,
        0.8825133500123341,
        1.2661534605770355,
        0.07127880299217156,
        1.1229795296863325,
        0.8097669458063066,
        0.8392566203912228,
        1.1432303593634878,
        0.9222359459098298,
        0.9399645712202982,
        0.6642535483238837,
        1.327569277198875,
        0.9313660373756205,
        0.8424233122757432,
        0.6414324497541459,
        0.908510753026436,
        0.34985129508058127,
        0.4054048540122124,
        0.33423902292473023,
        1.2202949803407401,
        0.180414090376414,
        0.2746870711788483,
        0.3039658055343924,
        1.1564699915604697,
        0.4201141836701128,
        0.8388107394041688,
        0.9074369298442369,
        1.1317318296056353,
        0.5957410476179746,
        0.530503136282637,
        0.43400444344916644,
        0.5021733005850088,
        0.08761842691240312,
        0.7014284336285314,
        0.9494514199813566,
        1.0914136364336242,
        1.1908534048887598,
        0.4789093448448263,
        0.9830988264145541,
        0.3723919063381841,
        0.9523399134368704,
        0.8415309355515221,
        0.8984036402249534,
        0.881373447663477,
        0.9399870799246565,
        0.9733703875883516,
        0.6402511431093195,
        0.014831584915869722,
        0.8037831602510705,
        1.3384006537804887
      ],
      [
        0.8887063384725701,
        0.8399233382795088,
        0.434665009383733,
        0.5537115889624126,
        0.6384536972350209,
        0.9510507589977446,
        0.7957326471359949,
        0.43835821409385,
        0.4564145887384109,
        0.5620902344261626,
        0.6441916124663793,
        0.6662807918419039,
        0.49056486575357333,
        0.6349413549024631,
        0.0,
        0.8081353795866907,
        0.25363990079965215,
        0.31375327207242415,
        1.047803686206135,
        0.5548167630576102,
        0.8653473819959222,
        0.5291601847611765,
        0.1440719450738409,
        0.49539445515793235,
        0.3620954696914588,
        0.5565243791974221,
        0.5462033318269872,
        0.25458202477742126,
        0.48555044227770283,
        0.40454950506159887,
        0.11212059862502496,
        0.2254484668641056,
        0.7165331802704028,
        0.7091366911828734,
        0.6671334824262486,
        0.16381803025008665,
        0.3226873539771861,
        0.2985846509255077,
        0.8605445622869827,
        1.0657407109801647,
        0.5706904506066242,
        0.44848291885653124,
        0.9144138262245287,
        0.573524592441113,
        0.9684445118534813,
        0.17706989898209802,
        0.8039513510668389,
        0.747029896819275,
        0.5597456243912126,
        0.8703845741295995,
        0.07368108634728118,
        0.9416717086209621,
        1.127766750238948,
        0.8536235179673859,
        0.034303202615241286,
        0.5952444045554262,
        0.6392049385144825,
        0.5184699492401293,
        0.6978335085470954,
        0.8078459958795752,
        0.6863678022037302,
        0.3967004076043029,
        0.6199089977179494,
        0.9404074263840809,
        0.7175001546716582,
        0.4513882396388369,
        0.9591802987406433,
        0.7048770718761814,
        0.733874394631888,
        0.6779634161908941,
        0.6883002002922435,
        0.133275724139046,
        0.5486744595525241,
        0.40699940844693727,
        0.6322584225063419,
        0.9296226312854383,
        0.9525556517513833,
        0.7446072686387638,
        0.4970771670209446,
        0.43219289028619956,
        0.5735991332719075,
        0.6067501840599602,
        0.39919366470415246,
        0.2533810154268441,
        0.607397857470265,
        1.0625184092305566,
        0.07011009589180861,
        0.6206587638630453,
        0.9933626126025816,
        0.957269503219907
      ],
      [
        0.08296719927948584,
        0.5441953932269475,
        0.742147670568252,
        0.8032636407133039,
        0.5635014611111617,
        0.8301583731656403,
        0.6334238911660487,
        0.769379877531504,
        0.3626724238605088,
        0.6369844093723961,
        0.6079918779112089,
        0.30113974918040104,
        0.4169022246970415,
        0.5897160224013527,
        0.8081353795866907,
        0.0,
        0.721246751187515,
        0.7727083384158144,
        0.23966830661944435,
        0.5316448474306285,
        0.09030413861977718,
        0.5451581277031151,
        0.6844701319785089,
        0.3160220825401214,
        0.6089909989009437,
        0.5725571152517711,
        0.5780347980507992,
        0.5597887669360249,
        0.6225820717367594,
        0.7097562472202025,
        0.7334552655517511,
        0.8757862103447815,
        0.3502785046493309,
        0.1326542104101485,
        0.4702845891104395,
        0.7818431584132044,
        0.6530569660089748,
        0.6234379318414349,
        0.4383550879273822,
        0.3195826243955068,
        0.5924096232535544,
        0.7137738001684801,
        0.9030486916176119,
        0.5504897824689889,
        0.689243493972578,
        0.960563044378344,
        0.4094783407410536,
        0.8500952853218828,
        0.6558769337965796,
        0.4951453288862092,
        0.8763237054309633,
        0.9619757576228262,
