{
  "sol": {
    "z": 1.9486357383270674,
    "tours": [
      [
        0,
        17,
        33,
        2,
        10,
        16,
        31,
        27,
        19,
        26,
        22,
        29,
        18
      ],
      [
        8,
        25,
        21,
        24,
        5
      ],
      [
        1,
        28,
        7
      ],
      [
        32,
        14,
        15,
        11,
        12,
        3
      ],
      [
        4,
        30
      ],
      [
        20,
        6
      ],
      [
        9,
        23
      ],
      [
        13
      ],
      [
        34
      ],
      [
        35
      ]
    ]
  },
  "params": {
    "gm": [
      [
        0.0,
        0.5171366853542012,
        0.2833935149596018,
        0.5816611443816064,
        0.4229852274340987,
        0.05840769238945676,
        0.76652098746898,
        0.4676328815406807,
        0.2886481515849062,
        0.27650602483512804,
        0.1448650403232108,
        0.6262368637342695,
        0.7029579736788206,
        0.5426213308205865,
        0.4695149772164698,
        0.6268303555474541,
        0.22880253332886347,
        0.06385743904966686,
        0.4076084105348582,
        0.31001720495807494,
        0.7472994000622019,
        0.38021714515954996,
        0.409022300037591,
        0.368229074256007,
        0.23969052944481684,
        0.36044322157415465,
        0.32081332546764096,
        0.3468504796569352,
        0.5791622209700397,
        0.4208878983382581,
        0.3930594990105737,
        0.2786099499220982,
        0.5120092972971347,
        0.20656243208468655,
        0.5647402603497568,
        0.5241811981061812,
        0.23233232948007307,
        0.43110644648099045,
        0.7248148219907568,
        0.6425952696973325,
        0.49289215770096156,
        0.5972716824130802,
        0.4532852844797711,
        0.22518247828213955,
        0.5913824918241081,
        0.47619528159129754,
        0.5401949330741326,
        0.6919365933935742,
        0.5756625175099429,
        0.1602037733818493,
        0.19762470612602667,
        0.6053112691136072,
        0.5697358616065015,
        0.38077610225630854,
        0.29337929009597746,
        0.6310107357934489,
        0.3453732813758753,
        0.6267951333794176,
        0.6423549307413801,
        0.5704928009064058,
        0.5745543500214442,
        0.5475385488889366,
        0.6174950127632972,
        0.49083862167387476,
        0.5776036033874741,
        0.32138450100366667,
        0.4415328477691584,
        0.26814909991317354,
        0.6723828637906137,
        0.5194587283908821,
        0.5314005115876064,
        0.7497205563511613,
        0.31674008356041716,
        0.32349001066434385,
        0.7394851658510755,
        0.6656581709013341,
        0.3914987346465175,
        0.37209431769172696,
        0.22836140206090808,
        0.1790707215113723,
        0.21982519916060225,
        0.4530970229874307,
        0.6082911965548237,
        0.5496479830247728,
        0.36116325897552287,
        0.2718062348596504,
        0.35254143953929384,
        0.2332479746476585,
        0.5832593655476508,
        0.7318165691823939
      ],
      [
        0.5171366853542012,
        0.0,
        0.3491767658074287,
        0.8814862139093788,
        0.45954391119208726,
        0.575544377743658,
        0.5017444834882324,
        0.13822877721288193,
        0.8038804746319672,
        0.5553308897433151,
        0.5681520389822208,
        1.0740264831088349,
        1.0626269250745979,
        0.5432131990250783,
        0.9507400756088884,
        0.9826775640108049,
        0.5323244561633803,
        0.47009018001892894,
        0.8920178689618876,
        0.7331792369658738,
        0.5686349407522137,
        0.8973538305137512,
        0.779333440831326,
        0.48433770912961943,
        0.756827214799018,
        0.8759994064837213,
        0.7440952591255526,
        0.6262745185389246,
        0.08780018889451166,
        0.8432976196851603,
        0.42080918210441337,
        0.6521940381896598,
        0.9924731048085358,
        0.3332283726671876,
        0.24912842076523026,
        1.0032108795816024,
        0.6433765253224459,
        0.8422287665151568,
        0.36621070608137696,
        0.17381789608495857,
        0.4895198341949119,
        0.26064154534880635,
        0.8678752888073377,
        0.7423191636363408,
        0.11830723294920512,
        0.7818916151082584,
        0.27393483922166617,
        0.17479990803937295,
        0.9888356943088528,
        0.6773404587360505,
        0.4526591134966379,
        0.6377223524668985,
        0.7607334358489609,
        0.8841320303219473,
        0.8080353596207498,
        1.0485626140112627,
        0.7213074812935545,
        0.7080593836983268,
        0.33196613792575014,
        0.10999538228257989,
        0.7908359990800435,
        0.7436694354267603,
        0.16245679718912837,
        0.4323821372748059,
        0.23966300074039384,
        0.8385211863578679,
        0.12036957467205786,
        0.33190228672161526,
        0.4142380573756542,
        0.30070440125840986,
        0.6506259701079132,
        0.4896606678153677,
        0.7971768344783459,
        0.28902355842189925,
        0.4753798060918736,
        0.4980154824819362,
        0.44287025284648285,
        0.7931337673713601,
        0.7316535986761874,
        0.6962074068655735,
        0.41211914456558474,
        0.5068507402480877,
        0.25353906884930016,
        1.0086579914429088,
        0.7747367429692569,
        0.37166660684177366,
        0.6582912965907144,
        0.7400986339912848,
        0.1279513548484067,
        1.1163743666480266
      ],
      [
        0.2833935149596018,
        0.3491767658074287,
        0.0,
        0.5700368805236433,
        0.43219635835446973,
        0.23760831054880055,
        0.5060857626348029,
        0.24916641661743819,
        0.47930095601135253,
        0.3405511788411307,
        0.2858533284201018,
        0.7625771497230993,
        0.7604007064228214,
        0.3915084854004073,
        0.6508233915092467,
        0.6712282306250694,
        0.2985621157633117,
        0.21953607590993496,
        0.5982612149613046,
        0.4494641050228215,
        0.5674368017814135,
        0.5634418973300208,
        0.5460960166035558,
        0.27930412091991985,
        0.4189005972412612,
        0.5498469716287252,
        0.461801613564532,
        0.4395362871060156,
        0.37171709431177985,
        0.5611045259149501,
        0.3849967816792928,
        0.4002943509954535,
        0.6925750559962025,
        0.07683108287491526,
        0.4731417661609466,
        0.71553756599363,
        0.4298000638463954,
        0.5719880718039431,
        0.6219791302516514,
        0.3922143323782105,
        0.3378151205702409,
        0.35149130723394184,
        0.5942706788607258,
        0.40438611636434585,
        0.3771869880621938,
        0.5728945875777893,
        0.49461466900141043,
        0.4732446835435596,
        0.7165441428328956,
        0.34108813287170625,
        0.2194216892688677,
        0.4860176388422275,
        0.5877435255366221,
        0.5645634083538257,
        0.4847356579834263,
        0.771227363370141,
        0.47568100874436064,
        0.55569592020878,
        0.3870899069235709,
        0.35624246739096227,
        0.6132034674629795,
        0.5675016298603165,
        0.39594887956392827,
        0.4810685288540582,
        0.4615677459377653,
        0.5041964087430401,
        0.236144994498754,
        0.1805811618663701,
        0.41194763895643655,
        0.259023503556705,
        0.48557726504319265,
        0.4892853315169841,
        0.497540234868253,
        0.07291713100827035,
        0.47904994101689835,
        0.49572506406271855,
        0.23215007720946745,
        0.5129759430146796,
        0.41241435877176874,
        0.3629420586207236,
        0.2022643465782494,
        0.4785552962336084,
        0.5071835321657577,
        0.7410043509122217,
        0.5018026729173144,
        0.21541857180217389,
        0.449701605949695,
        0.41650933226674575,
        0.29986585058804893,
        0.8193353527387077
      ],
      [
        0.5816611443816064,
        0.8814862139093788,
        0.5700368805236433,
        0.0,
        0.9599387988891714,
        0.5415605241165383,
        0.644590009912854,
        0.748076791366816,
        0.5786369699363638,
        0.3479395900839653,
        0.7134753403669726,
        0.19254026919945602,
        0.1903638258991781,
        0.4305592351915577,
        0.2578454872118284,
        0.10119135010142609,
        0.8104636777104699,
        0.6455185834312733,
        0.6975938781466025,
        0.8564325101426165,
        0.572389943187767,
        0.508247244497684,
        0.8963457919589686,
        0.3991673088921772,
        0.5045344577364299,
        0.5787760256773351,
        0.8692685233583323,
        0.9182674385264851,
        0.865705658391588,
        0.9241139285084803,
        0.9550336622029361,
        0.8466212876090483,
        0.2844816542095192,
        0.6468679633985586,
        1.038170360207558,
        0.7978720368795617,
        0.34932881490153345,
        0.893949738883922,
        1.1870077242982626,
        0.9572429264248219,
        0.418696229619723,
        0.7309195840058829,
        0.9066242207650063,
        0.5164320165699399,
        0.8548803950044053,
        0.1124503351318107,
        1.0596432630480217,
        1.032518840715118,
        0.892076971465412,
        0.48574425863911086,
        0.7792858505076332,
        0.39792181312859226,
        0.20562868084380853,
        0.3777245273408435,
        0.5830792570773332,
        0.9427942557790626,
        0.9094763144125716,
        0.32924251054128356,
        0.7235842443954883,
        0.838214410056015,
        0.1768188712937088,
        0.2023564968600024,
        0.8650090863265743,
        1.0362277159290836,
        1.0265963399843767,
        0.4949673028226661,
        0.7616057339347495,
        0.7506180423900134,
        0.6760416520772936,
        0.6929352284713757,
        0.2857209261928846,
        0.6284765203949433,
        0.41140872834237097,
        0.6046486602324757,
        0.6431640280924924,
        0.7196679357517419,
        0.44550849949692534,
        0.9234622841005115,
        0.43741456549610885,
        0.4569156458502336,
        0.7723012271018928,
        1.0140022644741293,
        1.0722121262123692,
        0.8233633788352605,
        0.9255954835830076,
        0.7854554523258173,
        0.22911970484231262,
        0.4432919364795399,
        0.8648944446346603,
        0.24929847221506438
      ],
      [
        0.4229852274340987,
        0.45954391119208726,
        0.43219635835446973,
        0.9599387988891714,
        0.0,
        0.47440512047461936,
        0.8717441453721626,
        0.5143949151300214,
        0.651292226829506,
        0.6925034529202907,
        0.3136276556588846,
        1.040318253837475,
        1.1062893750146272,
        0.7599140209345844,
        0.8841844872008412,
        0.9368926305129138,
        0.20115032602239688,
        0.3615858141570682,
        0.532331967879554,
        0.37349333588354006,
        0.9330951845187734,
        0.7346196361576921,
        0.3967657018159759,
        0.6553511082751322,
        0.640403384024895,
        0.6932341698071858,
        0.38539262756573894,
        0.1848557116077852,
        0.5473135457137828,
        0.43151499887920475,
        0.05364631490292925,
        0.2503310995272245,
        0.9230146903795352,
        0.35559981216719283,
        0.210415490426857,
        0.620218293507939,
        0.6553175569141718,
        0.44688253279022866,
        0.3610500827103185,
        0.2892683629194996,
        0.7090828620227168,
        0.6727505266798717,
        0.43014918084594006,
        0.6273184459464112,
        0.577500617000977,
        0.8991805090253964,
        0.18711982476394312,
        0.38648682281660623,
        0.586346356111653,
        0.5767515306263842,
        0.23276263118659324,
        0.8566322564419999,
        0.957856249489238,
        0.8011131846572211,
        0.6472886962845884,
        0.6349898020655673,
        0.28008313282549013,
        0.922211768748693,
        0.7313876851796802,
        0.5669023781569608,
        0.9892504548181918,
        0.9435486172155289,
        0.6215496512702989,
        0.07628891703991206,
        0.22315370954506727,
        0.68287294814604,
        0.47276839681768973,
        0.2663259961300197,
        0.7776060216937963,
        0.6248208399687687,
        0.8469274651760292,
        0.8549437142543439,
        0.7308214736636227,
        0.4489641183634827,
        0.8447083237542582,
        0.8613834468000784,
        0.6081970645646798,
        0.3879483518819428,
        0.6492064213385051,
        0.5997153874444068,
        0.23281186463347434,
        0.054063465584957796,
        0.32388546707128313,
        0.6235341375470518,
        0.3603889621588592,
        0.2214713646479739,
        0.7755266669733927,
        0.6532346495659686,
        0.3816168447096612,
        1.1458979592855996
      ],
      [
        0.05840769238945676,
        0.575544377743658,
        0.23760831054880055,
        0.5415605241165383,
        0.47440512047461936,
        0.0,
        0.7169709150254812,
        0.4867747271662387,
        0.24169264546255198,
        0.21809833244567128,
        0.17823037622898766,
        0.5694287044933046,
        0.6461498144378559,
        0.48421363843112974,
        0.4132150809604462,
        0.5705304592914305,
        0.2762103862039375,
        0.12116160706502913,
        0.36065290441250397,
        0.34338254086385184,
        0.6888917076727451,
        0.3258335867812203,
        0.4423876359433679,
        0.3098213818665502,
        0.18129228669246067,
        0.31223866107992465,
        0.3541786613734178,
        0.38293819056254313,
        0.6093254048605804,
        0.45425323424403496,
        0.44709389475213834,
        0.3080504581650692,
        0.4549667454474019,
        0.2638666001000488,
        0.6187746560913214,
        0.47792925544482945,
        0.1965977895760985,
        0.46447178238676734,
        0.7831759582670841,
        0.6298226429270111,
        0.4344844653115048,
        0.5890996177827423,
        0.48665062038554796,
        0.16677780581554527,
        0.6147952986109944,
        0.4360946613262294,
        0.5942293288156972,
        0.7108529940923601,
        0.5651329876004773,
        0.1034798223229057,
        0.25367249684977133,
        0.5469035767241505,
        0.5278051740398005,
        0.32695509780502513,
        0.24712734743462575,
        0.6202732463081259,
        0.368222697749334,
        0.5683874409899609,
        0.6246982174723714,
        0.5938507779397628,
        0.5359128737803531,
        0.5050796598048227,
        0.6335571901127288,
        0.5440380407079835,
        0.6316379991290387,
        0.2665880981942395,
        0.47375330504755453,
        0.3262014458907483,
        0.6495559495052371,
        0.49663181410550555,
        0.47299281919814956,
        0.7268936420657847,
        0.25993192431945245,
        0.3105254415570709,
        0.716658251565699,
        0.6072504785118773,
        0.33309104225706077,
        0.40545965359750386,
        0.1748060482229682,
        0.12533374807192302,
        0.2777078288513055,
        0.5015176558250627,
        0.6666523328311509,
        0.5033960403634211,
        0.39452859488129977,
        0.33016737113597766,
        0.31244081927422573,
        0.1789010217179452,
        0.5374741611368494,
        0.6750084099414293
      ],
      [
        0.76652098746898,
        0.5017444834882324,
        0.5060857626348029,
        0.644590009912854,
        0.8717441453721626,
        0.7169709150254812,
        0.0,
        0.391694004638498,
        0.9037117733291239,
        0.4988725825798099,
        0.7903228062515878,
        0.8340551516179325,
        0.8303244591013464,
        0.29516911988839106,
        0.8734417068460535,
        0.7161263285150692,
        0.7842626771446098,
        0.7026635484193131,
        0.9548231681046686,
        0.954862730413618,
        0.09045440335528003,
        0.938314239552308,
        1.0267112519365598,
        0.48126742004141176,
        0.7677040110008784,
        0.9609825488839073,
        0.966271091396018,
        0.9221635108738273,
        0.4286155137207747,
        1.0547959715210784,
        0.8216596623445693,
        0.8962573847710975,
        0.899711252337416,
        0.5599585553842934,
        0.7449429430154904,
        1.1258311530643152,
        0.5881214675850747,
        1.0624661628235639,
        0.8672718106137252,
        0.6640155092327543,
        0.34667400694500294,
        0.24125241206750805,
        1.0856045929106504,
        0.7581610182993175,
        0.40009375975128336,
        0.5964404584181863,
        0.7664158458559542,
        0.6731456559914155,
        1.1998055800210663,
        0.6980532918317004,
        0.7000369246018718,
        0.24711464268530217,
        0.44821916524835187,
        0.8002271200951621,
        0.910791672448779,
        1.2615541525678038,
        0.971793814449173,
        0.3300113642498769,
        0.1703285049031824,
        0.398140857072373,
        0.4821882125962802,
        0.4450417961486489,
        0.3645096620941123,
        0.9204881286592276,
        0.7333689227923091,
        0.8850765864619716,
        0.4359734946781397,
        0.6054181492421429,
        0.0941381236783663,
        0.24706225907809784,
        0.3600670336693334,
        0.022447798447759876,
        0.7560442152966159,
        0.44324386796359744,
        0.027216655167830863,
        0.15623350756549398,
        0.4303929438203105,
        1.0034540340343003,
        0.6866713146080041,
        0.6776372678179587,
        0.6687112418175583,
        0.9218758497437803,
        0.7552586547501595,
        1.1493522326243597,
        1.004913858258018,
        0.6502727807241887,
        0.541402173991779,
        0.6949547023969013,
        0.5838357368003178,
        0.8900729170472599
      ],
      [
        0.4676328815406807,
        0.13822877721288193,
        0.24916641661743819,
        0.748076791366816,
        0.5143949151300214,
        0.4867747271662387,
        0.391694004638498,
        0.0,
        0.7260566549450586,
        0.43257733203499976,
        0.49050335484695995,
        0.940617060566272,
        0.9316538934640839,
        0.4050188527423988,
        0.8402996912400869,
        0.8492681414682421,
        0.450874448158347,
        0.4037754424910139,
        0.811768385404275,
        0.6529297534082611,
        0.4544776945345367,
        0.812608313947459,
        0.6962600257487848,
        0.3549154451104655,
        0.6680670138586994,
        0.7981831549958116,
        0.6645934702334475,
        0.5770850345937528,
        0.1254959234165278,
        0.759760728870485,
        0.4643104321024282,
        0.5702861197112583,
        0.8820327204397342,
        0.2612367804102232,
        0.35636077079920303,
        0.920137464499061,
        0.5183510576992394,
        0.7609939440457516,
        0.4929259080012416,
        0.27543333701646694,
        0.3513254879122324,
        0.1641851766545883,
        0.7847114149245156,
        0.653552532981784,
        0.12803786101845036,
        0.6514349752328609,
        0.37783367363966686,
        0.30878321481832055,
        0.9061577747979088,
        0.5902545494891445,
        0.3695856984140966,
        0.499528006184219,
        0.6226388866658484,
        0.7591065626987408,
        0.7334292482789915,
        0.967234395602675,
        0.6430098502272759,
        0.5698650374156473,
        0.23085600608772383,
        0.10714005799233778,
        0.6529227137866576,
        0.6057482374622818,
        0.14988327781491298,
        0.539343243244017,
        0.3447867505760217,
        0.7533628253604783,
        0.045664523930581354,
        0.2516039120584952,
        0.29898853170955964,
        0.16719660704849754,
        0.5124348593234648,
        0.37630625181100363,
        0.6867364501095443,
        0.1785831740530977,
        0.364521723155491,
        0.38276595681584163,
        0.3178447852232763,
        0.7087426477024502,
        0.6066281310529809,
        0.6113420172731487,
        0.3301189470544424,
        0.5645266195016392,
        0.3769329635901026,
        0.9255845763603674,
        0.6912137535076966,
        0.29292355048204755,
        0.528412795171035,
        0.6150731663680783,
        0.19217405049801434,
        0.9864958652283473
      ],
      [
        0.2886481515849062,
        0.8038804746319672,
        0.47930095601135253,
        0.5786369699363638,
        0.651292226829506,
        0.24169264546255198,
        0.9037117733291239,
        0.7260566549450586,
        0.0,
        0.404839190749314,
        0.4199230216915396,
        0.5175177615875199,
        0.6011621238631425,
        0.6709219746871158,
        0.34658818643648387,
        0.47744561983493766,
        0.5008973527785934,
        0.33453349279109074,
        0.11896025894995202,
        0.27779889094596594,
        0.8756233869604705,
        0.11896917659772022,
        0.381756647249725,
        0.48572500515355405,
        0.15301961256033966,
        0.0721265000507531,
        0.2906349041616818,
        0.4750941166221161,
        0.8498382747114634,
        0.3895836419393479,
        0.6369514219398777,
        0.40129968849408987,
        0.3673335155388448,
        0.47723848582611045,
        0.8086321832790608,
        0.23805554204153317,
        0.33498975340068954,
        0.38730021325734004,
        0.9867945731126976,
        0.871515288389563,
        0.6204551339232783,
        0.8307922632452943,
        0.4265737085796598,
        0.15572799418384525,
        0.8540945159635089,
        0.5699555331971227,
        0.7840868560034366,
        0.9525456395549121,
        0.32487314564785746,
        0.2058254778346757,
        0.4398245765110239,
        0.7275431728774286,
        0.6635610745165599,
        0.3332405669540004,
        0.007372593333932964,
        0.38024513451108305,
        0.3978065461677685,
        0.7285680274336342,
        0.8663908629349234,
        0.8331967129373963,
        0.6697954578537413,
        0.6413065009413568,
        0.8752498355752808,
        0.7263064989378724,
        0.8214955263167781,
        0.08366966711369768,
        0.7122089015105824,
        0.5426407347099055,
        0.877768761921802,
        0.7383244595680576,
        0.6343046014185526,
        0.9261595717768838,
        0.2333222947956595,
        0.5522180870196229,
        0.9280373370039872,
        0.79399133681552,
        0.5198319005607035,
        0.344828664903861,
        0.23803440207361834,
        0.22736366161668572,
        0.47605821702242257,
        0.6456616673086233,
        0.8704152048758749,
        0.26350604212158474,
        0.34696186438635707,
        0.5339302431807017,
        0.446301691145119,
        0.23246896805013295,
        0.7791668065994014,
        0.6185951692425228
      ],
      [
        0.27650602483512804,
        0.5553308897433151,
        0.3405511788411307,
        0.3479395900839653,
        0.6925034529202907,
        0.21809833244567128,
        0.4988725825798099,
        0.43257733203499976,
        0.404839190749314,
        0.0,
        0.39632870867465897,
        0.5404798592834213,
        0.5383034159831435,
        0.26611530598545846,
        0.4232076917779516,
        0.4491309401853914,
        0.4943087186496088,
        0.33925993951070044,
        0.4559505855248588,
        0.5614808733095231,
        0.4707933752270738,
        0.4394416569724981,
        0.6604859683890392,
        0.09172304942087894,
        0.26883142842106844,
        0.46210996630409745,
        0.5722769938190891,
        0.6010365230082144,
        0.557307476979775,
        0.6718207353142038,
        0.6651922271978097,
        0.5261487906107405,
        0.464940720977599,
        0.3845616264125176,
        0.702158663597236,
        0.6269585704845054,
        0.08924888500526475,
        0.6416537953613043,
        0.8509960276879408,
        0.6212312298145,
        0.21638613286583352,
        0.4693772795064477,
        0.7047489528312193,
        0.2592884357195076,
        0.553844793518823,
        0.2447398786190526,
        0.7236315664376998,
        0.6958422539152709,
        0.7009329974412564,
        0.19918070925189052,
        0.4717708292954426,
        0.3288052442784792,
        0.3186408231023632,
        0.3402771636739542,
        0.4119190898689692,
        0.7626815699879939,
        0.5863210301950053,
        0.3502976050117176,
        0.4920848459612516,
        0.5344827018484836,
        0.33223890327202943,
        0.29573070477802516,
        0.5593662070441134,
        0.7621363731536548,
        0.6905846433740547,
        0.38620400388216175,
        0.4355775266359994,
        0.4525373371683926,
        0.472929571172488,
        0.3624194387858398,
        0.25505266483800654,
        0.5213203810275697,
        0.269644450647409,
        0.2676340478328603,
        0.5231981462546732,
        0.389152146066206,
        0.1149927098113895,
        0.6235579860431751,
        0.18779873202819422,
        0.17876468523814892,
        0.4958061612969768,
        0.719615988270734,
        0.7358597122802971,
        0.6504796500445498,
        0.6126269273269711,
        0.4951268015483691,
        0.12108603656704893,
        0.19608211981709142,
        0.5288827480243383,
        0.5791691066243612
      ],
      [
        0.1448650403232108,
        0.5681520389822208,
        0.2858533284201018,
        0.7134753403669726,
        0.3136276556588846,
        0.17823037622898766,
        0.7903228062515878,
        0.49050335484695995,
        0.4199230216915396,
        0.39632870867465897,
        0.0,
        0.7284608575058816,
        0.807838839012992,
        0.5913804758325348,
        0.5739050833195894,
        0.7312204616505737,
        0.11381179890283785,
        0.11343780422865757,
        0.3239907966308781,
        0.16515216463486418,
        0.7960951923656459,
        0.4209919804988075,
        0.2641572597143802,
        0.4880517580955379,
        0.3281694324999052,
        0.4572035121018411,
        0.17594828514443014,
        0.20479209815951255,
        0.5915145940972613,
        0.27602285801504733,
        0.2977250876459941,
        0.13376189936972044,
        0.6111056937501453,
        0.23492366631503325,
        0.46940584898517723,
        0.4615870576843287,
        0.37287581668604086,
        0.28624140615777965,
        0.6376339412743267,
        0.547260858332753,
        0.5911787248710219,
        0.6256172347499643,
        0.30842024415656033,
        0.3155741320534684,
        0.6078030170939139,
        0.6080094775766636,
        0.44486052170955304,
        0.6474227063336975,
        0.43079747718673217,
        0.2729150946479929,
        0.14137557900667483,
        0.6949579379031385,
        0.7016150188961009,
        0.49979314475708514,
        0.4253577236636134,
        0.48614569547023817,
        0.20245293498689054,
        0.7466178172189485,
        0.6690260692452074,
        0.5874930300202786,
        0.7078494022332822,
        0.6793604453208977,
        0.6384424828201373,
        0.3879612454830353,
        0.4822691920228945,
        0.36924529248715543,
        0.4581734185587984,
        0.26039606833143936,
        0.6961846825732214,
        0.5432605471734899,
        0.6512231954271372,
        0.773522375133769,
        0.4216209488945885,
        0.34814221701411413,
        0.7632869846336833,
        0.7799621076795035,
        0.5073751632153112,
        0.2272292773685162,
        0.3477046305872564,
        0.2994478263695536,
        0.182402479530927,
        0.33250159973343524,
        0.5762506113025989,
        0.46308116520072606,
        0.21629821865231208,
        0.23976564960742575,
        0.48435563552465993,
        0.35036823505239306,
        0.5857191790081507,
        0.8341231058146649
      ],
      [
        0.6262368637342695,
        1.0740264831088349,
        0.7625771497230993,
        0.19254026919945602,
        1.040318253837475,
        0.5694287044933046,
        0.8340551516179325,
        0.940617060566272,
        0.5175177615875199,
        0.5404798592834213,
        0.7284608575058816,
        0.0,
        0.08641602648895017,
        0.6118341020259072,
        0.17100683965123284,
        0.1263349351060036,
        0.8396371899117554,
        0.690007675693731,
        0.6343377254390581,
        0.793176357435072,
        0.7639927334287879,
        0.4317780983579603,
        0.8271291339358502,
        0.5917075780916332,
        0.40814755232814187,
        0.5095593676542167,
        0.8060123706507878,
        0.9259213010631963,
        1.058245927591044,
        0.8546451592883972,
        1.0156264726835809,
        0.8611323509046498,
        0.16138390131340935,
        0.8282820775779824,
        1.1102540611499196,
        0.7281565068137645,
        0.48990977995768514,
        0.8244959739474962,
        1.3273716736625065,
        1.1350806199677033,
        0.5924522117068524,
        0.9046755660930121,
        0.8969346068207666,
        0.4183183173433688,
        1.0474206642038613,
        0.30499060433126673,
        1.0854476426934838,
        1.2177195339271987,
        0.8271308470518567,
        0.46609528425911595,
        0.8230964715250897,
        0.5884876892957155,
        0.3980649601405174,
        0.290885879780248,
        0.5228867042172367,
        0.8716537893422771,
        0.9131840126568745,
        0.5217791603491042,
        0.9159127678959404,
        1.0307546792554712,
        0.368396435805779,
        0.3946850203604545,
        1.0387650684137035,
        1.1116597742236267,
        1.122993271100761,
        0.43581136679061305,
        0.9541460031342055,
        0.8943859636474429,
        0.8685783018851143,
        0.8854754976708317,
        0.4740059864013154,
        0.8171802619298008,
        0.30949678017385224,
        0.7971889294319316,
        0.8312291831239524,
        0.9122082049511979,
        0.6380487686963814,
        0.8602061313929671,
        0.40596942035770284,
        0.45014131184486955,
        0.8458194183952272,
        1.0609624572393168,
        1.2324632970733602,
        0.7528371227919082,
        0.8623393308754631,
        0.8959783353781869,
        0.42165997404176864,
        0.3985548265612813,
        1.0427321381775416,
        0.10572896708291052
      ],
      [
        0.7029579736788206,
        1.0626269250745979,
        0.7604007064228214,
        0.1903638258991781,
        1.1062893750146272,
        0.6461498144378559,
        0.8303244591013464,
        0.9316538934640839,
        0.6011621238631425,
        0.5383034159831435,
        0.807838839012992,
        0.08641602648895017,
        0.0,
        0.6208034052635552,
        0.255638489514385,
        0.16939674450171335,
        0.9051390489922303,
        0.7667287856382823,
        0.7170406437595618,
        0.8758792757555757,
        0.7544810905655697,
        0.5178382389386619,
        0.9128781224132152,
        0.5782895621706277,
        0.4854906301484976,
        0.5953083561315816,
        0.8887152889712915,
        1.002902148346843,
        1.051387549693042,
        0.9406462589627268,
        1.089241698879672,
        0.937853460849201,
        0.24775800451251864,
        0.8372317892977367,
        1.186975171094471,
        0.8142370635425346,
        0.5396926408007114,
        0.9104820693381686,
        1.367990767561999,
        1.1382259696885582,
        0.6086325964595567,
        0.9208559508457166,
        0.9775079449384947,
        0.49470464041945506,
        1.0417749317925298,
        0.3028141610309888,
        1.162168752638035,
        1.2117439994677883,
        0.9129497249002307,
        0.5428163942036672,
        0.8998175814696409,
        0.583226791192303,
        0.3836570914795673,
        0.3755175296434001,
        0.6067195200772786,
        0.9578901690624108,
        0.9958869309773782,
        0.5067547511964271,
        0.9065259461070665,
        1.0246081937705351,
        0.35082119281424295,
        0.3852981985715806,
        1.0521402694983613,
        1.179720740433155,
        1.1997143810453124,
        0.5202211358585735,
        0.9422942394812909,
        0.9409818682891915,
        0.8535538927324372,
        0.8765907673661792,
        0.47417501032054843,
        0.815091487000863,
        0.38621789011840346,
        0.7846765520822772,
        0.8303222738856042,
        0.9033234746465455,
        0.629164038391729,
        0.9429090497134708,
        0.48269053030225406,
        0.5268624217894208,
        0.9225405283397784,
        1.1304466171661687,
        1.252902216529714,
        0.8389804961133792,
        0.9450422491959668,
        0.9726994453227382,
        0.4194835307414907,
        0.47527593650583244,
        1.0458774878983965,
        0.05974912113356612
      ],
      [
        0.5426213308205865,
        0.5432131990250783,
        0.3915084854004073,
        0.4305592351915577,
        0.7599140209345844,
        0.48421363843112974,
        0.29516911988839106,
        0.4050188527423988,
        0.6709219746871158,
        0.26611530598545846,
        0.5913804758325348,
        0.6118341020259072,
        0.6208034052635552,
        0.0,
        0.6462893699194305,
        0.4889739915884462,
        0.6322576726690069,
        0.5470192018024113,
        0.7159154327485469,
        0.756532640467399,
        0.20471471653311105,
        0.7003620321548403,
        0.7808241947988321,
        0.19212445848073703,
        0.5324624165764361,
        0.7276675093760743,
        0.767328760976965,
        0.7728158856729915,
        0.5305147761589266,
        0.8547435943235305,
        0.7133314720667043,
        0.7251423752022552,
        0.6725589154107929,
        0.40431420876739155,
        0.7355737627815283,
        0.8896945786047401,
        0.3442664278958098,
        0.845925070450538,
        0.883401543863524,
        0.6546463289987922,
        0.05369336483016639,
        0.36591671921632624,
        0.8918435430749551,
        0.5239074100381405,
        0.5283781803084724,
        0.36514594226735236,
        0.7570466656219921,
        0.7101140813867948,
        0.9669097617700604,
        0.4651574735806946,
        0.5501661557698214,
        0.10357746207060368,
        0.26242555389847966,
        0.6001844840645613,
        0.6779832120662906,
        1.0286583343167979,
        0.7938334108194254,
        0.18692184190973435,
        0.4373023979055363,
        0.5121589107347365,
        0.29565250045660435,
        0.2499315473479054,
        0.5000062215370176,
        0.8085516547465346,
        0.723999742558347,
        0.6495806856581584,
        0.4302975431722588,
        0.5016177016258123,
        0.36020387935808806,
        0.46933720308628357,
        0.15296055374087572,
        0.2932571224830596,
        0.5246794276796427,
        0.3185913543921369,
        0.31153020607532644,
        0.3824177514424226,
        0.22191047411183326,
        0.8096929841986051,
        0.4477060524188013,
        0.4446197070599209,
        0.5296936947481485,
        0.806042733606732,
        0.7672401771113118,
        0.9125835863214411,
        0.8076786944848469,
        0.5421298444300235,
        0.2705364666790655,
        0.45549895442828586,
        0.5623939567535321,
        0.6798571917646047
      ],
      [
        0.4695149772164698,
        0.9507400756088884,
        0.6508233915092467,
        0.2578454872118284,
        0.8841844872008412,
        0.4132150809604462,
        0.8734417068460535,
        0.8402996912400869,
        0.34658818643648387,
        0.4232076917779516,
        0.5739050833195894,
        0.17100683965123284,
        0.255638489514385,
        0.6462893699194305,
        0.0,
        0.15731537833098433,
        0.683339275673699,
        0.5333644824298294,
        0.4638071122485634,
        0.6226457442445773,
        0.8074169204469437,
        0.263935705003972,
        0.6578213765287548,
        0.5148710216143828,
        0.2466889705246016,
        0.34025161024712125,
        0.6354817574602931,
        0.7667849894423303,
        0.9646138387648048,
        0.6855895130782664,
        0.8596864623345966,
        0.704783978428978,
        0.048663848004158065,
        0.6760694754648491,
        0.9539056886742481,
        0.5598683469226352,
        0.3339762409143755,
        0.6554253234537082,
        1.1710233011868347,
        0.9740503556598786,
        0.6319165076684519,
        0.8916760221146078,
        0.7276268494136713,
        0.25858652935811155,
        0.9681723651968717,
        0.37029582234363906,
        0.929099270217812,
        1.0566892696193741,
        0.6578291392790989,
        0.3097469117834442,
        0.666780735574994,
        0.6306919647282844,
        0.4515473923209837,
        0.11987904012901515,
        0.3519080199431842,
        0.7041494758852764,
        0.7426533994663799,
        0.5727116262458378,
        0.90879932673938,
        0.9473705962883203,
        0.4171260455240347,
        0.44449836631045836,
        0.9768775339198559,
        0.9556981371193414,
        0.9666448986250895,
        0.2648295830287107,
        0.8328589560870121,
        0.7376640771296433,
        0.8896440519506164,
        0.7791339195639682,
        0.5143198291714138,
        0.8557389697061295,
        0.1535632411305426,
        0.6617165171869892,
        0.8691025581632497,
        0.8058666268443344,
        0.5317071905895179,
        0.6896755182024724,
        0.24352788948906548,
        0.2913824678633037,
        0.6885698126215388,
        0.9063422135105,
        1.0742461093915683,
        0.5848515193204558,
        0.6918087176849684,
        0.737761147696395,
        0.45169679389068396,
        0.23752456225345664,
        0.881701873869717,
        0.27272406641338165
      ],
      [
        0.6268303555474541,
        0.9826775640108049,
        0.6712282306250694,
        0.10119135010142609,
        0.9368926305129138,
        0.5705304592914305,
        0.7161263285150692,
        0.8492681414682421,
        0.47744561983493766,
        0.4491309401853914,
        0.7312204616505737,
        0.1263349351060036,
        0.16939674450171335,
        0.4889739915884462,
        0.15731537833098433,
        0.0,
        0.7357423044905169,
        0.6906798607608137,
        0.5964025280451763,
        0.7552411600411904,
        0.6501015421159594,
        0.40705589439625794,
        0.7951544418575426,
        0.5003586589936033,
        0.4040043488555859,
        0.47758467557590906,
        0.7680771732569062,
        0.8767299492497707,
        0.9668970084930141,
        0.8229225784070542,
        0.9198449543779585,
        0.8557730110596095,
        0.1835849238223468,
        0.7480593134999847,
        1.0915257157171416,
        0.6966806867781355,
        0.4505201650029595,
        0.792758388782496,
        1.2633786666565388,
        1.058434276526248,
        0.5181138232080494,
        0.8303371775942092,
        0.864959914742459,
        0.41590190768909585,
        0.9560717451058314,
        0.2136416852332368,
        1.0669803884415174,
