{
  "sol": {
    "z": 2.4612837313235194,
    "tours": [
      [
        0,
        24,
        25,
        27,
        7,
        19,
        21,
        18,
        5,
        15,
        10,
        20
      ],
      [
        1,
        23,
        33,
        36,
        9,
        26,
        34,
        16,
        28,
        11
      ],
      [
        32,
        3,
        22,
        6,
        8,
        35,
        2,
        31
      ],
      [
        30,
        29,
        17,
        14,
        38,
        12,
        13,
        37,
        4,
        39
      ]
    ]
  },
  "params": {
    "gm": [
      [
        0.0,
        0.8389965977060186,
        0.7741756305094162,
        0.4862395811994069,
        0.8683070288710228,
        0.6146098194164978,
        0.5513921549082613,
        0.4278143335294655,
        0.5216895210421825,
        1.0239732922496554,
        0.12028773265082732,
        1.1987446971680176,
        0.6861229246759929,
        0.6689055069362347,
        0.8915222452468687,
        0.09734727711344182,
        1.1690781359398286,
        0.7038849038174765,
        0.23388152240875382,
        0.341385995097714,
        0.19549741615182875,
        0.28700761712123896,
        0.4029378472796757,
        0.8021392133564926,
        0.10969237007947,
        0.29115649102101393,
        1.0703257767686822,
        0.4063772032642278,
        1.1787075056193743,
        0.7281781258382152,
        0.6082076811505812,
        0.7234949074977086,
        0.524659589869948,
        0.8370911530068073,
        1.1220870139252705,
        0.6371756289288607,
        0.98658999896139,
        0.7856905419753779,
        0.7495784037726888,
        0.6253081182583,
        0.3766321734108444,
        0.8405422687511106,
        0.44570586479748925,
        0.9987933582184645,
        0.8364716746180852,
        0.7242258174653969,
        0.3886451914841119,
        0.574715224102987,
        0.6836346020887378,
        0.4579446872187121,
        0.7899641228121226,
        0.9282708049046945,
        0.7560618679267703,
        0.5389362807074327,
        0.8455584980252545,
        0.3562360098069078,
        1.0474265345747913,
        0.05912383343577542,
        0.29956425501419737,
        0.7170759815739323,
        0.5830200361315451,
        0.5339842963157216,
        0.07161685918593677,
        0.6074415525260307,
        1.0638637099400343,
        0.05877623016657284,
        0.5437106970620285,
        0.5555459980435755,
        0.09003003661946501,
        0.3667346075249248,
        1.056800317122045,
        0.503536392304839,
        0.9719897968146495,
        0.8346681231296338,
        0.5213586325840628,
        0.5908696959186526,
        0.821028485419784,
        0.18481256158289178,
        0.698324498973603,
        0.6009410931038804,
        0.3262803200425394,
        0.6631236007089027,
        0.48637898740875607,
        1.043041619672575,
        0.3823260542959119,
        0.8112069259086787,
        0.7295525083481782,
        0.7817674220773281,
        0.6332901367044343,
        0.11074874767398203,
        0.4977799132222571,
        0.13880378354576134,
        0.0962582996681666,
        0.562839967323666,
        0.703118237873346,
        0.7070727741152589,
        0.34584325360017726,
        0.3169116475669151,
        0.7582949385622944,
        0.8913386287485564
      ],
      [
        0.8389965977060186,
        0.0,
        0.22726294977894732,
        0.3961862839365142,
        0.48601328991928866,
        0.762434563401811,
        0.3095853587250074,
        0.7881745490998479,
        0.3560324977984386,
        0.2319428014596856,
        0.795268440541083,
        0.3857456119772265,
        0.943285803221456,
        0.95626725094176,
        0.7728290192344955,
        0.8246631255933404,
        0.370076925440986,
        0.6091268393796838,
        0.708987609062529,
        0.8724458419703447,
        0.6957902661050712,
        0.8754367442574724,
        0.5018918397204905,
        0.12826046673925828,
        0.7891163092289523,
        0.6076521882874083,
        0.36992930380518885,
        0.7401635473181956,
        0.3775401142734127,
        0.48541354037576523,
        0.4509346659353225,
        0.3881141057949471,
        0.3402785809521719,
        0.1286836239407045,
        0.41086773857678766,
        0.24250739660408613,
        0.18688250061469167,
        0.4746623528104328,
        0.8852703559404596,
        0.30929147048348554,
        0.5518851634673142,
        0.5026839084613002,
        0.5544137410600657,
        0.4636813957447773,
        0.2895589938876164,
        0.33594471198698206,
        0.5560604165273886,
        0.7112022039571635,
        0.17746517868475675,
        0.4456136128043331,
        0.3653750562484735,
        0.4575777258891675,
        0.2840749453366253,
        0.3284807548823085,
        0.2927464741602258,
        0.5701303752547009,
        0.4782071045062326,
        0.8981204311417941,
        0.8715871596993611,
        0.6888438088193483,
        0.49303625403312346,
        0.8057722035089294,
        0.8511692810725432,
        0.2829466775403562,
        0.3873696240849237,
        0.8977728278725915,
        0.5513960450858899,
        0.4667476233403765,
        0.8386559266577642,
        0.846922269212637,
        0.5308331218346516,
        0.6307135164783157,
        0.5692166955986218,
        0.7907554320603764,
        0.4293942115223993,
        0.28371643381047223,
        0.26242497074508003,
        0.8584840086546035,
        0.2196274059136664,
        0.30386227090173834,
        0.5586461667190337,
        0.9044721438104897,
        0.5786317611560678,
        0.4728494479331611,
        0.516631686830046,
        0.4881763639944956,
        0.18708219435194462,
        0.5912644337225252,
        0.8771989552649115,
        0.820337127829431,
        0.6317621527209283,
        0.7212295183793969,
        0.8583144166679461,
        0.540739428570723,
        0.1576034760106205,
        0.16313775062295335,
        0.6020151293310019,
        0.6328587731755028,
        0.8904157871809847,
        0.9866500747430652
      ],
      [
        0.7741756305094162,
        0.22726294977894732,
        0.0,
        0.4423575679857614,
        0.26476141942063125,
        0.5693751171533866,
        0.3318990170815847,
        0.5971081829669928,
        0.31131073404712517,
        0.4119006467582074,
        0.7732851151296886,
        0.5866941812050647,
        0.7172370356511275,
        0.7304692806834469,
        0.5455829857259067,
        0.7984154362782006,
        0.5574189767051326,
        0.38776015629069244,
        0.6358437844708935,
        0.7041155420901279,
        0.6832138846355144,
        0.743034159211714,
        0.5340929727290268,
        0.3201133880782083,
        0.7442102933382369,
        0.562746172396693,
        0.452863556569422,
        0.5387954008408824,
        0.5660543670602753,
        0.26129971400208457,
        0.25602333668913557,
        0.16583499042266045,
        0.36898311339658735,
        0.3407302121676483,
        0.4861629284846778,
        0.2069753574200221,
        0.37537396342183477,
        0.24739996391957986,
        0.6580079670496066,
        0.381563018227114,
        0.49029453057782835,
        0.2776489141742131,
        0.6093230468524327,
        0.324010589197952,
        0.06229604410866908,
        0.14552137999263448,
        0.5131024101728909,
        0.5181427577087391,
        0.2541098697249953,
        0.40089184905301967,
        0.13858202762983945,
        0.23621411924478006,
        0.09784079549093652,
        0.3664094560195679,
        0.07138286751583836,
        0.4976666536107991,
        0.36541278763005836,
        0.8332994639451916,
        0.7315779307099376,
        0.7568169606120698,
        0.46153896120498583,
        0.60962529479974,
        0.7937680693658973,
        0.22554546583371027,
        0.40034787625879753,
        0.832951860675989,
        0.5066742813345765,
        0.5210759242009368,
        0.8107365200387738,
        0.6614271561200694,
        0.3647615302734688,
        0.43765407022989133,
        0.34754812082121084,
        0.5647066644900478,
        0.4938874684187246,
        0.34990131023964144,
        0.04685285491036783,
        0.7750476791226677,
        0.1343498780944257,
        0.23652146079694156,
        0.5646810443185196,
        0.7114126975620653,
        0.3837204319098809,
        0.3628739437935844,
        0.4719099230787327,
        0.6822288661061366,
        0.11747986109798851,
        0.36455727308747615,
        0.684139509016487,
        0.7754311119387157,
        0.43911825638093477,
        0.6938705935222674,
        0.8306478151454197,
        0.6025809463618035,
        0.21889724333803245,
        0.18417600678259952,
        0.6293569967387828,
        0.6528751457793669,
        0.6643670196106561,
        0.7622813983155304
      ],
      [
        0.4862395811994069,
        0.3961862839365142,
        0.4423575679857614,
        0.0,
        0.6643592827802012,
        0.654533570452593,
        0.11058130365773676,
        0.5998569880696653,
        0.1841505238617938,
        0.5986388305243744,
        0.4165254042462805,
        0.7693576246743247,
        0.8170632769084003,
        0.7987594696076982,
        0.9041645357486969,
        0.4488390983223616,
        0.7447576995441686,
        0.7249138338422079,
        0.5017871339816713,
        0.624864213683155,
        0.3134625133455319,
        0.6303153738841207,
        0.10577160655187777,
        0.3582486923012166,
        0.5075316664620724,
        0.3449063125462983,
        0.7385846550982046,
        0.5339552214365737,
        0.7536795268305295,
        0.6088303852525232,
        0.5424274583219385,
        0.5149125133999801,
        0.07392847126643357,
        0.3863600344032928,
        0.7712767419955735,
        0.2365366549981644,
        0.5555378519077074,
        0.617516272187395,
        0.8463317562329902,
        0.1571384041115207,
        0.3297129890070382,
        0.6643451713204174,
        0.1669829172298569,
        0.7438576248382343,
        0.48913444653278215,
        0.4447710931810309,
        0.25389103733627993,
        0.6033012110079454,
        0.22281100096000983,
        0.24036554879767497,
        0.5348322326808819,
        0.6635904588068501,
        0.3951593343872024,
        0.07643150533043325,
        0.5015542281351341,
        0.2834090835211179,
        0.7923816738631397,
        0.5452792817123103,
        0.6276636675734001,
        0.33652306277245747,
        0.09684997009660924,
        0.679811770999977,
        0.5382328509312253,
        0.23498474489027787,
        0.7540656531496125,
        0.5450158113659798,
        0.34614798107923184,
        0.1059914242868208,
        0.46397460178774075,
        0.6097974459539001,
        0.7889866664844747,
        0.5228125235290977,
        0.7652349692114495,
        0.9131341598888418,
        0.07268706472792452,
        0.11247601787576214,
        0.4870959243132564,
        0.6294807582246984,
        0.3091092933291102,
        0.24454822351875832,
        0.1699021727050652,
        0.7940066356973949,
        0.4147303631011932,
        0.7880644950216282,
        0.2684808041670684,
        0.38048201312223734,
        0.32645417326984427,
        0.7201935754791888,
        0.7649761574890187,
        0.4794840833160471,
        0.5191336011241545,
        0.352470385542349,
        0.48259244780768623,
        0.1822870485221912,
        0.2529890147106269,
        0.27328981696584587,
        0.2058505217185959,
        0.23685042391979758,
        0.8881489012337578,
        1.0012370440963343
      ],
      [
        0.8683070288710228,
        0.48601328991928866,
        0.26476141942063125,
        0.6643592827802012,
        0.0,
        0.36446580725651834,
        0.5547256939244328,
        0.5461485757681709,
        0.5409571285840875,
        0.4202162792353188,
        0.9499844813070888,
        0.46881700816320826,
        0.496013920040672,
        0.5092461650729914,
        0.30708080697374357,
        0.9434167693244471,
        0.42229682196523377,
        0.22608325109841568,
        0.634425506462269,
        0.6725800677266639,
        0.8483352133910556,
        0.7166812018513865,
        0.7559786493735184,
        0.5848569922765018,
        0.7596044908926162,
        0.5781403699510722,
        0.31803876418034666,
        0.5108954753746813,
        0.4310810336098729,
        0.14076869671558867,
        0.2613990106762245,
        0.16429061342295911,
        0.5914102106430958,
        0.6048152515557093,
        0.35141347424769226,
        0.4286964207071651,
        0.4655645178292872,
        0.0826224192121051,
        0.45266577860445895,
        0.6235564356526451,
        0.49566071250263155,
        0.036230085872599176,
        0.8311510077349721,
        0.1884776849502271,
        0.2811049474549938,
        0.2566163074597564,
        0.6132998176815185,
        0.4169907784256472,
        0.506742581552733,
        0.5094297557438361,
        0.13237719477778678,
        0.10168488050227743,
        0.2691999483929987,
        0.5879277774497679,
        0.19453376582871934,
        0.5972121353777469,
        0.2251208118164826,
        0.9011735855009038,
        0.7035630625333738,
        0.9830640527059802,
        0.6911853557419481,
        0.5120761865879176,
        0.8221124818072307,
        0.4551918603706726,
        0.2648149720110726,
        0.8707758435883827,
        0.6152121880253929,
        0.7380492946233157,
        0.9433202907044034,
        0.6292966357666628,
        0.2092322088541691,
        0.3900184774111006,
        0.10945283644294355,
        0.34348354887959226,
        0.7208350711352673,
        0.5852184294037106,
        0.22409349656256744,
        0.7652095511702953,
        0.363996272631388,
        0.46616785533390387,
        0.7698415747786891,
        0.536940530962935,
        0.3835899992097066,
        0.2236794817635708,
        0.5385803526399163,
        0.9300144452846122,
        0.36526544027646407,
        0.15944543232931085,
        0.5186395868750899,
        0.7876345503886161,
        0.3945371314369732,
        0.8797918764584406,
        0.956192277621052,
        0.8288280384557138,
        0.47375590868801865,
        0.4367188951405984,
        0.8469747591845525,
        0.8557035138287804,
        0.4431439040002006,
        0.5442169719691423
      ],
      [
        0.6146098194164978,
        0.762434563401811,
        0.5693751171533866,
        0.654533570452593,
        0.36446580725651834,
        0.0,
        0.5779662701606278,
        0.20993533602180034,
        0.5038099182492334,
        0.7846820864918371,
        0.696576527472039,
        0.8332828154197266,
        0.2557536968551817,
        0.2527111796635207,
        0.4620275511686575,
        0.6900088154893973,
        0.7867626292217521,
        0.5111524504691313,
        0.38340612528222434,
        0.33929789242966013,
        0.6840713555534828,
        0.394099145659246,
        0.6705981222199903,
        0.8176476531367527,
        0.5061965370575664,
        0.385412147317162,
        0.6825045714368649,
        0.20883805410921658,
        0.7955468408663913,
        0.38328575680959887,
        0.3135827290514571,
        0.42807799421812265,
        0.6069198785797507,
        0.8492788929111421,
        0.7158792815042105,
        0.6214765056154524,
        0.8300303250858055,
        0.4415977732265659,
        0.27598908843040054,
        0.6836253483429618,
        0.3399560447992237,
        0.4006958931291175,
        0.76596455868323,
        0.5529434922067454,
        0.5602389440256456,
        0.426489851414829,
        0.46685538572303026,
        0.052524971169128847,
        0.6987917440569359,
        0.4142288032433389,
        0.4956601752203632,
        0.46615068775879576,
        0.4792074254744306,
        0.61456118011242,
        0.5511385972168892,
        0.43867382045113507,
        0.5895866190730009,
        0.6392960590825812,
        0.37896497836621024,
        0.9865326563334167,
        0.7513835405492022,
        0.14761037933139934,
        0.5585958779607721,
        0.589636766407215,
        0.629280779267591,
        0.6063895435224176,
        0.5119683745487866,
        0.7600416273162958,
        0.6899123368693536,
        0.29374588179426636,
        0.5736980161106875,
        0.13172104692349526,
        0.4739186436994619,
        0.4005415393843036,
        0.7269723103639032,
        0.6407025586663753,
        0.5710188636788864,
        0.4702000133767486,
        0.5621516512667497,
        0.5830614903109314,
        0.6400213232641939,
        0.17247472370641667,
        0.24300793755832462,
        0.5881452890200891,
        0.4057314616455066,
        1.0350155835748303,
        0.5827621301475011,
        0.4950453501379687,
        0.15417377961857154,
        0.5298573598001225,
        0.13675994084847964,
        0.622014685869947,
        0.7027843237860022,
        0.8322966420831505,
        0.6805960662914895,
        0.6447857642798434,
        0.7166702091220896,
        0.7175442227788165,
        0.3408055275843681,
        0.40071422315255145
      ],
      [
        0.5513921549082613,
        0.3095853587250074,
        0.3318990170815847,
        0.11058130365773676,
        0.5547256939244328,
        0.5779662701606278,
        0.0,
        0.5633302328914344,
        0.10557337927785601,
        0.49602559315358274,
        0.48574987032239203,
        0.668975012638066,
        0.7784345868645977,
        0.7605864051548437,
        0.7945607979635227,
        0.5154299321875969,
        0.6419774915806039,
        0.6153100960570337,
        0.4557836567390206,
        0.6104808649570693,
        0.38632643552274537,
        0.6077688715294793,
        0.20609141345308912,
        0.25074705844823136,
        0.5171053048257799,
        0.33564118388423597,
        0.6368046063176785,
        0.495326531392771,
        0.6511831669344943,
        0.4992266474673489,
        0.45021064752907175,
        0.4053087756148059,
        0.03721076626029752,
        0.29258310212149735,
        0.6607693602146767,
        0.1260292732172677,
        0.4542200343367409,
        0.5079125344022207,
        0.8103312150225663,
        0.10565907818233397,
        0.2937124477966144,
        0.5547414335352432,
        0.277453200491423,
        0.6337477714767621,
        0.37974383113948856,
        0.33419251121425597,
        0.26374171357557563,
        0.5520167639927926,
        0.1323927648944317,
        0.18902032019410137,
        0.4247223793194096,
        0.5536236164812588,
        0.2855555966020281,
        0.03659490995179213,
        0.3911095821419936,
        0.2854713644959499,
        0.6822718205016675,
        0.6088304621921786,
        0.6054666330329895,
        0.4336815272503505,
        0.207431273754346,
        0.63047305216411,
        0.5940943307649724,
        0.12862330476980496,
        0.6514524157788208,
        0.6084391965423518,
        0.29480275247565824,
        0.19051826313465345,
        0.529592736981268,
        0.58816038221837,
        0.6793829286993005,
        0.47152807651394496,
        0.6549539396512662,
        0.8035304221036675,
        0.1695000698654497,
        0.06273628850574745,
        0.3765230120880152,
        0.6052800563310952,
        0.1985307113623353,
        0.14240082308727517,
        0.2519112203388703,
        0.7436183562016585,
        0.3638514374823838,
        0.6779546416601558,
        0.246370105827717,
        0.4682941357835805,
        0.21656814184139073,
        0.6105898376940146,
        0.7150229516501603,
        0.5396020691361981,
        0.4679294967294014,
        0.4125883713625,
        0.5491629705076067,
        0.2794455130000842,
        0.15516710346787502,
        0.1684419519572776,
        0.30520910588544725,
        0.3327460941842498,
        0.8499758367809032,
        0.9652365028859105
      ],
      [
        0.4278143335294655,
        0.7881745490998479,
        0.5971081829669928,
        0.5998569880696653,
        0.5461485757681709,
        0.20993533602180034,
        0.5633302328914344,
        0.0,
        0.46095979143269794,
        0.9029229015057568,
        0.5161668990433235,
        0.9683723614778555,
        0.26131098012779186,
        0.24509370340540768,
        0.4677104417160417,
        0.509586858872096,
        0.940653090305996,
        0.5392659931320284,
        0.21664878964137727,
        0.13025014135482685,
        0.5414625796559963,
        0.18420391720448087,
        0.5887419918118876,
        0.7909587632425388,
        0.3257869086288508,
        0.26769923555750214,
        0.8432039119008139,
        0.06815936508557921,
        0.9303929788895426,
        0.4113992994724959,
        0.3433876532822804,
        0.46020634427705887,
        0.5683951965907654,
        0.8326409815969349,
        0.8721368218541039,
        0.578626378798917,
        0.8663962181693842,
        0.4700755641591328,
        0.3217952113104549,
        0.6678173279600291,
        0.2719506715478382,
        0.5216371493959175,
        0.6779815954031436,
        0.7206103692983222,
        0.6542183232023863,
        0.4522298371128658,
        0.3648297478786532,
        0.19031391077000173,
        0.6569494858179329,
        0.37431957141070166,
        0.527815756669926,
        0.6353133478554305,
        0.5053599510412553,
        0.5832311892098481,
        0.5825783893836843,
        0.33245572908395077,
        0.7645061133156624,
        0.44338095624022167,
        0.16903205783051786,
        0.9178127592854308,
        0.6967069581662745,
        0.10707875080217646,
        0.36460200799716036,
        0.5467866395906795,
        0.7969476563591678,
        0.40995272166042424,
        0.4439630012974011,
        0.7047776419109807,
        0.5092088973299734,
        0.08419209604629384,
        0.7553807846223399,
        0.16390299149748289,
        0.6490827153327481,
        0.4084760377273267,
        0.668662330501205,
        0.6260633116326748,
        0.6015444524203483,
        0.2659224071893686,
        0.5878916369647865,
        0.5402113634943959,
        0.5401110624035413,
        0.23848666621345316,
        0.24270956266294838,
        0.7618187192199627,
        0.3314396525530303,
        0.9799444323519868,
        0.6085021158455379,
        0.5231588928008658,
        0.20774153448587002,
        0.3570077272293296,
        0.161090082573943,
        0.4808481895485742,
        0.520982205686583,
        0.7635767450351646,
        0.6623273959674603,
        0.6549619919201297,
        0.6156616438072954,
        0.6155185849344394,
        0.33448313503146726,
        0.4654504732842598
      ],
      [
        0.5216895210421825,
        0.3560324977984386,
        0.31131073404712517,
        0.1841505238617938,
        0.5409571285840875,
        0.5038099182492334,
        0.10557337927785601,
        0.46095979143269794,
        0.0,
        0.502294268963231,
        0.46205109279566436,
        0.6770551913596986,
        0.6759149620153259,
        0.6580667803055719,
        0.7585319835771267,
        0.4875465422524548,
        0.6484325576985904,
        0.5964878392764493,
        0.3529551112640904,
        0.5164133441719061,
        0.372375575901201,
        0.5194042464590338,
        0.2465990882311933,
        0.32999897180984084,
        0.43308381143051367,
        0.2516196904889697,
        0.6430732821273268,
        0.39280690654349926,
        0.6574901708250707,
        0.48603165945641513,
        0.3921093275149222,
        0.39414534819767855,
        0.12268842629958955,
        0.3716811901642369,
        0.6524066743636281,
        0.11766658736621904,
        0.4653330894552506,
        0.49700589848819154,
        0.7124714328948276,
        0.21113588799275412,
        0.19585266566887558,
        0.5430320515614504,
        0.3357561637164543,
        0.6181654798924496,
        0.36362394250242314,
        0.31262265580462023,
        0.20179167612576573,
        0.4525775588045858,
        0.19598969438523495,
        0.08958111500589447,
        0.4091400877350971,
        0.5338114202732748,
        0.274649955850254,
        0.13367355125274227,
        0.36999502610981694,
        0.21412790062398246,
        0.663010088658553,
        0.5791278283260998,
        0.5155546619009225,
        0.5202981538355513,
        0.28100049395840304,
        0.5339878523375416,
        0.5100728373697062,
        0.08582684815798163,
        0.6577210915884691,
        0.5549549482414857,
        0.1953635472874513,
        0.2832348248898296,
        0.5000982804072707,
        0.49088977141419843,
        0.6623588313019635,
        0.3720888713257381,
        0.6379859808949759,
        0.7751959594406548,
        0.2550617775036767,
        0.16742439763506775,
        0.34356054576595285,
        0.5024515108561649,
        0.1769608559526995,
        0.07925157206169797,
        0.2627790302074312,
        0.6441791510134516,
        0.2644122322941769,
        0.6604712448220792,
        0.16059918903160747,
        0.5610106975387567,
        0.20787964728970032,
        0.5744761882211575,
        0.6155837464619535,
        0.4643046300309924,
        0.3684902915411945,
        0.38288573749642113,
        0.5200193358174505,
        0.366062139585285,
        0.20136760453476235,
        0.1940022004874318,
        0.3328845350191898,
        0.35278271243665793,
        0.7474562119316315,
        0.8673767207581717
      ],
      [
        1.0239732922496554,
        0.2319428014596856,
        0.4119006467582074,
        0.5986388305243744,
        0.4202162792353188,
        0.7846820864918371,
        0.49602559315358274,
        0.9029229015057568,
        0.502294268963231,
        0.0,
        0.9640612395005275,
        0.17486178957662857,
        0.8700399792023877,
        0.8738374246989237,
        0.709593127096319,
        0.9898407486113817,
        0.14613828873535942,
        0.6128907141535377,
        0.8552493802273214,
        1.0187076131351371,
        0.8715094468127226,
        1.0216985154222649,
        0.7010805712718107,
        0.36003291623602995,
        0.9353780803937447,
        0.7539139594522007,
        0.1407790131640958,
        0.8559400820905799,
        0.15519590186183965,
        0.5060614367219225,
        0.5667112007077069,
        0.5091869078282464,
        0.5318856527670589,
        0.3542641768132846,
        0.17951146776200114,
        0.3880045073377851,
        0.045348238593968464,
        0.44738517203528566,
        0.8579931751653124,
        0.5057265112044191,
        0.6981469346321066,
        0.456270884895552,
        0.7603102031603335,
        0.23173859428509166,
        0.45780800680855205,
        0.45069306439289103,
        0.7040859450889968,
        0.8259505563630725,
        0.37779044163554376,
        0.5918753839691255,
        0.4407639864424442,
        0.3195350642382636,
        0.40459819046772705,
        0.5239982012188393,
        0.4778551220060799,
        0.7164221695872135,
        0.24626430304654698,
        1.065754300438646,
        1.0178489308641536,
        0.883702388538717,
        0.6526233283865823,
        0.9210953872317736,
        0.9848524365474938,
        0.41662983301530676,
        0.1554268226252381,
        1.0339334673079428,
        0.6976578162506823,
        0.6726440854406444,
        1.00235087614566,
        0.9785713009786,
        0.29889032037496605,
        0.7454618688842247,
        0.4056644736547237,
        0.7542571147727323,
        0.6352906736226671,
        0.48961289591074003,
        0.4582337966096708,
        0.9732859971192032,
        0.3262775974562638,
        0.42844918015877964,
        0.7460268820803587,
        0.9571568101982538,
        0.6944082959284521,
        0.24090664647347548,
        0.6628934579948385,
        0.7160347200107176,
        0.2944207856602189,
        0.567356379097361,
        0.9388558661104086,
        0.9665988989942235,
        0.7465105051268373,
        0.8851695087038941,
        1.0222700786229264,
        0.7294663742884507,
        0.3457826712646797,
        0.32758861456667254,
        0.8009534285780787,
        0.828762100485403,
        0.7844479930728641,
        0.9513873060123295
      ],
      [
        0.12028773265082732,
        0.795268440541083,
        0.7732851151296886,
        0.4165254042462805,
        0.9499844813070888,
        0.696576527472039,
        0.48574987032239203,
        0.5161668990433235,
        0.46205109279566436,
        0.9640612395005275,
        0.0,
        1.1389037116478573,
        0.7709463502329046,
        0.7534427880922316,
        0.972564576409065,
        0.03415230095037316,
        1.1084816381306513,
        0.8241726364683037,
        0.35416925505958113,
        0.4452780216176394,
        0.1032370649978353,
        0.39565676496311025,
        0.3204781437697004,
        0.725018332010771,
        0.19037999041447265,
        0.3718441113560166,
        1.1048402526646233,
        0.48923326498728115,
        1.1181110078101972,
        0.8138380903747726,
        0.6888953014855839,
        0.8041825278327113,
        0.4569386852823397,
        0.7670539180052373,
        1.1113192181170928,
        0.5765791311196836,
        0.926155943694556,
        0.8684573672667348,
        0.8366698485414613,
        0.5568127903111634,
        0.457319793745847,
        0.9258710411185553,
        0.34484571136794717,
        1.0282204757684565,
        0.8256730332455542,
        0.7745970368871836,
        0.42344420071981625,
        0.6499111401290131,
        0.6181174786481287,
        0.44214252264505477,
        0.819195083611104,
        0.9617199936502807,
        0.736105454504444,
        0.4704409527602961,
        0.8319694071923803,
        0.43692363014191044,
        1.0767445247933618,
        0.16358310667879167,
        0.40662024597242136,
        0.6173144006028031,
        0.5121495497012463,
        0.6231881077682819,
        0.18799069806408528,
        0.5478759389011127,
        1.1045577628293022,
        0.17693460151041202,
        0.5474300534367549,
        0.4693618132270031,
        0.049791754621131425,
        0.46396656254745466,
        1.0884265493740273,
        0.569878919490447,
        1.049602340794384,
        0.9192054042856307,
        0.438279658710342,
        0.5210962549456214,
        0.8056116385616172,
        0.2967382374561426,
        0.6389352370352629,
        0.5413026648573623,
        0.24715213569189107,
        0.7528678776016304,
        0.5701111131515424,
        1.0724273459518503,
        0.46301367463091453,
        0.7101201017375627,
        0.6697179200155042,
        0.880175069078523,
        0.7216723861244555,
        0.1709906788652031,
        0.564088097816846,
        0.0808265760442092,
        0.06663448519035978,
        0.4630783863525368,
        0.6392086648729185,
        0.6448870779314354,
        0.24539746916627858,
        0.2130004860109355,
        0.8428322197182913,
        0.9798242314997949
      ],
      [
        1.1987446971680176,
        0.3857456119772265,
        0.5866941812050647,
        0.7693576246743247,
        0.46881700816320826,
        0.8332828154197266,
        0.668975012638066,
        0.9683723614778555,
        0.6770551913596986,
        0.17486178957662857,
        1.1389037116478573,
        0.0,
        0.9192685177723373,
        0.9230659632688732,
        0.7635283043077027,
        1.1645890191005208,
        0.04653778775724057,
        0.6858333128639347,
        1.0097679683948597,
        1.0803031391506634,
        1.0462883006926056,
        1.1183773306345326,
        0.8729467140279732,
        0.5083594304654805,
        1.1101390027902123,
        0.9286748818486683,
        0.15117591599036026,
        0.9182374042227994,
        0.03797938258831281,
        0.5699454695750021,
        0.6319589453451946,
        0.5081660172007967,
        0.7043394465248738,
        0.4930077586137732,
        0.1316335206628024,
        0.5628316751539842,
        0.21479751077321996,
        0.5243042637320413,
        0.9214783411864755,
        0.6711306082048065,
        0.8554968300845129,
        0.503597601321759,
        0.9294377704729575,
        0.2857787333487219,
        0.6190749344936267,
        0.6018964800406876,
        0.8788468674854644,
        0.8850116519742718,
        0.5469320555693646,
        0.7666363063655931,
        0.4948041255060744,
        0.36767250113841043,
        0.5793917249145843,
        0.6957393062654664,
        0.5325037528673522,
        0.8911830919836811,
        0.2678910832635087,
        1.240456080124631,
        1.1071286541169498,
        1.046514689640166,
        0.8273251080725674,
        0.9808931947511259,
        1.1595542162334789,
        0.5913316127012919,
        0.23140592004299299,
        1.208635246993928,
        0.8724187386471499,
        0.8417716527532683,
        1.1770373085770107,
        1.0405552657158843,
        0.31518865637598203,
        0.804522964495424,
        0.4548930122246732,
        0.8080252054463549,
        0.8044182409352911,
        0.658740463223364,
        0.5631748559948835,
        1.147741054564523,
        0.5007326549015836,
        0.6029042376040994,
        0.919849154319023,
        1.0057575391261433,
        0.7589924052971805,
        0.26567359866717044,
        0.8376543803913061,
        0.8463666361191977,
        0.4692143201070762,
        0.6271588568684363,
        0.9874565950382981,
        1.141359821390691,
        0.8072962842707603,
        1.0599409136222562,
        1.1969538900174024,
        0.9002349500484306,
        0.5165512470246595,
        0.500825919429536,
        0.9731502440716424,
        1.0015852912408918,
        0.8336765316428136,
        1.0054097073428332
      ],
      [
        0.6861229246759929,
        0.943285803221456,
        0.7172370356511275,
        0.8170632769084003,
        0.496013920040672,
        0.2557536968551817,
        0.7784345868645977,
        0.26131098012779186,
        0.6759149620153259,
        0.8700399792023877,
        0.7709463502329046,
        0.9192685177723373,
        0.0,
        0.0183968109057085,
        0.21119763083592308,
        0.7628491650719991,
        0.8744925193339944,
        0.34550436659905553,
        0.4617774475026775,
        0.3793517305482648,
        0.7962420308455775,
        0.4387306362255908,
        0.7875235870308982,
        1.0059139338251666,
        0.580566359818432,
        0.47736995232401724,
        0.7715665750821351,
        0.2831080554718266,
        0.8816228917205102,
        0.4586199346381048,
        0.5190269015670811,
        0.5560719272613285,
        0.7839823940052958,
        1.045646193456824,
        0.7901570262365702,
        0.7935815493815449,
        0.8749917497403412,
        0.47295481629902403,
        0.07873819849955467,
        0.8830661481950484,
        0.48802641887151976,
        0.4647454237476857,
        0.8766489213821318,
        0.6383013849172962,
        0.7455398468540195,
        0.627249720233038,
        0.5632243308835873,
        0.2931027140514223,
        0.8719046564005608,
        0.5894582035753388,
        0.5833383814381498,
        0.5867890312710452,
        0.6705051966627191,
        0.7987069325653552,
        0.6594999659678284,
        0.5339087025266216,
        0.6522510906221707,
        0.7043817982512879,
        0.4231005881238916,
        1.1188499667219887,
        0.9054985069768089,
        0.16418936399347422,
        0.6250382369919893,
        0.7617418101733076,
        0.7146386719781417,
        0.6709890558466588,
        0.6600387486210827,
        0.9155141635558932,
        0.7640064211925763,
        0.3377365309568047,
        0.613257919426093,
        0.3440856917679248,
        0.4643755055476641,
        0.15253037116107973,
        0.8782415949431719,
        0.8411707696694585,
        0.6897632128764397,
        0.5268861962182879,
        0.7628770801665967,
        0.7551665340770238,
        0.7380977649106011,
        0.10090259424528271,
        0.4505580828861382,
        0.653890455976036,
        0.5491756746769176,
        1.1932325380199442,
        0.7806062253490363,
        0.35325014238057706,
        0.10157991723661015,
        0.6117871784189107,
        0.3447791328943981,
        0.7356276407381553,
        0.7771325262399474,
        0.9646139524717223,
        0.8772825665500882,
        0.8454760683189693,
        0.8139120262214034,
        0.8139131679393735,
        0.08559198612952368,
        0.2330809997949138
      ],
      [
        0.6689055069362347,
        0.95626725094176,
        0.7304692806834469,
        0.7987594696076982,
        0.5092461650729914,
        0.2527111796635207,
        0.7605864051548437,
        0.24509370340540768,
        0.6580667803055719,
        0.8738374246989237,
        0.7534427880922316,
        0.9230659632688732,
        0.0183968109057085,
        0.0,
        0.22261673831063405,
        0.7468750761095899,
        0.8782899648305303,
        0.3587366116313748,
        0.4439193097043556,
        0.36487532866196326,
        0.7787384687049046,
        0.4239063977908602,
        0.7691676884187292,
        0.9880657521154127,
        0.563062797677759,
        0.45897842179526493,
        0.775364020578671,
        0.2652598737620726,
        0.8854203372170462,
        0.4718521796704241,
        0.5053325850064374,
        0.5693041722936478,
        0.7661342122955418,
        1.0297479704698087,
        0.7939544717331062,
        0.7757333676717909,
        0.8882239947726606,
        0.4861870613313434,
        0.09641440336071329,
        0.8652179664852944,
        0.47017823716176577,
        0.477977668780005,
        0.8582930227699628,
        0.6420988304138321,
        0.7587720918863389,
        0.6208973702717131,
        0.5448684322714182,
        0.2900601968597613,
        0.8540564746908068,
        0.5716100218655848,
        0.5965706264704691,
        0.5905864767675811,
        0.6740047661875899,
        0.7808587508556012,
        0.6727322110001478,
        0.5155274045830301,
        0.6560485361187066,
        0.6877513122656637,
        0.4082918252517388,
        1.1004940681098196,
        0.8918041904161652,
        0.1504950474328306,
        0.6082281644854292,
        0.7438936284635536,
        0.7184361174746776,
        0.6543833294099124,
        0.6421905669113287,
        0.8971582649437242,
        0.7467785974895462,
        0.322652927836385,
        0.6170553649226289,
        0.33039137520728123,
        0.4681729510442,
        0.16576261619339905,
        0.8598856963310029,
        0.8233225879597045,
        0.7029954579087591,
        0.5109227364345015,
        0.7565591701236338,
        0.7373183523672698,
        0.7197009540048925,
        0.10352093056883423,
        0.43686376632549456,
        0.657687901472572,
        0.5313274929671636,
        1.1748766394077754,
        0.7771696490043853,
        0.36648238741289635,
        0.09853740004494914,
        0.5942836162782378,
        0.3310848163337545,
        0.7181240785974824,
        0.7596467499055388,
        0.9462580538595533,
        0.8594343848403342,
        0.8391932831367275,
        0.7955726861283761,
        0.7955572693272045,
        0.08938943162605958,
        0.25108832259327796
      ],
