{
  "sol": {
    "z": 3.777639486721217,
    "tours": [
      [
        0,
        38,
        36,
        35,
        17,
        39,
        15,
        20,
        21,
        1,
        26
      ],
      [
        33,
        28,
        19,
        24,
        32,
        11,
        18,
        37,
        5,
        30,
        7,
        8,
        2,
        10,
        6,
        16,
        34,
        12,
        4,
        22
      ],
      [
        23,
        25,
        14,
        9,
        3,
        31,
        27,
        29,
        13
      ]
    ]
  },
  "params": {
    "gm": [
      [
        0.0,
        0.198474790033676,
        0.6865737049418412,
        0.08345461078320532,
        0.4472046694052655,
        0.5915742757133245,
        0.634665140044558,
        0.5913692652402586,
        0.6827085000671101,
        0.20955467814065085,
        0.6218586555910885,
        0.5449814039658566,
        0.5481009833563685,
        0.36308426196578225,
        0.2810470535219043,
        0.3005327297425232,
        0.7534790280765784,
        0.44963467020676584,
        0.5756123553301228,
        0.4211919304427231,
        0.10546706930870418,
        0.237054800615213,
        0.5598000096422402,
        0.36968628934652104,
        0.4828255465273161,
        0.31802915990118513,
        0.2793641261943742,
        0.13878519462517572,
        0.48722359186098885,
        0.29660217988599547,
        0.7199236537574214,
        0.1412049492203746,
        0.4546598859836208,
        0.3999027277205333,
        0.7674752166100166,
        0.37684390715950766,
        0.15709949440788365,
        0.5545342492743196,
        0.0672675189315556,
        0.521042357713286,
        0.6717022327864063,
        0.34270808545185477,
        0.48615553121221133,
        0.790110005155532,
        0.3020983377922392,
        0.2745881251186773,
        0.4841420627286316,
        0.5491238287142177,
        0.18529327818989644,
        0.43277351278850784,
        0.1448099903688935,
        0.4451345186645036,
        0.5863212852208398,
        0.3499997927477675,
        0.5619188932636779,
        0.28492443620067726,
        0.7337604510747101,
        0.4394272619527523,
        0.3660697283217562,
        0.4389370995584554,
        0.6580288696465432,
        0.4650818688798592,
        0.3733039466557811,
        0.38145012134637646,
        0.5228828203781322,
        0.3457368139917455,
        0.3649466478837716,
        0.8780875784773211,
        0.5997819446284817,
        0.5909700773226071,
        0.8367656251698756,
        0.17549721510510444,
        0.616497941606046,
        0.7195683994705313,
        0.2934413781667477,
        0.41663904825392606,
        0.28212984077514464,
        0.401557521937307,
        0.36501214430400714,
        0.48944797150767877,
        0.31126285016897526,
        0.2803962146726437,
        0.45100659809436977,
        0.3886870361724131,
        0.40436380044921205,
        0.6723862527875373,
        0.4760178751853499,
        0.7949822284635688,
        0.2624007538602591,
        0.49126705979790175,
        0.5677605964700163,
        0.5807913417338396,
        0.5234446065038798,
        0.4392659879747356,
        0.5286681790667629,
        0.4078464161424542,
        0.36916248150075925,
        0.29227041355702343,
        0.6440505497288598,
        0.572612279881266
      ],
      [
        0.198474790033676,
        0.0,
        0.8231051506139435,
        0.19867360753736116,
        0.24889029128890938,
        0.39309948567964853,
        0.4871801102073839,
        0.7278767680027174,
        0.7880765577333064,
        0.27578413368769933,
        0.4882665290254361,
        0.49957038368291773,
        0.35170952666295063,
        0.4329145200200793,
        0.36489282592304145,
        0.4986295618181318,
        0.5556961495983066,
        0.593784518436908,
        0.4535848700566564,
        0.2242460744515486,
        0.2749877744634482,
        0.40657550576995705,
        0.4442390356397631,
        0.4407389123597946,
        0.2843507564936401,
        0.38529369898641025,
        0.10142278154539075,
        0.32573361014463914,
        0.29014707488186986,
        0.48174733577240764,
        0.6875881183645897,
        0.3062301024691425,
        0.3774819405676775,
        0.21054013070064345,
        0.5699675942862321,
        0.5187337663386286,
        0.293840195652381,
        0.4325281468967318,
        0.2037137001615414,
        0.6574885389432719,
        0.47322744275273027,
        0.4809806508937361,
        0.29715843364032046,
        0.5921336031495065,
        0.48783878688655274,
        0.41467931933722774,
        0.2856672726949556,
        0.46976124878365655,
        0.3647309264571864,
        0.5766731243755432,
        0.12653710885944047,
        0.2466597286308276,
        0.5928971400076821,
        0.4080581608793855,
        0.38832776795698487,
        0.43522234453021175,
        0.5352856610410341,
        0.27112695744966103,
        0.5645146849502327,
        0.2550740319556852,
        0.45955407961286715,
        0.2671054668738337,
        0.5144358290282844,
        0.48015900770307784,
        0.32634339835830883,
        0.18454315925047815,
        0.43802278909884107,
        0.680526961629317,
        0.40130715459480565,
        0.3939895308843401,
        0.8657430532698356,
        0.3733356314167689,
        0.4194534621114339,
        0.7004903025366636,
        0.3620258070813178,
        0.21816425822025007,
        0.4198552330416593,
        0.21208912493218146,
        0.5014583255339929,
        0.5563879901158004,
        0.5006419253698403,
        0.4168423959026295,
        0.2609539919537624,
        0.5871618262060891,
        0.20665551746262517,
        0.4739114627538613,
        0.29756337062420485,
        0.5972739454769819,
        0.33723906999823594,
        0.32954055429148,
        0.3726782473628943,
        0.5338591535904268,
        0.6662822273046531,
        0.6369180234443003,
        0.6651143602967486,
        0.40185986895918535,
        0.20242888365345643,
        0.48992244902658816,
        0.4464899328808557,
        0.7710870699149419
      ],
      [
        0.6865737049418412,
        0.8231051506139435,
        0.0,
        0.7676701959790315,
        0.9577033823146149,
        0.5314809170827162,
        0.4910232581159705,
        0.11048976857676981,
        0.038941232923144976,
        0.8947705131108382,
        0.46554230441450883,
        0.32744740697353364,
        0.9091182529148587,
        1.0496488260822834,
        0.9580606189441668,
        0.8317841186362148,
        0.9632850851012174,
        0.3236444834615125,
        0.4406704559359981,
        0.7816185650961223,
        0.608632176830687,
        0.7402199081371958,
        1.1530521266654687,
        1.0496937985113495,
        0.5438914777327866,
        1.000753806904444,
        0.8621872947798788,
        0.7709871381813632,
        0.8853746541060113,
        0.889914486116345,
        0.20666720762806473,
        0.8057587476903963,
        0.45529800380329194,
        0.8922275480759985,
        0.9652058353491098,
        0.34968713576231697,
        0.5309047537853674,
        0.45726912324626956,
        0.6193914504524021,
        0.5942121463065069,
        0.6455628342566331,
        0.35269116381246846,
        0.9440690423026541,
        0.9112919595391076,
        0.8832707254084609,
        0.42494925831138375,
        0.65504542249047,
        0.37366863356689567,
        0.8154000144453674,
        0.3303788640655831,
        0.7927698721657576,
        0.6546159234017371,
        1.2662960315846234,
        0.5224290181916227,
        1.10360097490863,
        0.4636639522399061,
        0.6090106865457942,
        1.0257946313372286,
        0.7998345868274415,
        0.9373373162661693,
        0.6324318161617877,
        0.8568333910962682,
        0.34640124702348335,
        0.5130242398184963,
        1.0355527753084368,
        0.9361442181263953,
        1.0513416322009494,
        0.9496896000475419,
        0.6052543229206487,
        0.9685821975084128,
        0.18659438976430587,
        0.7613845141441375,
        0.9905890280409594,
        0.1645705623891892,
        0.9797646644541937,
        0.6088535324362012,
        0.408036063579064,
        0.9739981133543401,
        0.5431094556753548,
        1.1707359335652467,
        0.864461374729161,
        0.4983275644179262,
        0.9173487744364721,
        0.734751056078879,
        0.7882287015818785,
        0.5680586542620754,
        1.0063764616499102,
        0.761516321390859,
        0.9423755002240428,
        1.0686506049928381,
        0.9692224298612395,
        0.3312017113354259,
        0.27122253137914737,
        0.6964352024853434,
        0.5459937155552579,
        0.555580249538001,
        0.9408563118756426,
        0.8348863796640265,
        1.0206526310375494,
        0.8032167757002515
      ],
      [
        0.08345461078320532,
        0.19867360753736116,
        0.7676701959790315,
        0.0,
        0.41176263960526965,
        0.5917730932170097,
        0.685853717744745,
        0.6706178558194352,
        0.762636626031001,
        0.12712892759576763,
        0.6869401365627973,
        0.6247011056495503,
        0.5466672106449494,
        0.2828071827844758,
        0.1981552272718656,
        0.33403010823370566,
        0.7466155702070907,
        0.5323273502678151,
        0.6522584775940176,
        0.41955404863790013,
        0.18455930832138318,
        0.2776020717047169,
        0.47636750460939536,
        0.28625378431367615,
        0.48302436403100124,
        0.23480563147129727,
        0.2527714793371214,
        0.13733046890575012,
        0.4693067166727261,
        0.2862762077864419,
        0.7991722443365981,
        0.10829297547714137,
        0.5343795876673144,
        0.37313037086335815,
        0.7616422766861314,
        0.46013939134184906,
        0.23681919609157734,
        0.631201754434093,
        0.14904866079318016,
        0.5908069920315301,
        0.671399456707242,
        0.42588845847997236,
        0.4561178414357048,
        0.7736653736642988,
        0.2925949062798542,
        0.3580383128882055,
        0.4806294033094422,
        0.6288435303979114,
        0.16907383201297102,
        0.5155600302256136,
        0.09496313497172586,
        0.44076577650996673,
        0.5028751074092352,
        0.4297194944314612,
        0.519769447469219,
        0.3658977835043306,
        0.7321555872731613,
        0.3972778161582934,
        0.3936440750922719,
        0.4056982890849174,
        0.6539089698019922,
        0.45064324784397636,
        0.45670170140449823,
        0.46427765257022,
        0.4661357802467667,
        0.3035873681972866,
        0.2860036298997815,
        0.8594176876619055,
        0.5977825630381064,
        0.5711083679464427,
        0.9160142157490523,
        0.20116834419310686,
        0.5964933196875968,
        0.798816990049708,
        0.21236500037539716,
        0.4168378657576112,
        0.36504555172168474,
        0.36072644009244803,
        0.44679328616563174,
        0.4061732084664817,
        0.30759125126097303,
        0.3621773565342683,
        0.4231029192275113,
        0.42867320450663504,
        0.40076885770843046,
        0.6725850702912225,
        0.44942522832809717,
        0.7913872857227872,
        0.1789545760486545,
        0.44911761400344286,
        0.5440811936592002,
        0.6605110434175333,
        0.6064544203207988,
        0.4730443683474789,
        0.6104493209283874,
        0.4875661178261479,
        0.3282323156257319,
        0.32874574480435903,
        0.6253806589134442,
        0.6124193104602782
      ],
      [
        0.4472046694052655,
        0.24889029128890938,
        0.9577033823146149,
        0.41176263960526965,
        0.0,
        0.5880580447035926,
        0.6845712201218732,
        0.8472136137378451,
        0.9407092754153837,
        0.41868910706800233,
        0.6920440698694742,
        0.7024243915750926,
        0.4120865221683914,
        0.37129697870494294,
        0.36993865297344986,
        0.742122536756173,
        0.5680723784826993,
        0.8112975059139544,
        0.6623400391005039,
        0.31770528373048734,
        0.49741034635698606,
        0.6289980776634949,
        0.19534874435085373,
        0.2759121452652863,
        0.4886240114794607,
        0.3091795417692914,
        0.16784054321089134,
        0.5483659327796298,
        0.2940386537882556,
        0.663393003706162,
        0.8963432874084372,
        0.5108033861032513,
        0.5747162156160663,
        0.19789003875486524,
        0.5851462539351913,
        0.7316288886885373,
        0.5235492920688735,
        0.6412949694090442,
        0.43342279657803384,
        0.8854367589531408,
        0.6490610199491083,
        0.6789039283438566,
        0.24123839814087308,
        0.6097955975781612,
        0.6695025223340498,
        0.6443884157537203,
        0.44651908212711594,
        0.6780423836344461,
        0.5733778244623539,
        0.7942950624533496,
        0.31741317141590336,
        0.418427339751833,
        0.3440068487187728,
        0.6185651455170607,
        0.14589759259401505,
        0.6626965368762245,
        0.7098171505150277,
        0.06809124902261371,
        0.805355888724988,
        0.1930388395989771,
        0.6315705330438585,
        0.2928829254209297,
        0.7236970510321995,
        0.690665992340753,
        0.07784939299382201,
        0.10817527140798307,
        0.38859088401731356,
        0.6310686356653264,
        0.5754441262799727,
        0.3698392321079661,
        1.0685970611620104,
        0.6122784990963578,
        0.39141590369851964,
        0.9045835692363478,
        0.354329938808419,
        0.42867124285792524,
        0.617124660898574,
        0.05116261112329786,
        0.702630799851586,
        0.31089324809797353,
        0.6933880527398433,
        0.6464223324066906,
        0.22472366045384343,
        0.8316728902487811,
        0.2990076116423394,
        0.6532018105328755,
        0.04867307933529545,
        0.6896260396566961,
        0.3689476977278029,
        0.13004326238479177,
        0.33429177316404246,
        0.7379524202901111,
        0.8754686682741678,
        0.8785331410813458,
        0.8833419110290706,
        0.6123668535968605,
        0.11993130884532142,
        0.7315375666636337,
        0.42115663743319326,
        1.015211768578998
      ],
      [
        0.5915742757133245,
        0.39309948567964853,
        0.5314809170827162,
        0.5917730932170097,
        0.5880580447035926,
        0.0,
        0.09668243886770832,
        0.45605270784236296,
        0.49253968415957117,
        0.6688836193673479,
        0.10534052784750579,
        0.20403351010918255,
        0.41902581725550003,
        0.8172752509887964,
        0.75799231160269,
        0.8241975725684082,
        0.4573412407254284,
        0.5771780194874473,
        0.09349507101726684,
        0.29152612943676354,
        0.5635461563264664,
        0.6951338876329752,
        0.7798471841318367,
        0.8154844476423445,
        0.1484860752922771,
        0.7563123162938222,
        0.4261506645650285,
        0.6663388946504567,
        0.3970563059458652,
        0.8245977191481624,
        0.3274983193252001,
        0.6993295881487911,
        0.15886919131744812,
        0.41655146701816653,
        0.440044794856106,
        0.5171962259148047,
        0.45106581386994554,
        0.07797793775284065,
        0.5411923093607851,
        0.8129096437817027,
        0.1428162520429473,
        0.4536620225057046,
        0.45403975505232913,
        0.3914641507986136,
        0.8302925720074512,
        0.470645483409674,
        0.15115945952315452,
        0.1583722658905053,
        0.7155305320175838,
        0.5656184906860244,
        0.5196365945390891,
        0.17062518170135008,
        0.9314396422619365,
        0.25816551553006173,
        0.6882128822587036,
        0.5517175903743574,
        0.1625435721742286,
        0.5703363347185102,
        0.8907933723666797,
        0.4547826541820219,
        0.1256557192567356,
        0.36891294956412946,
        0.5063184513989563,
        0.29664267553294305,
        0.6601895790785324,
        0.48304625760976994,
        0.8234777880016158,
        0.4614136071631845,
        0.0780607095776446,
        0.4413885841654086,
        0.5470960811646727,
        0.7162942349420507,
        0.46692597873378633,
        0.3890001392772593,
        0.7463836948985381,
        0.17516012934007238,
        0.4380664286861512,
        0.5376856908995801,
        0.6519236071562214,
        0.8989512928015662,
        0.8414207611061348,
        0.5674592421681283,
        0.4296518910309992,
        0.9106706445994563,
        0.3042664182011922,
        0.09360790398508662,
        0.6221573557629579,
        0.2732403285065017,
        0.7303385556778844,
        0.5961241774867603,
        0.4782558574295269,
        0.22598607905767756,
        0.6080977060556986,
        0.8858209751887376,
        0.7850589525459071,
        0.28969171061510945,
        0.4805428132050338,
        0.8105353210143089,
        0.49591858870506567,
        0.9895007333693839
      ],
      [
        0.634665140044558,
        0.4871801102073839,
        0.4910232581159705,
        0.685853717744745,
        0.6845712201218732,
        0.09668243886770832,
        0.0,
        0.40133844147198183,
        0.4553851235466874,
        0.7629642438950832,
        0.02549051753799072,
        0.18934392545798864,
        0.5117739767071641,
        0.9112148888854115,
        0.8520729361304253,
        0.8714087648210066,
        0.47971842345690735,
        0.6004551962147127,
        0.0708959138493464,
        0.38427428888842763,
        0.6107573485790647,
        0.7423450798855736,
        0.8759243091247721,
        0.9041191404006096,
        0.2319754538596801,
        0.8449470090520873,
        0.5228094009075948,
        0.7498282732178597,
        0.4898044653975293,
        0.9048542469647862,
        0.2844113873643943,
        0.7685089893294561,
        0.20781395737309763,
        0.5105150673157911,
        0.4798934227523798,
        0.5494995109106909,
        0.4975137953542744,
        0.08013089077023842,
        0.5673976211130024,
        0.854082490488669,
        0.15640291010502463,
        0.49046101530358527,
        0.5467879145039932,
        0.4228715944764416,
        0.9096462086032326,
        0.5197111781555639,
        0.2437247400435534,
        0.14686483503907438,
        0.7990199105849867,
        0.5957407197783683,
        0.6137172190668243,
        0.2665676080776432,
        1.0280658102910876,
        0.31238763345374754,
        0.7826438830418571,
        0.6008219653615082,
        0.12332443983431446,
        0.6657194613089458,
        0.9380045646192781,
        0.5475253064631856,
        0.14523372132713913,
        0.4616611090157935,
        0.5387910446551121,
        0.330206553961324,
        0.756354127865107,
        0.5792184135283761,
        0.9174174258982308,
        0.45942750878547567,
        0.138600952533692,
        0.501928827121456,
        0.48408088737742394,
        0.7632853474543554,
        0.5274662216898337,
        0.34005388837144634,
        0.8403233327951531,
        0.2690997672366875,
        0.4862090668061407,
        0.6341073624835208,
        0.7038658789009402,
        0.9954644682198468,
        0.9130286106220702,
        0.6207389275597749,
        0.5224000504826632,
        0.9578818368520546,
        0.3979376976412952,
        0.07813556476846814,
        0.7188380645235041,
        0.27125423012879285,
        0.8244191802056198,
        0.6894774727729908,
        0.5387961003855744,
        0.19622224042547862,
        0.6433858451359138,
        0.9182935684448934,
        0.8219128900997328,
        0.3550146504796984,
        0.5761459963133468,
        0.8577465132669072,
        0.5564588316611131,
        1.0385694476313576
      ],
      [
        0.5913692652402586,
        0.7278767680027174,
        0.11048976857676981,
        0.6706178558194352,
        0.8472136137378451,
        0.45605270784236296,
        0.40133844147198183,
        0.0,
        0.09349566167753866,
        0.7972491747721788,
        0.38749706554641106,
        0.33064022094449247,
        0.8687830902011239,
        0.9533997737220704,
        0.8615259922106062,
        0.7818301415683483,
        0.8810568649288892,
        0.2864154763277665,
        0.3625576368250962,
        0.7412834023823873,
        0.5211787253264065,
        0.6527664566329153,
        1.042562358088699,
        0.9540212467543557,
        0.5460574811869012,
        0.9045579456009156,
        0.8223644041155131,
        0.6856547106414492,
        0.846367166879538,
        0.8080639597746091,
        0.12855438851716286,
        0.7167107110518649,
        0.45838735665394087,
        0.863181916041957,
        0.8812318642243616,
        0.2875725347517761,
        0.43437012705180683,
        0.3836357428808994,
        0.5241630678411761,
        0.5691224686332901,
        0.5577413515770064,
        0.2727954047862312,
        0.9037970279979529,
        0.8242100359484235,
        0.8014201990667249,
        0.34309873196964785,
        0.6028574510441758,
        0.3645401162349476,
        0.7318756519636582,
        0.2874828168493277,
        0.696235245432197,
        0.6156075959595088,
        1.1706234798276298,
        0.4752164004726159,
        0.9931112063318601,
        0.395259959985234,
        0.5246628813062963,
        0.9153048627604587,
        0.7623953534919784,
        0.9037752085166468,
        0.5465721627991209,
        0.8178259038697948,
        0.2814741310825733,
        0.4331284807922591,
        0.9250630067316671,
        0.8975877995653158,
        0.9560417246739615,
        0.8607659502574574,
        0.5271415038097469,
        0.8904693783975108,
        0.24539635992961709,
        0.6739310626398571,
        0.9160067729658885,
        0.12819913423027274,
        0.8829606806071131,
        0.5979782486615025,
        0.32096614738628315,
        0.8869281971615592,
        0.486188047464758,
        1.0751839182136118,
        0.7950340863930474,
        0.4289002760818126,
        0.879375542859766,
        0.692089029192975,
        0.7522749869844564,
        0.47947400624045,
        0.8958866930731405,
        0.6725926716007746,
        0.8467029484670491,
        0.9772568761226369,
        0.9273366516616292,
        0.29483028317650944,
        0.2581525906707967,
        0.654418397746411,
        0.5243481281978253,
        0.47568449051176376,
        0.9193233839422463,
        0.768167890014249,
        0.9449993829371679,
        0.7768572718774427
      ],
      [
        0.6827085000671101,
        0.7880765577333064,
        0.038941232923144976,
        0.762636626031001,
        0.9407092754153837,
        0.49253968415957117,
        0.4553851235466874,
        0.09349566167753866,
        0.0,
        0.8894722904878394,
        0.42994297681565813,
        0.28850617405038864,
        0.8701770199917138,
        1.0452862455012248,
        0.9531574871094559,
        0.848582691699727,
        0.9277491034082688,
        0.34215432384798533,
        0.4051344742430495,
        0.7426773321729774,
        0.6091879376754015,
        0.7407756689819103,
        1.1360580197662375,
        1.0427209049573927,
        0.5049502448096416,
        0.9942428166967201,
        0.8232460618567337,
        0.7728978318771094,
        0.8464334211828662,
        0.892733835957044,
        0.17113122593511615,
        0.8056938517719818,
        0.41635677088014694,
        0.8532863151528536,
        0.9296698536561612,
        0.3601475843371939,
        0.5260016219506565,
        0.41832789032312456,
        0.6154438569299712,
        0.6180310918875571,
        0.6100132900536585,
        0.3559747198187943,
        0.905127809379509,
        0.875755977846159,
        0.88609007524916,
        0.42776860815208284,
        0.6161041895673252,
        0.33472740064375067,
        0.8182924016700385,
        0.34720588293452687,
        0.7878667403310466,
        0.6156746904785921,
        1.2593231380306666,
        0.4834877852684777,
        1.0866068680093988,
        0.4724989838936182,
        0.5723492289821721,
        0.9904203315715063,
        0.8218559534413946,
        0.8983960833430242,
        0.5968958344688391,
        0.8178921581731231,
        0.35577564819462276,
        0.5163077958248222,
        1.0185586684092058,
        0.8972029852032501,
        1.047617159252245,
        0.9134520588977635,
        0.5697183412277002,
        0.9330462158154642,
        0.1667377382914837,
        0.761940274988852,
        0.9517459013788541,
        0.12572743572708384,
        0.9749980484971418,
        0.5699122995130563,
        0.4082253434248064,
        0.94481485600111,
        0.5566702784515685,
        1.1633292986878772,
        0.8730404708137629,
        0.5069066605025281,
        0.8784075415133272,
        0.7515496291423912,
        0.7492874686587335,
        0.5325135474202087,
        0.9893823547506791,
        0.7252787802410807,
        0.9354026066700859,
        1.029709372069693,
        0.9302811969380946,
        0.29235858467332054,
        0.2957966224939655,
        0.7155385348103667,
        0.5705704038121674,
        0.5405169889665167,
        0.9019150789524975,
        0.8516849527275386,
        0.981809504375444,
        0.8272113032279299
      ],
      [
        0.20955467814065085,
        0.27578413368769933,
        0.8947705131108382,
        0.12712892759576763,
        0.41868910706800233,
        0.6688836193673479,
        0.7629642438950832,
        0.7972491747721788,
        0.8894722904878394,
        0.0,
        0.7590474721319984,
        0.7517617781750332,
        0.609262992007464,
        0.15713038633237997,
        0.08910869223534212,
        0.3938815587213304,
        0.805749022318166,
        0.6540153528942224,
        0.7293690037443556,
        0.4836032284889653,
        0.30427977450995725,
        0.37328836154194245,
        0.3539237853611637,
        0.1649547786720953,
        0.5601348901813394,
        0.1095095652987109,
        0.3089480647887656,
        0.19518424749803803,
        0.5259414537661043,
        0.2913984652874402,
        0.8916760216778525,
        0.14322117619716473,
        0.6532660742553767,
        0.4282400471617187,
        0.8211232940103786,
        0.5839601391323209,
        0.3638798686170603,
        0.7083122805844311,
        0.2760171200336496,
        0.6548735196310815,
        0.7490115764404296,
        0.5521973697528617,
        0.5106973411768255,
        0.8298419591159429,
        0.29799093021787454,
        0.4834190200483341,
        0.5608086066592551,
        0.7455453824713558,
        0.19477955848566472,
        0.6375507121113733,
        0.14946500194822152,
        0.5210407392329324,
        0.3814497850383953,
        0.5567801669569441,
        0.4194870229066571,
        0.48486185456512737,
        0.8109479160448549,
        0.43954203153151505,
        0.44110889912722784,
        0.460200734385231,
        0.7341738553230076,
        0.5084871109784812,
        0.5810776485244501,
        0.5910047994870273,
        0.34083971407418034,
        0.35870290195614185,
        0.16223865541114174,
        0.8940589567456848,
        0.6767927385902704,
        0.6268909666071032,
        1.042645534701796,
        0.2693157025436464,
        0.652186028771816,
        0.9254483090024516,
        0.08624167339361846,
        0.49394839190794937,
        0.49168133774790956,
        0.4158419738513033,
        0.5737617454061011,
        0.28060385642810115,
        0.319588731926771,
        0.4891458157747377,
        0.4779109779899521,
        0.4907836662019888,
        0.4640670563559346,
        0.7496375416280806,
        0.41779396142784814,
        0.8546854843702913,
        0.061454936310536584,
        0.3966718305678979,
        0.5992188138154791,
        0.7875717159430162,
        0.7289324985907578,
        0.539378612880152,
        0.6859847674295836,
        0.6146267903516308,
        0.38321365662732276,
        0.39281227240391053,
        0.6812940769213205,
        0.6688971753308846
      ],
      [
        0.6218586555910885,
        0.4882665290254361,
        0.46554230441450883,
        0.6869401365627973,
        0.6920440698694742,
        0.10534052784750579,
        0.02549051753799072,
        0.38749706554641106,
        0.42994297681565813,
        0.7590474721319984,
        0.0,
        0.16536563773078103,
        0.5239636548315634,
        0.9132609944944059,
        0.8481561643673405,
        0.8586022803675373,
        0.5039024225985403,
        0.5824273089943824,
        0.05286802662901619,
        0.3964639670128268,
        0.5979508641255954,
        0.7295385954321043,
        0.8845262019306662,
        0.9007681119844363,
        0.22862442544350683,
        0.841595980635914,
        0.5285864860975926,
        0.7408459717840186,
        0.5019941435219285,
        0.8920477625113168,
        0.25894267702924817,
        0.7557025048759867,
        0.19458128357388257,
        0.5218646032259502,
        0.5043457036613128,
        0.5294297606405053,
        0.484707310900805,
        0.06732440631676903,
        0.554591136659533,
        0.8350312816589646,
        0.1812921719876613,
        0.47139622850129664,
        0.5589775926283924,
        0.4478012754194528,
        0.8968397241497632,
        0.5030443993790829,
        0.2559245695569301,
        0.12417405389858654,
        0.7898873581674392,
        0.5806842789349458,
        0.6148036378848766,
        0.2757402105707682,
        1.0348487342020216,
        0.2983900129709464,
        0.7935509671740393,
        0.5838934226334059,
        0.14784838276927678,
        0.6755131547586015,
        0.9251980801658086,
        0.559724344557489,
        0.16959285832571458,
        0.47385078714019274,
        0.5187823618840147,
        0.31151304712756406,
        0.7647950317475406,
        0.5877057936401539,
        0.9194635315072253,
        0.4848662437143861,
        0.1579160318360507,
        0.5212439064238147,
        0.46083113218419886,
        0.7504788630008861,
        0.5467813009921924,
        0.31504426134287467,
        0.8423694384041476,
        0.27114587284568187,
        0.46947597086433357,
        0.6419233651595911,
        0.687332448343511,
        1.0029373179674477,
        0.9002221261686009,
        0.6047178568515446,
        0.5345897286070624,
        0.9450753523985853,
        0.4095137226925419,
        0.10310186512176157,
        0.725086520983634,
        0.29669296505770326,
        0.820502408442535,
        0.7013725131330902,
        0.558111179687933,
        0.17101808293219123,
        0.6246923383021539,
        0.8982848856737959,
        0.8021059386900843,
        0.343561673050447,
        0.5856451534134195,
        0.8449400288134379,
        0.5757739109634717,
        1.0213767280482988
      ],
      [
        0.5449814039658566,
        0.49957038368291773,
        0.32744740697353364,
        0.6247011056495503,
        0.7024243915750926,
        0.20403351010918255,
        0.18934392545798864,
        0.33064022094449247,
        0.28850617405038864,
        0.7517617781750332,
        0.16536563773078103,
        0.0,
        0.5816708459413251,
        0.9051873765583911,
        0.8150377747167723,
        0.7610136682564356,
        0.641906022911102,
        0.5214523338424928,
        0.12426556023872273,
        0.4541711581225887,
        0.5003622520144938,
        0.6319499833210026,
        0.8976310010422226,
        0.8885877573001825,
        0.21644407075925295,
        0.8294156259516602,
        0.5347398878063451,
        0.6534393446665173,
        0.5579272471324777,
        0.7977261441352661,
        0.27456612429385785,
        0.676928718396211,
        0.1278505968297583,
        0.5647801411024649,
        0.6437680785599699,
        0.46159734018163995,
        0.38788190955797286,
        0.12982171627273595,
        0.4780084050488125,
        0.7504172313642798,
        0.33254152410400994,
        0.3974026069044737,
        0.6166216353291204,
        0.5933890019644519,
        0.8017403947660967,
        0.40746211821411826,
        0.32759801551693646,
        0.046221226593362016,
        0.7026015040408252,
        0.509397651914342,
        0.6261074925423582,
        0.3271685164282035,
        1.0464312402938654,
        0.19498161121808907,
        0.8242700334704702,
        0.4885661612176312,
        0.31265432935855303,
        0.7019141575211176,
        0.827609468054707,
        0.6098899092926356,
        0.3175596927712838,
        0.5293859841227345,
        0.4507465954759905,
        0.24022642010696038,
        0.779526065981077,
        0.6086968111528616,
        0.9095773100213198,
        0.6451261433220543,
        0.2815326934677802,
        0.6448605680555441,
        0.3661726695869178,
        0.653110330630078,
        0.6703979626239218,
        0.20244108671421976,
        0.8369795710772843,
        0.28140612546266763,
        0.3750000346072727,
        0.6563086819507215,
        0.5894715693025011,
        1.0008421817938729,
        0.8026898319401182,
        0.505332378537887,
        0.5899013674629385,
        0.8474867402874837,
        0.4607812946083449,
        0.25900337587854416,
        0.7313936367973208,
        0.45695286466537144,
        0.8002147309732152,
        0.7412031980193045,
        0.6417750228877059,
        0.035809937767983045,
        0.5534057112815502,
        0.8302491192657718,
        0.7242993218982093,
        0.25201081491612803,
        0.6134089049021089,
        0.7473514167023363,
        0.6940001858659893,
        0.9263493042126577
      ],
      [
        0.5481009833563685,
        0.35170952666295063,
        0.9091182529148587,
        0.5466672106449494,
        0.4120865221683914,
        0.41902581725550003,
        0.5117739767071641,
        0.8687830902011239,
        0.8701770199917138,
        0.609262992007464,
        0.5239636548315634,
        0.5816708459413251,
        0.0,
        0.7012396015325914,
        0.6969811742932153,
        0.8449285736243718,
        0.3026828484086494,
        0.8335726938863178,
        0.5062254533760278,
        0.1274996878187365,
        0.6266973011263988,
        0.7582850324329076,
        0.5744265343653947,
        0.6625439796925207,
        0.37521671593294004,
        0.6362220630890569,
        0.30606041136026313,
        0.6773278344098403,
        0.12312968969519456,
        0.8323578266455913,
        0.740228701683961,
        0.654955782191732,
        0.4672815715776786,
        0.21486902711460854,
        0.31995173258853915,
        0.7616880851255002,
        0.6455497223153317,
        0.48643731823262426,
        0.5554232268244921,
        1.0091980656062225,
        0.4801197368496154,
        0.6954259818988229,
        0.1931121829234525,
        0.3620892135593715,
        0.8385566189724396,
        0.6870693645564521,
        0.2680492366636107,
        0.5453327685591938,
        0.7150655682214222,
        0.8195178815742421,
        0.45979799005924255,
        0.25524690128077854,
        0.7400398685867173,
        0.49567344851279677,
        0.4610370012881855,
        0.7647402688043305,
        0.5466367120439732,
        0.36578674967449876,
        0.9132297198581499,
        0.22559033735133224,
        0.4626292499443656,
        0.11920944645084605,
        0.7514240658227418,
        0.5704952341283289,
        0.46448122742105635,
        0.3092267069654706,
        0.7179780473597664,
        0.384714693260593,
        0.4122636878089182,
        0.13001923621257339,
        0.9468354266407191,
        0.7235981378218638,
        0.14222940595520292,
        0.7803224474974944,
        0.6852430053815701,
        0.3107626068563471,
        0.6583522595005005,
        0.3639190919958087,
        0.8531678521969436,
        0.7224550195428919,
        0.8520249160281993,
        0.7685519225655801,
        0.19263147928245244,
        0.9367880195287817,
        0.14590058411258386,
        0.49002137206182106,
        0.45835888659517066,
        0.49896174281058264,
        0.6707179283180007,
        0.3629721138596387,
        0.1490052880035534,
        0.6136912985512577,
        0.8749341671482413,
        0.9842127115260254,
        1.0086440261121918,
        0.4944582175952824,
        0.2926812760215735,
        0.8372171371083132,
        0.15067766451213166,
        1.1207132632376344
      ],
      [
        0.36308426196578225,
        0.4329145200200793,
        1.0496488260822834,
        0.2828071827844758,
        0.37129697870494294,
        0.8172752509887964,
        0.9112148888854115,
        0.9533997737220704,
        1.0452862455012248,
        0.15713038633237997,
        0.9132609944944059,
        0.9051873765583911,
        0.7012396015325914,
        0.0,
        0.135931972151081,
        0.4817324119330379,
        0.8952495605838973,
        0.7974397904427392,
        0.8743744275984924,
        0.5915808283780322,
        0.4501613485338561,
        0.49563259354829536,
        0.2806345488690346,
        0.09656273817845394,
        0.6887433057991381,
        0.07577175060673086,
        0.4059334023355246,
        0.31137541639485683,
        0.6229267921163482,
        0.3389378212260037,
        1.010710399844853,
        0.2622555543641652,
        0.7818811090852702,
        0.521035748655963,
        0.9125305069645975,
        0.7309623999665097,
        0.5192938400901226,
        0.854045431245416,
        0.43026089131683837,
        0.7468748768894915,
        0.8966211984171555,
        0.7037287448976574,
        0.5733180324696743,
        0.926827296662702,
        0.34441586256588447,
        0.633480500211937,
        0.698733866737282,
        0.8781620691564187,
        0.2879558880235002,
        0.781517861733553,
        0.3065953882806015,
        0.6659875182198802,
        0.26196746607247634,
        0.7121941384300063,
        0.3657166470103611,
        0.6264563583732721,
        0.9559014873974154,
        0.3921499031684556,
        0.5123501633597605,
        0.5325617328209542,
        0.8791307115119057,
        0.6060143661455132,
        0.7289626399921127,
        0.7445343833121587,
        0.2934475857111209,
        0.4261422198495004,
        0.017390879455204556,
        0.8022044207701617,
        0.8214679169214107,
        0.6969480982274894,
        1.1987961336516875,
        0.37876145868560496,
        0.7157479436066642,
        1.030856450102167,
        0.07089155609025834,
        0.642115121648724,
        0.644181793915972,
        0.4173423795480848,
        0.7280055166892899,
        0.14813752105246916,
        0.3689098314021427,
        0.6433895870579265,
        0.5594732353443614,
        0.5736161263595242,
        0.5712625060228304,
        0.9006344480104795,
        0.3704018330647887,
        0.961880934037187,
        0.1277043772535037,
        0.4163393541872233,
        0.6601884862444096,
        0.9092622230630375,
        0.8730843047184245,
        0.629481030921021,
        0.7779861246879934,
        0.770040761824693,
        0.45097135066551,
        0.4848136296623204,
