{
  "sol": {
    "z": 3.392040366548902,
    "tours": [
      [
        0,
        30,
        35,
        22,
        10,
        37,
        11,
        7
      ],
      [
        13,
        38,
        31,
        34,
        24,
        5,
        15,
        33,
        28,
        1,
        36,
        17,
        8,
        2
      ],
      [
        27,
        9,
        19,
        32,
        12,
        29,
        6,
        23,
        20,
        14
      ],
      [
        25,
        18,
        4,
        3,
        21,
        39,
        26,
        16
      ]
    ]
  },
  "params": {
    "gm": [
      [
        0.0,
        0.7838338139440802,
        0.11196752536760206,
        0.4094364263266456,
        0.4194108011525439,
        0.594417872681564,
        0.7594815609505374,
        0.5073906427587964,
        0.06037233728642179,
        0.44426087308439755,
        0.2729735829992783,
        0.3321960126323797,
        0.5587640423336934,
        0.5959413897083254,
        0.1917602463061629,
        0.738861497099623,
        0.6177957535373886,
        0.7226556374028057,
        0.38714153437051846,
        0.5124534362567549,
        0.1699452506199873,
        0.46487303225004645,
        0.2612583017169695,
        0.7880593011593633,
        0.613222413673959,
        0.33342632846236375,
        0.5620555249230957,
        0.2722780552957986,
        0.7590086935192961,
        0.6564900746018623,
        0.19528618731827677,
        0.4970432946108922,
        0.4862797602444465,
        0.8615398975070636,
        0.5365672842678709,
        0.254464286422536,
        0.7515156240037926,
        0.28535367311150567,
        0.5886701699756108,
        0.5685497227004834,
        0.6038314803814547,
        0.7724680659665808,
        0.22886125466011262,
        0.5541442244084802,
        0.7427520459326824,
        0.9046438387668939,
        0.6422471373397585,
        0.6139610360201097,
        0.5237914628900877,
        0.5048910379332161,
        0.5596532825962227,
        0.19504526354667512,
        0.26409032209795913,
        0.745057398981618,
        0.18045714543187272,
        0.7965013691489993,
        0.2726080557449192,
        0.5863329578747801,
        0.44728390524258926,
        0.8267617014402808,
        0.504593083973729,
        0.9426062564500748,
        0.4212587863398598,
        0.4343573805860756,
        0.8258605392674678,
        0.20666688740878716,
        0.6579463421807603,
        0.2655784672199904,
        0.8915862681288028,
        0.22350346579016855,
        0.4622260132090613,
        0.7973459422862291,
        0.31622875969288955,
        0.3583711524208255,
        0.4897795884829217,
        0.3113055266800887,
        0.31171357792287974,
        0.7426496970184844,
        0.8011563271710037,
        0.7866538541310484,
        0.4748349280167298,
        0.7359528392508949,
        0.5150847861269188,
        0.8039991636943239,
        0.6919804242142173,
        0.8485196642156551,
        0.6617744018489731,
        0.801897341721397,
        0.5105408978426774,
        1.0255962973670623,
        0.5507268885153938,
        0.45845268032787934,
        0.6685069372076425,
        0.36587202750604075,
        0.12090315060859345,
        0.6805012866971638,
        0.5389177361819919,
        0.3503683423190968,
        0.8401538108394941,
        0.6638770934039373
      ],
      [
        0.7838338139440802,
        0.0,
        0.8958013393116823,
        0.9773014332770706,
        1.0001965651580484,
        0.7067112626770823,
        0.3912203486397042,
        0.27830305065315325,
        0.8157503138873797,
        0.8443758379933033,
        0.5705714505480355,
        0.4519555332027065,
        0.629881643170953,
        0.28077333329349563,
        0.92627731224546,
        0.20952922316354716,
        0.8874063942839924,
        0.07013666559311933,
        1.0158184295633164,
        0.7334767043467482,
        0.9476563557736507,
        1.0497329724788895,
        0.7194374965382788,
        0.39126291348104736,
        0.5855384573651666,
        1.013061963940847,
        0.9893493528831552,
        0.9799760305878522,
        0.3646710464881222,
        0.5303079565167337,
        0.6222394364609877,
        0.4849477399978427,
        0.6793148633879051,
        0.23792754991640644,
        0.5301892842964941,
        0.7972304322918119,
        0.05441239362402643,
        0.5246389133478765,
        0.3910553271012115,
        1.1035847525458249,
        0.834972326974263,
        0.3626043817632231,
        1.0023127497392363,
        0.9993462668082767,
        0.1467356765678307,
        0.5064859075737458,
        0.6358691373683816,
        0.9266066362309237,
        0.644807188434378,
        0.38984098981925147,
        0.48662422086582546,
        0.7301548553814723,
        0.6990851829244101,
        0.7413728666204664,
        0.892100004036432,
        0.2113606731385625,
        0.9629658041875846,
        0.47128290976081544,
        1.0340450723395809,
        0.29066532675542084,
        0.2799389925991265,
        0.5619664566816641,
        0.42233784363958454,
        0.5690305458819094,
        0.40677282725610014,
        0.6550979744701975,
        0.614700916638961,
        0.9000161564123612,
        0.4690631984928464,
        0.8079817509836722,
        0.4357424872790888,
        0.013512437474368257,
        0.8802745580263933,
        0.6603394273702867,
        0.8127549272176166,
        0.7077624202734529,
        0.8155357218104906,
        0.204027677824208,
        0.2166241285034944,
        0.04176868968206492,
        0.8264450711363613,
        0.22281638813057664,
        0.351134522536394,
        0.550392615197062,
        0.8946975260222999,
        0.5242344300879952,
        0.6220854337425727,
        0.6809617249216768,
        0.6611588027477013,
        0.5823843313763095,
        0.33803818967945815,
        0.3284907620532391,
        0.12609524866629615,
        0.4187370594164079,
        0.9026305025541669,
        0.5302520798137396,
        0.7636167795185462,
        0.434444642299177,
        0.5138759418049155,
        1.1404313325319442
      ],
      [
        0.11196752536760206,
        0.8958013393116823,
        0.0,
        0.43887143533826256,
        0.4433241543842716,
        0.6877624497597358,
        0.8040847230071465,
        0.6193581681263984,
        0.12092278308759681,
        0.3322933477167955,
        0.3848981687029795,
        0.44416353799998176,
        0.4634880083431262,
        0.7079089150759275,
        0.19067224316543388,
        0.850829022467225,
        0.6640206434205193,
        0.8346231627704077,
        0.407951857388709,
        0.4004859108891528,
        0.11159275277978795,
        0.5061882131390869,
        0.3623727213877156,
        0.8351212209991168,
        0.7174519425214505,
        0.34541482821678954,
        0.6115105793088959,
        0.19692631376317313,
        0.8686030041170694,
        0.6177997357604816,
        0.30723262407740765,
        0.6066376052086654,
        0.3743122348768445,
        0.9735074228746657,
        0.6434901844948356,
        0.3371004583796732,
        0.8634831493713946,
        0.39579260316938514,
        0.6991091000334904,
        0.5935727524167934,
        0.6925815404910378,
        0.8820623765643539,
        0.13943149820282794,
        0.6019131426106544,
        0.8547195713002844,
        1.0115667389938587,
        0.7491700375667232,
        0.6601859259032403,
        0.6221093328590472,
        0.6168585633008182,
        0.6103847533490155,
        0.293687160329632,
        0.3748523780422685,
        0.8424038160184268,
        0.20641629665156885,
        0.9084688945166013,
        0.2884315462464686,
        0.6983004832423821,
        0.49350879512571993,
        0.9387292268078828,
        0.6165606093413311,
        1.0505705542791994,
        0.5332263117074619,
        0.49550276707427154,
        0.9356774493995832,
        0.31648379754090245,
        0.5559494248696399,
        0.15361094185238836,
        0.9856985074292921,
        0.3015080744296609,
        0.5593373104848998,
        0.9093134676538311,
        0.20426123432528748,
        0.45603495733016175,
        0.5887281804428172,
        0.4102541186399842,
        0.3859656901414608,
        0.8546172223860865,
        0.9131238525386058,
        0.8986213794986504,
        0.3628674026491277,
        0.847920364618497,
        0.6270523114945208,
        0.9119634615234485,
        0.745015739254994,
        0.9564839620447797,
        0.7649747664552973,
        0.9040803925214456,
        0.3985733724750754,
        1.1331200324500879,
        0.6626944138829958,
        0.5704202056954814,
        0.7804744625752446,
        0.4778395528736428,
        0.07042876609775076,
        0.6342721003870062,
        0.6378663281418875,
        0.4623358676866989,
        0.9521213362070962,
        0.6917946394336096
      ],
      [
        0.4094364263266456,
        0.9773014332770706,
        0.43887143533826256,
        0.0,
        0.02289513188097781,
        0.4441876700905371,
        1.015366549140024,
        0.7638950726540145,
        0.3512867963978383,
        0.754553292124654,
        0.4681235547283975,
        0.5853288143444391,
        0.7690862354620311,
        0.7553416771157596,
        0.2500052073022146,
        0.8537228321531045,
        0.2554827161515335,
        0.9776908283037866,
        0.042110426337781275,
        0.8051192660737925,
        0.3484982430817524,
        0.07994895792435895,
        0.32241959916877816,
        1.0456749318981162,
        0.5772453732120537,
        0.10464407024143309,
        0.18926766896774044,
        0.6342224203295843,
        0.8297859943206322,
        0.8798122566840354,
        0.42454605187829014,
        0.5678205954122283,
        0.7356173739897065,
        0.9658335716969583,
        0.581134848632083,
        0.23530910917836004,
        0.994826001819033,
        0.512700625786167,
        0.664629808258571,
        0.159137231846357,
        0.28280862563938663,
        0.8262607049885797,
        0.5728919828998328,
        0.1772050271201834,
        0.9042405025617464,
        0.8799154394459208,
        0.6680367229489663,
        0.24961083479027152,
        0.47517736654678333,
        0.7667085614669904,
        0.7916785271936158,
        0.31093933870921525,
        0.4137165465263835,
        0.5820785231323201,
        0.23518533434645417,
        1.0480568275806088,
        0.15164468798842048,
        0.8481504814085543,
        0.08501715847794408,
        0.8864601231456802,
        0.7597439263371135,
        0.8937814546917,
        0.6743915880519192,
        0.6470826033119803,
        0.9143274223763806,
        0.3842432785697117,
        0.8682154806506766,
        0.5835446021064641,
        0.8499748886180949,
        0.2328756139824266,
        0.7027650330219857,
        0.9908138707514389,
        0.6346082695576398,
        0.3722001140998853,
        0.39686051753791973,
        0.33998850497909905,
        0.19038214797019087,
        0.8469148968362128,
        0.9054547800881342,
        0.9641491800986166,
        0.7927472412444762,
        0.9989650662954982,
        0.778097013171522,
        0.762387784183616,
        0.3360368503174573,
        0.8067567379092897,
        0.5891461741563611,
        0.6768443360102874,
        0.7558321594391796,
        0.9757204976939626,
        0.6945013517907138,
        0.7184831422422616,
        0.908003787319293,
        0.6292196574081339,
        0.37024590317543626,
        0.9034901932314805,
        0.385067806861199,
        0.6050462779334373,
        0.8464242863752391,
        0.25509631199233995
      ],
      [
        0.4194108011525439,
        1.0001965651580484,
        0.4433241543842716,
        0.02289513188097781,
        0.0,
        0.4471055406000299,
        1.0336045468488895,
        0.7672883655924742,
        0.3604678194388016,
        0.7637343151656173,
        0.4880559691794663,
        0.6048357382172711,
        0.7870653965507877,
        0.7752728090914107,
        0.2531180923027293,
        0.8755241783021815,
        0.271570623098601,
        0.9817562832190617,
        0.03607451924886467,
        0.7990833589848758,
        0.34930927922501015,
        0.09218756557516194,
        0.3431486617650619,
        1.0640461919383601,
        0.5864584840757863,
        0.10167439385726683,
        0.19794308591523965,
        0.6374384180211394,
        0.8497171262962833,
        0.8960028445973434,
        0.4426695032753472,
        0.5877517273878794,
        0.7555485059653577,
        0.9876349178460353,
        0.6010659806077341,
        0.25524024115401117,
        1.0112667811952523,
        0.5322847172961821,
        0.6845609402342221,
        0.15067954135968178,
        0.3013469007714287,
        0.8447989801206219,
        0.5754806094458554,
        0.18537603897794164,
        0.9260418487108234,
        0.8831479057179399,
        0.680856704088765,
        0.2631120401204279,
        0.4937156416788254,
        0.7858351383305973,
        0.8091747997821521,
        0.32920913046419126,
        0.43403166468564064,
        0.599410140329587,
        0.24239330255064148,
        1.068371945739866,
        0.15489563290043654,
        0.8672770582721612,
        0.10234877567521095,
        0.9037917403429471,
        0.7775528686014945,
        0.8990656212879091,
        0.6938985119247513,
        0.6625739803382789,
        0.9177692218299722,
        0.403071986030065,
        0.8828014517975689,
        0.5901139054095215,
        0.8534166880716865,
        0.25085477507118314,
        0.7210687318645055,
        1.0137090026324167,
        0.641332856767384,
        0.3921312460755364,
        0.4153987926699618,
        0.3599196369547502,
        0.21218349411926787,
        0.8687162429852898,
        0.9272561262372112,
        0.9859505262476935,
        0.800501090623689,
        1.0184719901683301,
        0.7976039370443541,
        0.7658295836372075,
        0.3509208607298996,
        0.8100713348274207,
        0.5921730633915595,
        0.6911390739248847,
        0.7739556108362367,
        0.9816526796866356,
        0.7144324837663649,
        0.7379900661150937,
        0.9279349192949441,
        0.6487260334464751,
        0.3739244144500829,
        0.9195987876719734,
        0.4036060819932411,
        0.6245532018062694,
        0.8498660858288307,
        0.24852489510436993
      ],
      [
        0.594417872681564,
        0.7067112626770823,
        0.6877624497597358,
        0.4441876700905371,
        0.4471055406000299,
        0.0,
        0.9026359735424466,
        0.5784404544392894,
        0.566867699807768,
        0.9362624157715451,
        0.5042096811440332,
        0.6032798432851356,
        0.7964565046299056,
        0.43641406358087886,
        0.5946118615848788,
        0.5275429709441565,
        0.21254831237706473,
        0.6914583514172113,
        0.48318005984889456,
        0.8596667777125044,
        0.6745715852838596,
        0.3761396899557769,
        0.33579787994956334,
        0.934638373212684,
        0.1393529434757564,
        0.5434370943217456,
        0.3242556934054733,
        0.8665994847313516,
        0.50229284432288,
        0.8611209319215503,
        0.4486551060768066,
        0.24032744541447598,
        0.7709660044269201,
        0.6157906012998757,
        0.18071287514775972,
        0.3741701250511572,
        0.7162854272750446,
        0.5305964631399656,
        0.31707867203584433,
        0.4563334293645136,
        0.16137904445115048,
        0.5157522167701645,
        0.8212748095994669,
        0.3331093970838471,
        0.5707229154808496,
        0.43604236511791,
        0.2337511634887351,
        0.24784220234274817,
        0.08578933084182089,
        0.6589514876598039,
        0.7558090670631445,
        0.3994314229832531,
        0.3765019339652647,
        0.1603123172516405,
        0.5480881133689663,
        0.8497564191288705,
        0.5615779945130133,
        0.7403934076013678,
        0.36045178981646836,
        0.5784513314788188,
        0.5682682476238078,
        0.45196008068787924,
        0.6294563377304059,
        0.6709074763721781,
        0.47066368122994234,
        0.4110403767254879,
        0.8891443852550662,
        0.8044634121227048,
        0.40631114747165653,
        0.41009222849653293,
        0.694855931208999,
        0.7159878426534663,
        0.8179033206295938,
        0.23727912012963198,
        0.21692534645632316,
        0.28469641893985964,
        0.43727208161333775,
        0.534350054675038,
        0.5791249090695365,
        0.6781978057125924,
        0.9226911943331784,
        0.8429411079772569,
        0.643795224067224,
        0.31872404303717766,
        0.19195308489076682,
        0.3629657942273908,
        0.14506752279152962,
        0.24403353332485486,
        0.771716383628748,
        0.5345471390866058,
        0.3978025538990123,
        0.5816065318312807,
        0.5945337976757461,
        0.6171018680404188,
        0.6556529025961922,
        0.8801462833349597,
        0.17058571509361534,
        0.5981611000953092,
        0.4027605452288008,
        0.4737647586944366
      ],
      [
        0.7594815609505374,
        0.3912203486397042,
        0.8040847230071465,
        1.015366549140024,
        1.0336045468488895,
        0.9026359735424466,
        0.0,
        0.32538594002033844,
        0.7510198432901942,
        0.5514834213658697,
        0.5544860152927148,
        0.4362011537717123,
        0.340982297128065,
        0.5153695734028161,
        0.8651519384300244,
        0.5595656749496756,
        1.0263821859555853,
        0.3341343315491549,
        1.0114800886405695,
        0.4178852515854168,
        0.8737071097214621,
        1.0352186757693902,
        0.7025448566042527,
        0.032002399670237276,
        0.8053049877127192,
        0.9777357126856311,
        1.133939660353025,
        0.7268512420662827,
        0.7128869292104423,
        0.1883880447721129,
        0.590935439486574,
        0.6643622538659417,
        0.42977248813030205,
        0.6181544444237035,
        0.728437188775317,
        0.7821843950483459,
        0.3376014453274339,
        0.507811944755271,
        0.6198980631988444,
        1.1595748409872029,
        0.9892337156230047,
        0.7068948248410417,
        0.7527628755206475,
        1.1242521631844704,
        0.5015105571162397,
        0.8713016521744343,
        0.8341170418472046,
        1.0626516089991436,
        0.8235391511214647,
        0.25535471510092206,
        0.22892970044289904,
        0.7044638540295212,
        0.6677811859499965,
        0.9674209193065706,
        0.8386458820972972,
        0.20454040378747904,
        0.9219418479008968,
        0.17953351721765942,
        1.0158148409723375,
        0.6556255983640435,
        0.3356504430293588,
        0.9284795861466106,
        0.4859899882936882,
        0.3974492991467394,
        0.7685607400785268,
        0.6314805392488833,
        0.2642211022905665,
        0.6504737811547582,
        0.826876448895357,
        0.7827518952489942,
        0.3126053158928912,
        0.3981441381563116,
        0.6287859568543527,
        0.8010695446622453,
        0.9321618067566237,
        0.7536877449537908,
        0.8385539515919025,
        0.5555954772860201,
        0.5842443323236044,
        0.42878392569750723,
        0.5175694100967604,
        0.16951139185723038,
        0.30151423965749724,
        0.914463553329836,
        1.0751955591992657,
        0.8830580025329432,
        0.8475947115395783,
        0.9883898723112663,
        0.4056325460836547,
        0.9569732260846424,
        0.5163296958294508,
        0.34523519119345564,
        0.41791870215874116,
        0.3936095334444966,
        0.822774524465457,
        0.17704338261264294,
        0.8869745344011923,
        0.4328781299318369,
        0.8756638546273422,
        1.2413956333244334
      ],
      [
        0.5073906427587964,
        0.27830305065315325,
        0.6193581681263984,
        0.7638950726540145,
        0.7672883655924742,
        0.5784404544392894,
        0.32538594002033844,
        0.0,
        0.542621825572758,
        0.56607278734015,
        0.29718217565490435,
        0.17856625830957543,
        0.3515785925177997,
        0.1899836333824777,
        0.6551178524159645,
        0.2895197828580342,
        0.741588165335189,
        0.22849450943117172,
        0.7646397641089936,
        0.4551736536935949,
        0.6734993357511575,
        0.7787220408102852,
        0.44604822164514774,
        0.3573883396905757,
        0.4799190476923807,
        0.7396726890477159,
        0.8482995942084925,
        0.701672979934699,
        0.39749773355369206,
        0.31370738342784454,
        0.34885016156785664,
        0.3389763138456032,
        0.4010118127347519,
        0.40288924942175786,
        0.4030512487549786,
        0.528691678421289,
        0.25718704303908385,
        0.25124963845474546,
        0.29451212317850606,
        0.9042773001358381,
        0.689548754453199,
        0.3869152916721304,
        0.7240096990860831,
        0.854581164366716,
        0.2707811762041616,
        0.580779010605097,
        0.5087311018268661,
        0.7807816898485966,
        0.4981532111011262,
        0.11153793916609822,
        0.20832117021267219,
        0.45676558048834126,
        0.42569590803127905,
        0.6420349792862321,
        0.6187107291433008,
        0.35424805490532124,
        0.6895765292944536,
        0.19297985910766216,
        0.77626429238174,
        0.39297056660786833,
        0.01026450300902036,
        0.6364058547821987,
        0.17873279200081052,
        0.29072749522875607,
        0.47690996445640144,
        0.38170869957706643,
        0.37575388609068855,
        0.621713105759208,
        0.5432818153884333,
        0.5345924760905412,
        0.1574394366259356,
        0.29176770122913886,
        0.6019715073732401,
        0.5132449934999409,
        0.6659433673161268,
        0.49719110999468585,
        0.5911084908563629,
        0.2909023102932111,
        0.3465551196524393,
        0.2868841365921753,
        0.548142020483208,
        0.2936995250072169,
        0.07283147188324075,
        0.6288496026491661,
        0.7498096191789272,
        0.5992207969077362,
        0.5222087715192398,
        0.6630039322909278,
        0.38285575209454803,
        0.6868058757085377,
        0.19094375580911238,
        0.050321681721520024,
        0.17592776044957514,
        0.14152608852772844,
        0.627198942832276,
        0.332732734841254,
        0.6174159117154165,
        0.16331950724606112,
        0.5840130790052168,
        0.9848989983653283
      ],
      [
        0.06037233728642179,
        0.8157503138873797,
        0.12092278308759681,
        0.3512867963978383,
        0.3604678194388016,
        0.566867699807768,
        0.7510198432901942,
        0.542621825572758,
        0.0,
        0.4032664957268157,
        0.2881584048487952,
        0.3645921265738318,
        0.5474727788056746,
        0.6270506639665325,
        0.13297762007706523,
        0.7699707713578301,
        0.563718220316516,
        0.756954036323029,
        0.32770269039808314,
        0.498646002858076,
        0.1323025072919513,
        0.4095161008173134,
        0.24339444299246538,
        0.781395525135085,
        0.5987358143692042,
        0.2731722127265169,
        0.5094388180392847,
        0.3082421316214768,
        0.755882513722258,
        0.6469934734592879,
        0.20959495216690374,
        0.49391711481385403,
        0.45829700533939294,
        0.8926491717652707,
        0.5269804283196028,
        0.21714567702285884,
        0.7857989822225038,
        0.309200643966087,
        0.5932515120944277,
        0.5102050531973572,
        0.5827160171204373,
        0.7693418861695426,
        0.25662247378215375,
        0.5009668894064354,
        0.7738613201908895,
        0.8950569828186258,
        0.6326602813914903,
        0.559883502799237,
        0.50150243875073,
        0.5157324485273515,
        0.5366987059885131,
        0.17437703699772322,
        0.26737458273003095,
        0.721572412842697,
        0.12021618760007076,
        0.8242162007695415,
        0.21235557146186568,
        0.5929468235171286,
        0.3932063720217166,
        0.8372877867819178,
        0.538905985693355,
        0.9345896037396213,
        0.4536549002813119,
        0.44866614543470257,
        0.8269709837397468,
        0.20777733188106606,
        0.6429750447867675,
        0.2375957123149368,
        0.8666694379196999,
        0.1824790049200686,
        0.43841452739730297,
        0.829262751361748,
        0.28892872901477706,
        0.33553348709405684,
        0.46866412522190426,
        0.2901900634190713,
        0.2689646704301592,
        0.7737589712766915,
        0.8322656014292108,
        0.8177651953393572,
        0.44146044484663777,
        0.7636676708714372,
        0.542799617747461,
        0.7959825109838705,
        0.6447133161509906,
        0.8405030115052017,
        0.6456621061137438,
        0.784225606494455,
        0.4825581429376239,
        1.016610276274855,
        0.5818361627736008,
        0.49505046921950274,
        0.699697008373606,
        0.4017822145969432,
        0.09261230519184004,
        0.6700504816366092,
        0.5178022729209746,
        0.3814776165773039,
        0.8712630850977012,
        0.6062089578197697
      ],
      [
        0.44426087308439755,
        0.8443758379933033,
        0.3322933477167955,
        0.754553292124654,
        0.7637343151656173,
        0.9362624157715451,
        0.5514834213658697,
        0.56607278734015,
        0.4032664957268157,
        0.0,
        0.4943202965153045,
        0.46095948507812073,
        0.22892698038640497,
        0.7188648269201262,
        0.516775050098225,
        0.8496706007898834,
        0.9669847160433317,
        0.788039176548396,
        0.7309691861248988,
        0.13396887220732986,
        0.4432431648791744,
        0.8127825965441291,
        0.6236963469174641,
        0.5799802683404832,
        0.9209840344071495,
        0.6715809128512674,
        0.9127053137661004,
        0.19862136603670194,
        0.9241612733562917,
        0.3650285953586862,
        0.49312003577258157,
        0.8014643989983321,
        0.1652964113446251,
        0.9675648935349466,
        0.8384569985353654,
        0.6204121727496745,
        0.8167317101563081,
        0.48993878177166006,
        0.7782260072809026,
        0.9134715489241729,
        0.9552936449970841,
        0.9124703628170514,
        0.24838852974065134,
        0.9042333851332511,
        0.8367458962563188,
        1.1084635767703184,
        0.9441368516072529,
        0.9631499985260528,
        0.8537650630362166,
        0.47014035634238754,
        0.3902269990615521,
        0.5776435327245389,
        0.5597604818062805,
        1.0687295961334833,
        0.5234826833268865,
        0.7207329595939863,
        0.6149177189137841,
        0.5063780704841804,
        0.7964728677485323,
        0.9467958992256503,
        0.5698091701262445,
        1.152381536843045,
        0.5500222587856008,
        0.2834228518409415,
        1.0132073318870722,
        0.5385203500437327,
        0.28790177109216225,
        0.1787816413391568,
        1.042720073071498,
        0.5857455006468844,
        0.40864593825180695,
        0.845192508766394,
        0.129454517346868,
        0.7100787178468299,
        0.8412417530985511,
        0.6627676912957181,
        0.6722311661569749,
        0.8520789745656258,
        0.9095709682426418,
        0.8529569239323254,
        0.03819394911982207,
        0.6652334539323843,
        0.5158767621700319,
        1.0526991251363613,
        1.0434425888298469,
        1.0600271019577556,
        0.9713889879183324,
        1.1120267411689166,
        0.1835178417129327,
        1.2170306803565958,
        0.679000400814726,
        0.520680153962174,
        0.7400227214867829,
        0.46233819228977807,
        0.40137113213870507,
        0.37444004179725093,
        0.8903799007976214,
        0.47887715442434087,
        0.9686626229447381,
        1.0094754535465853
      ],
      [
        0.2729735829992783,
        0.5705714505480355,
        0.3848981687029795,
        0.4681235547283975,
        0.4880559691794663,
        0.5042096811440332,
        0.5544860152927148,
        0.29718217565490435,
        0.2881584048487952,
        0.4943202965153045,
        0.0,
        0.11861591734532895,
        0.37302006306228663,
        0.38367512279680127,
        0.38226984456717594,
        0.526824443227438,
        0.5719796244709405,
        0.5109779313046765,
        0.4707081191100974,
        0.44292535058808497,
        0.4194674113820046,
        0.48814827593161403,
        0.17881925892132977,
        0.583583550326913,
        0.5038080778068145,
        0.4498671650992472,
        0.5983581157865698,
        0.545251638295077,
        0.5950819340812087,
        0.4460193100751217,
        0.0788029335642494,
        0.3835875486554992,
        0.3557335933329478,
        0.6495046626653589,
        0.42434805857615987,
        0.23284662355761523,
        0.5290131304794369,
        0.04688775444657085,
        0.350204251310676,
        0.6110866725610259,
        0.5182053953323058,
        0.5835381333132266,
        0.49208891551115913,
        0.5868552829588396,
        0.5305178406707844,
        0.7679198032803047,
        0.5300279116480473,
        0.6106423421903293,
        0.42561070684948166,
        0.30103008769563616,
        0.34234324339074496,
        0.16629943318673485,
        0.15277189714744568,
        0.6449569927089339,
        0.3411588195590361,
        0.5928006991944924,
        0.40327511935563143,
        0.38247200763720013,
        0.483601459923903,
        0.6144987958559879,
        0.2930310293380034,
        0.8100379691102533,
        0.20767869105280906,
        0.2483990652365696,
        0.6780176277637473,
        0.09316930441854536,
        0.4618560865526339,
        0.525754117163732,
        0.7021762995814843,
        0.24192964363270422,
        0.2458161276503677,
        0.5840774912057975,
        0.556693287971436,
        0.27053825414834703,
        0.40415350343377276,
        0.22567944163093984,
        0.29594858011979575,
        0.5306147337844482,
        0.5891211166903783,
        0.5731872562182302,
        0.507458783239206,
        0.5322521692963881,
        0.3113841161724119,
        0.6907530247862166,
        0.6063543391650685,
        0.7194833284677421,
        0.5534548042086369,
        0.6942180762379131,
        0.3539036320859969,
        0.8755416884984246,
        0.3375114089565549,
        0.2517702452431515,
        0.45538446162416163,
        0.16250856926027624,
        0.3800717356784243,
        0.46997962910938906,
        0.4532916511328431,
        0.13833338093432723,
        0.6281188494547245,
        0.6943252334866574
      ],
      [
        0.3321960126323797,
        0.4519555332027065,
        0.44416353799998176,
        0.5853288143444391,
        0.6048357382172711,
        0.6032798432851356,
        0.4362011537717123,
        0.17856625830957543,
        0.3645921265738318,
        0.46095948507812073,
        0.11861591734532895,
        0.0,
        0.29365238049454745,
        0.2650592054514723,
        0.4769289210287575,
        0.40820852588210915,
        0.6132215196127467,
        0.39236201395934756,
        0.5860735057994182,
        0.38104011612700023,
        0.4960406350725129,
        0.6001557825007098,
        0.26748196333557234,
        0.4651042386245813,
        0.5089921193512125,
        0.5611064307381405,
        0.7103656223556656,
        0.6035381200773404,
        0.47646601673587974,
        0.33857533607960383,
        0.1702839032582812,
        0.37761785037420104,
        0.3028769528773933,
        0.5308887453200299,
        0.43687008663706695,
        0.35012542011171355,
        0.4212261704292192,
        0.07268338014517005,
        0.32386676825154587,
        0.7257110418262627,
        0.576073049280166,
        0.4649222159678977,
        0.5610572672924923,
        0.6988627895279352,
        0.4119019233254555,
        0.6493038859349758,
        0.5425499397089544,
        0.6494909426563049,
        0.530112690192209,
        0.18241417035030721,
        0.2299337522829399,
        0.2781993221787658,
        0.2471296497217036,
        0.6701046060029252,
        0.44014447083372543,
        0.47418478184916346,
        0.5110102709848782,
        0.2638560902918712,
        0.5976980340721645,
        0.49588287851065893,
        0.17441511199267448,
        0.6914220517649243,
        0.08906277370748013,
        0.18220386042525624,
        0.5594017104184184,
        0.203142441267491,
        0.3668302437789396,
        0.5235782459018494,
        0.5835603822361554,
        0.3560262177809657,
        0.13170340354746074,
        0.46546157386046866,
        0.5038366475158815,
        0.3660066513935649,
        0.49709891348794333,
        0.3186248516851104,
        0.41254223254678746,
        0.41199881643911934,
        0.47050519934504925,
        0.45457133887290124,
        0.45358282274756934,
        0.41363625195105913,
        0.192768198827083,
        0.5935394343010187,
        0.6661683874571994,
        0.6008674111224132,
        0.5502752130827906,
        0.6910703738544786,
        0.29349063568022343,
        0.7569257711530957,
        0.21889549161122596,
        0.13315432789782253,
        0.3367685442788327,
        0.043892651914947296,
        0.45067738335785834,
        0.36206491361407483,
        0.4738138680583537,
        0.019717463588998285,
        0.5095029321093956,
        0.806332740055753
      ],
      [
        0.5587640423336934,
        0.629881643170953,
        0.4634880083431262,
        0.7690862354620311,
        0.7870653965507877,
        0.7964565046299056,
        0.340982297128065,
        0.3515785925177997,
        0.5474727788056746,
        0.22892698038640497,
        0.37302006306228663,
        0.29365238049454745,
        0.0,
        0.5230072020514623,
        0.6204107501140829,
        0.6407170828435943,
        0.8828608713073536,
        0.5752266078149607,
        0.761598013311035,
        0.10435183203763679,
        0.5743494622373684,
        0.8004902569585265,
        0.4939551591364579,
        0.37186293390675285,
        0.78117812326551,
        0.7198008865924637,
        0.8958258796907901,
        0.38704036267482084,
        0.7339285180734267,
        0.15434187145328496,
        0.3634778550154166,
        0.6534166070545073,
        0.08920210626978904,
        0.7540001131543957,
        0.6986510873937258,
        0.5493481284160028,
        0.6039191414228728,
        0.3340725665118123,
        0.5934340911686615,
        0.9174814477607013,
        0.8290866421687189,
        0.7219311935491679,
        0.4118872128141809,
        0.8861383825222356,
        0.620747727566339,
        0.9212187280566251,
        0.8043309404656134,
        0.9215235890267423,
        0.7139591518945769,
        0.24737895966484533,
        0.1617343977103006,
        0.4659038440780306,
        0.41995457066464087,
        0.9289236849918439,
        0.5736263990868661,
        0.494630292287162,
        0.6612523646678873,
        0.2775178302750332,
        0.7777010603101028,
        0.742577784957369,
        0.3569966013928093,
        0.9794522317247754,
        0.3813811578403191,
        0.12559278325446102,
        0.8173496819079296,
        0.40877495252875,
        0.10891193556941241,
        0.3098770664907378,
        0.8706176515210334,
        0.5362106214796045,
        0.19922016382384422,
        0.6357667343384312,
        0.288168541569044,
        0.5758907315011301,
        0.7150347502701858,
        0.5365606884673528,
        0.6118688120009756,
        0.6423100141632212,
        0.6981234267333781,
        0.638462729109975,
        0.20338053706195214,
        0.46183343983944203,
        0.2935352387156302,
        0.8805967035858968,
        0.9172355860014816,
        0.8879246804072912,
        0.8244641978100228,
        0.9652593585817106,
        0.06549348741343293,
        1.0278780131249219,
        0.4946942482915322,
        0.31154789396837024,
        0.5275063529673749,
        0.27763704792033195,
        0.5330506225506197,
        0.17167265212373534,
        0.7608711373432318,
        0.3067747328738764,
        0.7965602013942736,
        1.0065033221560733
      ],
      [
        0.5959413897083254,
        0.28077333329349563,
        0.7079089150759275,
        0.7553416771157596,
        0.7752728090914107,
        0.43641406358087886,
        0.5153695734028161,
        0.1899836333824777,
        0.6270506639665325,
        0.7188648269201262,
        0.38367512279680127,
        0.2650592054514723,
        0.5230072020514623,
        0.0,
        0.6781014373211465,
        0.14970667995691486,
        0.6077062418523985,
        0.25594018013626135,
        0.7592832127289189,
        0.622690976460843,
        0.7588079113840298,
        0.7705279648776082,
        0.46446861450970184,
        0.5473719730730534,
        0.31632687980101687,
        0.7477213163299794,
        0.7180873910945802,
        0.8561025359768604,
        0.2114068112844074,
        0.5011722097393416,
        0.4353431087097535,
        0.20519527151507888,
        0.5554413687769132,
        0.27191948665865623,
        0.2560789623971264,
        0.5200325679373996,
        0.28198322065450115,
        0.3377425855966424,
        0.12187171767958815,
        0.8344011431242017,
        0.5557673193729818,
        0.19986301051642535,
        0.824802644368438,
        0.7243689612528036,
        0.17451617424753124,
        0.39821155111564144,
        0.3617588154690139,
        0.6468871438233184,
        0.3679410079872138,
        0.29937113900047974,
        0.3946222588737337,
        0.5300557975263107,
        0.5121888551731759,
        0.47122276046072653,
        0.6939505562552086,
        0.41518693847535126,
        0.7074404373992556,
        0.38081305894204365,
        0.7548400647382998,
        0.23082442405218456,
        0.18092304974364723,
        0.4564450547837918,
        0.193042274149527,
        0.4354538323765491,
        0.294342504966946,
        0.46820164671896336,
        0.5615610342113372,
        0.7761426618013694,
        0.36071435589897793,
        0.5559546713827752,
        0.32406012657773775,
        0.2919718561087478,
        0.7564010634154015,
        0.3831415630158743,
        0.5319884762299519,
        0.4305645559190406,
        0.58313452449958,
        0.1547590665340513,
        0.21151890630090664,
        0.2610187288507295,
        0.7069906475032088,
        0.40840989993282245,
        0.26278750782833177,
        0.44628214315971065,
        0.6194536268455306,
        0.4166533374182808,
        0.3513917782219288,
        0.4921869389936167,
        0.5414854434845449,
        0.5048708361839382,
        0.06404612039969704,
        0.21520636110352526,
        0.16000258963131167,
        0.2566084419971721,
        0.713896766470631,
        0.5205659346756355,
        0.4828503285308816,
        0.24557304738922864,
        0.40144561951576135,
