{
  "sol": {
    "z": 3.017159370581145,
    "tours": [
      [
        0,
        4,
        33
      ],
      [
        1,
        10,
        7,
        20,
        24,
        23,
        38,
        25,
        16,
        36
      ],
      [
        34,
        27,
        14,
        3,
        29,
        28,
        8,
        19,
        9,
        32,
        21,
        13
      ],
      [
        2,
        12,
        26,
        5,
        22,
        6,
        30,
        37,
        18,
        17
      ],
      [
        35
      ],
      [
        11
      ],
      [
        15
      ],
      [
        31
      ],
      [
        39
      ]
    ]
  },
  "params": {
    "gm": [
      [
        0.0,
        0.7825646519508704,
        0.28049102369556594,
        0.5577337831983812,
        0.036079137739843045,
        0.4821472268704071,
        0.6251064513535884,
        0.7726620816755385,
        0.3550109423956716,
        0.284507014849832,
        0.6893125518351338,
        0.33308405170615424,
        0.4332303515786078,
        0.6826867526485327,
        0.6552254916588521,
        0.30931916915118557,
        0.6073240553321935,
        0.9160982842985317,
        0.8811704970521117,
        0.38444035785441794,
        0.7452691053551348,
        0.6931776876372935,
        0.493938065551752,
        0.8929880883768835,
        0.8860164036709504,
        0.7041501156204485,
        0.3828541279838911,
        0.7103461706483214,
        0.41403538353572933,
        0.5597432484912105,
        0.7398631866118928,
        0.42784704198606877,
        0.9292497985644993,
        0.04236040639312882,
        0.6996755216283271,
        0.7984256599075705,
        0.6024852521398321,
        0.8544200544998728,
        0.7658373029436132,
        0.27758087757263145,
        0.880566496109546,
        0.8587247716741252,
        0.6296592316252345,
        0.655098355849277,
        0.8331528821976271,
        0.6656969898076681,
        0.0419846194767549,
        0.4682002946326926,
        0.8039891924172837,
        0.5143064549493358,
        0.570548862670167,
        0.8766202019571471,
        0.47773280878464847,
        0.5695850644732023,
        0.2925584717103774,
        0.811950665559174,
        0.5722677021439277,
        0.625507904064817,
        0.20913043631073047,
        0.5790737450891116,
        1.0199153456043093,
        0.6272671634490583,
        0.6353354655527088,
        0.39338127464898176,
        0.49659036115870625,
        0.7795960674732063,
        0.750054283918043,
        0.3312733321262089,
        0.23805541435365232,
        0.8332609703281367,
        0.8306703254015894,
        0.4366265473893779,
        0.65919953319863,
        0.8327073990390848,
        0.515075939590862,
        0.5598196876741744,
        0.7882896074146384,
        0.23896949708437998,
        0.20849534525143457,
        0.8199566514602917,
        0.8485619907938264,
        0.5025135590897674,
        0.45376699033333107,
        0.9563806638028675,
        0.21447687150912195,
        0.3986709928036421,
        0.5562369304426472,
        0.6042693155763457,
        0.6143286499589871,
        0.6561975618531883,
        0.9684217420941797,
        0.9663927863098735,
        0.2483129017301,
        0.7943320607918516,
        0.29283579477531957,
        0.7878446625169365,
        0.17596288000088836,
        0.9673524579816781,
        0.8469225974529981,
        0.6593080151525316
      ],
      [
        0.7825646519508704,
        0.0,
        0.5843382702805549,
        0.890452548541436,
        0.7490275059928402,
        0.3005210277720305,
        0.4094254346816282,
        0.12849702273883717,
        0.559992210617211,
        0.5942956593394798,
        0.18949012235417792,
        0.7399041350502612,
        0.4663984667946901,
        0.23435959891746758,
        0.8059025562971804,
        0.8826297351468229,
        0.5028491513627527,
        0.33896972255013375,
        0.34133811487166565,
        0.6736916366820243,
        0.24129533504121997,
        0.3392504602604656,
        0.46960344018604794,
        0.450960405805882,
        0.35077577380251174,
        0.5326420618530137,
        0.39983810869713027,
        0.8048468035524486,
        0.5124772737768067,
        0.48950760603424637,
        0.29466869942332385,
        0.783291725288684,
        0.4903434822449614,
        0.8225721554368568,
        0.6853176221610062,
        0.42093352429579195,
        0.5260075169835104,
        0.2862563931704847,
        0.5478979692691223,
        0.9433648527685716,
        0.5714721024950937,
        0.1341494869494093,
        0.21920331313566632,
        0.8913182519977546,
        0.2298474117664464,
        0.289985322955055,
        0.8242078560741717,
        0.9195366264911424,
        0.08903689932576787,
        0.8734304661744992,
        0.8353017371383401,
        0.23580287311370526,
        0.44209889998231366,
        0.675652307970748,
        0.7804765648103047,
        0.029436588810741602,
        0.6758645351780761,
        0.41824225520812486,
        0.8507461685862097,
        0.9879919680043382,
        0.5361237725810238,
        0.15921130246238088,
        0.981687914848241,
        0.528585618132661,
        0.5081837454744937,
        0.27625989406452245,
        0.21003253467981273,
        0.5808455456897528,
        0.8393432119317634,
        0.15099327309496396,
        0.2325900661481019,
        0.46139010296043137,
        0.3312040873742994,
        0.48015488378706117,
        0.28679520648051016,
        0.22282008495143915,
        0.12950063872233955,
        0.6709986981446651,
        0.5740728916281513,
        0.2728701539067398,
        0.09468940241154267,
        0.3720322056151614,
        0.3382405863627239,
        0.423922447023367,
        0.604871849439352,
        0.6183266975944419,
        0.967353872354165,
        0.47295904104106345,
        0.6611242105154883,
        0.49124331702717217,
        0.3538031379559806,
        0.4275046874233355,
        0.694332038842221,
        0.2959736617742851,
        0.7579574876170344,
        0.681773040010845,
        0.897025306755527,
        0.524130569023053,
        0.08376008985227719,
        1.0726431923875113
      ],
      [
        0.28049102369556594,
        0.5843382702805549,
        0.0,
        0.7311622260426285,
        0.316570161435409,
        0.3128066584375037,
        0.3446154276580225,
        0.6142402618921433,
        0.3936942843084965,
        0.24169784615865259,
        0.5154662570803432,
        0.4860283028899393,
        0.15273932788304187,
        0.5342223688321177,
        0.7785945565120554,
        0.5626235990129377,
        0.6418606759549011,
        0.6356072606029657,
        0.6006794733565457,
        0.5012739042023734,
        0.6052597740826859,
        0.6166180703391699,
        0.2134470418561861,
        0.8442113611416382,
        0.7737013635620207,
        0.6584799498485234,
        0.23796626703052137,
        0.7807033669909575,
        0.44613273091232886,
        0.5927983714268704,
        0.4593721629163268,
        0.2315019817103214,
        0.8934523933868889,
        0.32285143008869477,
        0.7661653903175728,
        0.5179346362120046,
        0.6402122637482216,
        0.5739290308043069,
        0.7355901339960101,
        0.46469775725368345,
        0.8619949347883463,
        0.6865932442303555,
        0.4773900840508065,
        0.8356643305374978,
        0.5526618585020611,
        0.5543064665059669,
        0.32247564317232086,
        0.7174278035859898,
        0.6279660545804913,
        0.7635339639026331,
        0.7915194586364039,
        0.7212071131581465,
        0.5254819094190603,
        0.6485907425545175,
        0.4454558731298959,
        0.6130053532540067,
        0.6510082185646812,
        0.3450168803692511,
        0.47434168103657315,
        0.7847785136624454,
        0.9567454249580689,
        0.42613330323423554,
        0.8300045898274689,
        0.4309203990330652,
        0.5309839526542369,
        0.6307442259319177,
        0.5984152562258067,
        0.3786632281338532,
        0.48728292330694956,
        0.6740499884351415,
        0.6792239749075359,
        0.4922963919652762,
        0.5980757777269015,
        0.8025100963848547,
        0.29782613790557805,
        0.3745778697268261,
        0.5885482975274746,
        0.3350217581782409,
        0.17132178626928898,
        0.6922940612811113,
        0.6659665322879639,
        0.23249667338952373,
        0.30491790094600624,
        0.8382473915514058,
        0.2131729515022485,
        0.481987903179021,
        0.7596046390257513,
        0.6342147224226283,
        0.6829692752642514,
        0.3757065381576224,
        0.837396262782517,
        0.8488591143673431,
        0.37951543309027197,
        0.5138410370962856,
        0.46974501552269526,
        0.834149927235464,
        0.45645390369645433,
        0.9376613971865486,
        0.6607820188231913,
        0.875759780871394
      ],
      [
        0.5577337831983812,
        0.890452548541436,
        0.7311622260426285,
        0.0,
        0.5472887561960433,
        0.7996636599381199,
        1.0601716478480478,
        0.8005842626872213,
        0.4879803634782821,
        0.6417762339965762,
        0.8949830257045589,
        0.8816387922000484,
        0.8839015539256704,
        0.6622181690446934,
        0.13776672026293607,
        0.26629761594816115,
        0.41599858204939805,
        1.1748440027738467,
        1.1610767178694335,
        0.4599980448750465,
        0.6943773553316601,
        0.5976465104598238,
        0.9446092678988146,
        0.6805971971866952,
        0.7267053973495524,
        0.5448391092990506,
        0.8026654234088196,
        0.18725140164618626,
        0.46330517386105924,
        0.4098703676572638,
        1.061590787531566,
        0.9519995189245958,
        0.704209887689582,
        0.5932889834524342,
        0.3256687722522309,
        1.2084150402577245,
        0.393051574849177,
        1.1031100858510532,
        0.5566650547040763,
        0.8249835386764093,
        0.6057596526153283,
        0.8791145300473078,
        0.6778455020383749,
        0.10450210449486935,
        1.0377183454948273,
        0.6140909864688753,
        0.566137096415282,
        0.09046291029547544,
        0.8505648370619031,
        0.06801362601930044,
        0.060357232593775435,
        0.806624812606123,
        0.45947475737624854,
        0.2328855981592766,
        0.8411132122042715,
        0.9155224659999486,
        0.2339972829007312,
        1.0424247599863465,
        0.35097157106301274,
        0.09753941946290226,
        0.78767229134443,
        0.8056500718584512,
        0.09884236378484046,
        0.4685366652451045,
        0.3877817575735271,
        0.6953154102825989,
        0.7135406030439034,
        0.5031734708353596,
        0.31967836884472883,
        0.8413718654522606,
        0.7803369614600003,
        0.4829606480797754,
        0.5825259077868254,
        0.620963427741677,
        0.8348564691329169,
        0.7466411642305982,
        0.9646356430538722,
        0.5115492403590387,
        0.6356395058823894,
        0.7670696765841425,
        0.8995143528056816,
        0.9238830303930241,
        0.8475629582406281,
        0.7465052749013033,
        0.6066030939214009,
        0.40379966982883675,
        0.08120532166833361,
        0.44096485942616626,
        0.27512637778044413,
        1.1068687642002508,
        0.8414122160657137,
        0.7562025786683962,
        0.4685134564857052,
        1.106682101686628,
        0.37107297508154113,
        0.4562683268197314,
        0.7245176204947825,
        0.7320013848601817,
        0.9079579292137516,
        0.18219064384607536
      ],
      [
        0.036079137739843045,
        0.7490275059928402,
        0.316570161435409,
        0.5472887561960433,
        0.0,
        0.44850910339628186,
        0.6167405133786231,
        0.7365829439356955,
        0.32072089372688933,
        0.24880077408035253,
        0.6536063110656544,
        0.36007677821901535,
        0.43752877440257154,
        0.6494842436966285,
        0.6447804646565144,
        0.3022237716473617,
        0.5732950017037867,
        0.9089969648063106,
        0.8731996587528877,
        0.3568068088811242,
        0.7096881521144589,
        0.6575967343966176,
        0.5040465619297508,
        0.8583939106894554,
        0.8513379753866802,
        0.6694716873361783,
        0.3496516190319869,
        0.6811980672535464,
        0.3793569552514592,
        0.5254069509777904,
        0.7314972486369274,
        0.46337707182142945,
        0.8942884887933426,
        0.07354464944401667,
        0.669878247820177,
        0.8021284664546497,
        0.5689594364622119,
        0.8463257686145629,
        0.7308759931724564,
        0.30370664366616923,
        0.8462636394418476,
        0.8226456339342821,
        0.5964567226733303,
        0.6446533288469392,
        0.8247869442226617,
        0.6301160365669923,
        0.0775146493121156,
        0.4577552676303548,
        0.7707866834653795,
        0.5038614279469981,
        0.5601038356678293,
        0.8434176930052428,
        0.4421570498020724,
        0.5388806394378303,
        0.3195511982232385,
        0.778380253627776,
        0.5415632771085557,
        0.6233192321286628,
        0.20104364145289882,
        0.5677771879164434,
        0.9854190044098503,
        0.5944919679652316,
        0.6214404128973866,
        0.3588849334545227,
        0.4624612415288189,
        0.7463935585213022,
        0.7168517749661387,
        0.29708816033790186,
        0.22761038735131456,
        0.7971818325882937,
        0.7950893721609136,
        0.4010455941487021,
        0.6236185799579542,
        0.7981132213516566,
        0.4800136272448032,
        0.5264527377513807,
        0.7546514839405132,
        0.20583442892925372,
        0.17525155711174625,
        0.7867128633206034,
        0.8153594818419222,
        0.46926977095007905,
        0.4205644813814269,
        0.9214193540317107,
        0.17899689516640774,
        0.3679665677682701,
        0.544294533225813,
        0.5696751378889177,
        0.5825407410275125,
        0.6831594091210148,
        0.9351779539544914,
        0.9314314765387167,
        0.21900292774293997,
        0.7859661228168863,
        0.2719329595193729,
        0.7555935062731738,
        0.20295560651374947,
        0.932674029697408,
        0.8137200885010938,
        0.6506610565251476
      ],
      [
        0.4821472268704071,
        0.3005210277720305,
        0.3128066584375037,
        0.7996636599381199,
        0.44850910339628186,
        0.0,
        0.29248128749510344,
        0.3041982687881874,
        0.5010756772155363,
        0.36794227896279075,
        0.23852068937140342,
        0.7878910847774395,
        0.23701685341595935,
        0.22595711252275863,
        0.6963133710123943,
        0.6649649346707882,
        0.38878640462206365,
        0.5183816664406912,
        0.504614381536278,
        0.5998839177507957,
        0.29597394777092645,
        0.32158811490236516,
        0.262927603259844,
        0.5349255348298787,
        0.4620289408931656,
        0.47249894234714357,
        0.09932231495680809,
        0.6908673029422161,
        0.44499347745633405,
        0.4051468091973428,
        0.40723802275340776,
        0.5333647635978216,
        0.5841665670751294,
        0.5220537528402985,
        0.5780968696300752,
        0.47845687872966364,
        0.4117787201412027,
        0.44664774951789776,
        0.5220726549626058,
        0.7194000874743457,
        0.5947642087352846,
        0.3815255504045629,
        0.16631380000111518,
        0.7822431368992453,
        0.3812560091616719,
        0.25576311348067804,
        0.5238625667691287,
        0.8128216688739076,
        0.32444920441970887,
        0.7667155085572643,
        0.7403019421270411,
        0.4084087693029039,
        0.36564429894960265,
        0.569597313161011,
        0.747318655017396,
        0.32987115023149405,
        0.5691495775608413,
        0.3102281753568048,
        0.5766830166944237,
        0.8929048697553306,
        0.6625248006744384,
        0.14918773552529568,
        0.8817273446768912,
        0.46535537616989864,
        0.4436325227154064,
        0.32483779836079313,
        0.2865590746779033,
        0.4859651648470289,
        0.5896242589648002,
        0.36466152625236964,
        0.3667997551998279,
        0.4067558749762866,
        0.28817700559250614,
        0.4926113242504595,
        0.08405683657252706,
        0.07847789209525297,
        0.3061423805442313,
        0.43790784735742744,
        0.2736631219271396,
        0.38201180833507664,
        0.3677798784481505,
        0.16658196279391604,
        0.04789929830250815,
        0.5442028254579072,
        0.3157786757922844,
        0.5437553164831017,
        0.8677390250287879,
        0.35869880051195374,
        0.5472211284711445,
        0.40792953145824873,
        0.5252898229660609,
        0.5506698474552695,
        0.4841411399085356,
        0.4502197653534725,
        0.5778713716155803,
        0.5741896347620362,
        0.6514647099100314,
        0.6283755708747891,
        0.36559421396335634,
        0.9789618547746484
      ],
      [
        0.6251064513535884,
        0.4094254346816282,
        0.3446154276580225,
        1.0601716478480478,
        0.6167405133786231,
        0.29248128749510344,
        0.0,
        0.45658202104435613,
        0.5939526086410757,
        0.43986173263451744,
        0.401740449407146,
        0.714281482474398,
        0.19310030849132417,
        0.5184384000178621,
        0.956350933711777,
        0.8280335870296031,
        0.6812676921171671,
        0.2922564514276876,
        0.2564591453742646,
        0.7167409274688477,
        0.5774700895726763,
        0.6140694023974687,
        0.1322965166089644,
        0.7799724954325018,
        0.6810464245918191,
        0.7513946177805586,
        0.3308809349625565,
        0.9462949567251899,
        0.654298295785659,
        0.6976280966924462,
        0.11475673525830431,
        0.4597551612947801,
        0.8207733160345845,
        0.6674668577467173,
        0.8705781571251787,
        0.1859755912345602,
        0.7042600076363061,
        0.22958525523593978,
        0.8145539424577092,
        0.6581344742878726,
        0.8872454962303881,
        0.539256325717751,
        0.4587950874962186,
        1.0416405584929653,
        0.20804643084403857,
        0.5482444009757814,
        0.6670910708303434,
        0.9851356387362,
        0.4984183906060847,
        1.0237402959437398,
        0.9999171537217153,
        0.5784931091639202,
        0.6254810954543082,
        0.8290745983925313,
        0.6737090527143546,
        0.4181640491565023,
        0.8261743649473168,
        0.017746887861701394,
        0.7440613232050783,
        1.0406339727381697,
        0.872957807284169,
        0.36571880404621016,
        1.1007317227890026,
        0.6328135598431911,
        0.703469319220112,
        0.608644019504173,
        0.547193475732707,
        0.582367410579129,
        0.7549907584571598,
        0.5171809096969543,
        0.5625680600070383,
        0.6665926714809922,
        0.5806582930876096,
        0.785092611745563,
        0.2504502478267129,
        0.3383146885999586,
        0.2799247959592886,
        0.578100839807808,
        0.4414889562668769,
        0.6015649613412211,
        0.495241803801799,
        0.15289790089342964,
        0.3403805857976116,
        0.75746126525799,
        0.46807449424820075,
        0.6870611492661292,
        1.015468128011627,
        0.6511800880070572,
        0.839702415966248,
        0.12546255762855815,
        0.7031552525448513,
        0.7620974276568544,
        0.6283131909474629,
        0.1692256094382631,
        0.7256004745984194,
        0.8666709222571396,
        0.7243892716756815,
        0.8563466510860746,
        0.4818786530197844,
        1.131615239947118
      ],
      [
        0.7726620816755385,
        0.12849702273883717,
        0.6142402618921433,
        0.8005842626872213,
        0.7365829439356955,
        0.3041982687881874,
        0.45658202104435613,
        0.0,
        0.4941126171267537,
        0.6482034931333119,
        0.2769309888083031,
        0.8273450015043864,
        0.5106015783045829,
        0.141322876013923,
        0.7048432577731314,
        0.8166591448610172,
        0.3997501996836835,
        0.46746618044427884,
        0.4691971715801918,
        0.6013801625358168,
        0.12088806852832015,
        0.2188431937475658,
        0.5155901712939734,
        0.3233904743881456,
        0.22446440354746292,
        0.40633069159796475,
        0.39707614499355465,
        0.7022173093568865,
        0.44469133490093476,
        0.3915762899093334,
        0.41903044815583923,
        0.8249244634811688,
        0.3641912949902283,
        0.8101275933797121,
        0.5819580159224278,
        0.5414111494510928,
        0.42312176160992143,
        0.4134002503751005,
        0.42158659901407347,
        0.9893515838764972,
        0.44516073224004493,
        0.08606268999858664,
        0.1605847039470969,
        0.7907735707883612,
        0.3545026720778962,
        0.18662571671647651,
        0.8140975932478111,
        0.8200722520409738,
        0.051986509636743505,
        0.7739660917243305,
        0.7430525395031652,
        0.12191108811956401,
        0.3675356451679339,
        0.5765670172011613,
        0.8679174312644299,
        0.13482001576132654,
        0.5764001607279075,
        0.4743289089060575,
        0.7848665750957522,
        0.8977350645982614,
        0.41637578623981286,
        0.207876514215863,
        0.8875186922050673,
        0.4626494710250116,
        0.4219236056998578,
        0.15206199845981688,
        0.09061145468835094,
        0.5149659521992953,
        0.7734636184413061,
        0.06059888865259819,
        0.10598603896268216,
        0.39551050946997396,
        0.23039502793741107,
        0.3538435135320124,
        0.325464363265689,
        0.2407722523350229,
        0.25386238745485495,
        0.6051191046542077,
        0.5714762069137953,
        0.14498294029686487,
        0.0989738119281106,
        0.418018936723087,
        0.32711506078760916,
        0.30087924421363377,
        0.6135917607789401,
        0.5451819048886504,
        0.8817895843555549,
        0.3700488860463629,
        0.5585561506647021,
        0.5820445786729143,
        0.24657323150049523,
        0.3055154066124983,
        0.6284524453517636,
        0.4180040453039064,
        0.6919682586504633,
        0.5554616697557963,
        0.9395385504494449,
        0.3997646300417184,
        0.10842927797151204,
        0.9822332799937313
      ],
      [
        0.3550109423956716,
        0.559992210617211,
        0.3936942843084965,
        0.4879803634782821,
        0.32072089372688933,
        0.5010756772155363,
        0.5939526086410757,
        0.4941126171267537,
        0.0,
        0.15409087600655827,
        0.5588964129918601,
        0.42033646714884076,
        0.4404375709185735,
        0.3546026677308819,
        0.38566683941269364,
        0.3253967084226857,
        0.2526643375425212,
        0.8512454049422605,
        0.837054664418038,
        0.138196558044227,
        0.407244212790218,
        0.35197114199176144,
        0.5013333895934204,
        0.5381620390499121,
        0.5323266665674701,
        0.3504603785169682,
        0.40445056157154713,
        0.3898644991059091,
        0.06034568714458333,
        0.20473425551813648,
        0.70870934389938,
        0.625196266018818,
        0.5750465478818587,
        0.3941820034596469,
        0.3724711060090763,
        0.7789947579240994,
        0.24941844949493577,
        0.7793335315373472,
        0.41187520332382993,
        0.6185436727033713,
        0.525577802770821,
        0.5795528370446426,
        0.34271656760245683,
        0.4707630430250248,
        0.7136962920434319,
        0.32760682387712664,
        0.39165444326229354,
        0.5011373854419796,
        0.5379389192671429,
        0.45503122512533634,
        0.4277783383400648,
        0.5437731380970686,
        0.13543137826593357,
        0.25509476531900555,
        0.4609088969088842,
        0.5852270327617574,
        0.2574652941289132,
        0.6038576402536714,
        0.29081262079261283,
        0.4707912285893928,
        0.665395022157443,
        0.4823538510745432,
        0.5229856081344375,
        0.03886095120211539,
        0.1417867513336368,
        0.44515013850639024,
        0.421901394272273,
        0.02387786458299297,
        0.2794969684838751,
        0.5462524582675589,
        0.4926066809538457,
        0.09860210765677971,
        0.3192808723449061,
        0.4778813497121134,
        0.5078842170812694,
        0.42259778512028323,
        0.6376039872081315,
        0.1181198915551369,
        0.23005049965130647,
        0.4945385886947141,
        0.5883632424072127,
        0.4410554591037884,
        0.47536342392098707,
        0.6024185641830841,
        0.1898075741224276,
        0.09627547739407434,
        0.4453026521537974,
        0.24944326624937438,
        0.2903550507216822,
        0.6799317964080298,
        0.6422767869218388,
        0.6124306866900902,
        0.134884957963659,
        0.7631782180793387,
        0.2009391611883103,
        0.4404556429269675,
        0.516880611487044,
        0.6134777244367989,
        0.5934775002899275,
        0.5646715197047936
      ],
      [
        0.284507014849832,
        0.5942956593394798,
        0.24169784615865259,
        0.6417762339965762,
        0.24880077408035253,
        0.36794227896279075,
        0.43986173263451744,
        0.6482034931333119,
        0.15409087600655827,
        0.0,
        0.40480553698530186,
        0.574427343155399,
        0.28634669491201525,
        0.5086935437374402,
        0.5394627099309877,
        0.39418053738433145,
        0.4067552135490795,
        0.7321181840622051,
        0.6963208780087821,
        0.2768791948343302,
        0.5613350887967763,
        0.5060620179983197,
        0.34724251358686214,
        0.6922529150564705,
        0.6864175425740283,
        0.5045512545235264,
        0.2686792189558918,
        0.543709267365964,
        0.2144365631511416,
        0.35882513152469475,
        0.5546184678928218,
        0.47319982786897397,
        0.729137423888417,
        0.31416189178702864,
        0.5265619820156345,
        0.6249038819175412,
        0.40350932550149404,
        0.6694469878704572,
        0.5659660793303882,
        0.5495945096983592,
        0.6796686787773792,
        0.7227137904980041,
        0.4968074436090151,
        0.6245589135433189,
        0.627381654550637,
        0.48169769988368494,
        0.3262956322935084,
        0.5563164405477552,
        0.6673900193937374,
        0.6024226008643985,
        0.5815742088583589,
        0.6978640141036269,
        0.28952225427249184,
        0.4088906358372996,
        0.5645316034322909,
        0.6188229583556559,
        0.4112088465087091,
        0.44976676424711315,
        0.3221470384144136,
        0.6010401918593351,
        0.8194858981640012,
        0.4941384908314096,
        0.661137941910168,
        0.19295182720867365,
        0.29587762734019507,
        0.5992410145129485,
        0.5759922702788313,
        0.1425056779446115,
        0.3261715602687149,
        0.7003433342741172,
        0.646697556960404,
        0.252692983663338,
        0.47337174835146434,
        0.6319722257186717,
        0.3845169300305134,
        0.44563496493573074,
        0.5266211904331592,
        0.13927312514774143,
        0.09427915703565118,
        0.6486294647012724,
        0.6879803944474561,
        0.28696458309723016,
        0.3395920813053318,
        0.7565094401896425,
        0.07047602078659827,
        0.24719941663161168,
        0.5758743471327923,
        0.40353414225593265,
        0.44444592672824046,
        0.5258409204014716,
        0.7963676629283971,
        0.7665215626966485,
        0.18911013878792457,
        0.6090873420727805,
        0.2860066937195848,
        0.5945465189335257,
        0.44793601172280184,
        0.7675686004433572,
        0.677962248658282,
        0.6920214590682834
      ],
      [
        0.6893125518351338,
        0.18949012235417792,
        0.5154662570803432,
        0.8949830257045589,
        0.6536063110656544,
        0.23852068937140342,
        0.401740449407146,
        0.2769309888083031,
        0.5588964129918601,
        0.40480553698530186,
        0.0,
        0.5504140126960833,
        0.3965201181784169,
        0.2977535703038326,
        0.8199639248330787,
        0.7989860743696333,
        0.5406629021884253,
        0.3439737780331414,
        0.3396309506240154,
        0.6704950454559105,
        0.34481134421452186,
        0.4160781546867758,
        0.39972509156977476,
        0.5837629312734741,
        0.4913344391361536,
        0.6250590246903315,
        0.33604178854152406,
        0.82913267566273,
        0.5156046051614487,
        0.5128630769677174,
        0.28698371414884166,
        0.7134133766724108,
        0.6301933769753096,
        0.7189674287723304,
        0.7306541767971689,
        0.41344934968274183,
        0.561041811764562,
        0.2825054703813819,
        0.6666547547581906,
        0.7696741852219144,
        0.7010645537609546,
        0.31790825351270224,
        0.24538070726828523,
        0.9024861530199583,
        0.22257611756533507,
        0.35149568883862936,
        0.7311011692788103,
        0.9350256713030777,
        0.2625844824084355,
        0.8889195109864344,
        0.8346257931107834,
        0.39872906333638986,
        0.43625542665471734,
        0.6905113248716725,
        0.5909864424561267,
        0.214017421370354,
        0.6913535799900113,
        0.41055726993364267,
        0.7269525753997155,
        0.988882195383535,
        0.6895935705609384,
        0.08933295384610773,
        0.980990903298771,
        0.5359665038750133,
        0.5123187333027949,
        0.3824219350241731,
        0.31947430091216167,
        0.5473112149299133,
        0.7309770972540168,
        0.32330704119016557,
        0.3774231126535819,
        0.4773670026814013,
        0.3944773506181761,
        0.5989116692761295,
        0.21765390508009166,
        0.161090983543432,
        0.12181565344785737,
        0.5440786621330433,
        0.499084694020953,
        0.4100429849852062,
        0.2831748574621542,
        0.3021538569988883,
        0.2823192999175577,
        0.5719097458595437,
        0.4752815577719001,
        0.6143664441882164,
        0.9633936189479395,
        0.5112588828551416,
        0.6887772143216843,
        0.48355833175269003,
        0.5230916543746637,
        0.5777363469323094,
        0.5939156757732265,
        0.28834543819392044,
        0.6908122307048867,
        0.7309577319756972,
        0.7075351844013491,
        0.6670941633294897,
        0.27315671167298017,
        1.0739001275233409
      ],
      [
        0.33308405170615424,
        0.7399041350502612,
        0.4860283028899393,
        0.8816387922000484,
        0.36007677821901535,
        0.7878910847774395,
        0.714281482474398,
        0.8273450015043864,
        0.42033646714884076,
        0.574427343155399,
        0.5504140126960833,
        0.0,
        0.5717351275457322,
        0.7749391348797227,
        0.8060033065615344,
        0.6271056208102719,
        0.673000804691362,
        0.8943877907292246,
        0.8900449633200986,
        0.5585330251930678,
        0.8275806799390588,
        0.7723076091406023,
        0.5968492549856329,
        0.958498506198753,
        0.9526631337163108,
        0.770796845665809,
        0.7097283972510022,
        0.8102009662547498,
        0.4806821542934241,
        0.6250707226669773,
        0.8288774150391308,
        0.2545263211796179,
        0.9953830150306995,
        0.29089529164103906,
        0.7928075731579171,
        0.8399779689121746,
        0.6697549166437765,
        0.8329194830774651,
        0.8322116704726708,
        0.2192601725258312,
        0.9459142699196618,
        0.8683222662087855,
        0.7630530347512976,
        0.8910995101738656,
        0.7729901302614184,
        0.7479432910259673,
        0.3155791287801569,
        0.791471331698515,
        0.8129984951045188,
        0.8375774920151583,
        0.8481148054889056,
        0.949143076032473,
        0.5557678454147743,
        0.6754312324678463,
        0.04057242976004346,
        0.7644314340664373,
        0.677801761277754,
        0.7058333998723822,
        0.5317729597821116,
        0.8911276957382337,
        1.0857314893062837,
        0.639746966542191,
        0.9433220752832783,
        0.4591974183509562,
        0.5621232184824776,
        0.8654866056552311,
        0.8422378614211138,
        0.4442143317318337,
        0.5625637264405183,
        0.8737210538862488,
        0.9129431481026864,
        0.5189385748056204,
        0.7396173394937469,
        0.8982178168609543,
        0.7542009044880841,
        0.7115049962395152,
        0.6722296661439406,
        0.5384563587039777,
        0.5353283353307616,
        0.9148750558435549,
        0.8335888701582375,
        0.6666928339483972,
        0.7806412596004422,
        1.022755031331925,
        0.5345817404945373,
        0.5166119445429151,
        0.8656391193026383,
        0.6697797333982152,
        0.710691517870523,
        0.6772615438205468,
        1.0626132540706796,
        1.032767153838931,
        0.5552214251124998,
        0.8387594508900037,
        0.621275628337151,
        0.8607921100758082,
        0.15712117170526588,
        1.0338141915856398,
        0.8235707243690634,
        0.974459822536453
      ],
      [
        0.4332303515786078,
        0.4663984667946901,
        0.15273932788304187,
        0.8839015539256704,
        0.43752877440257154,
        0.23701685341595935,
        0.19310030849132417,
        0.5106015783045829,
        0.4404375709185735,
        0.28634669491201525,
        0.3965201181784169,
        0.5717351275457322,
        0.0,
        0.4599537283166705,
        0.825809404843003,
        0.6535785197240085,
        0.6258032580380231,
        0.4853567599190117,
        0.4483512231139412,
        0.5630939758383925,
        0.5279613300771795,
        0.5585394510969518,
        0.06708230636089661,
        0.7669129171361317,
        0.6897475180134042,
        0.6316672358511775,
        0.2111535530331753,
        0.8265675747958087,
        0.5007832580631568,
        0.6421636626133022,
        0.30785704374962847,
        0.3172088063661142,
        0.8161539493813824,
        0.47559075797173667,
        0.8129086769276498,
        0.3721044702902518,
        0.6487955735571621,
        0.42268556372726396,
        0.7087774199986641,
        0.48238323405838635,
        0.8313117906297691,
        0.5733520744745139,
        0.39854283704447563,
        0.9109056084553342,
        0.4011467393353627,
        0.49274618956279564,
        0.4752149710553627,
        0.8082164936691262,
        0.5145795389986157,
        0.8543226539857695,
        0.8679209037703741,
        0.6266741315839445,
        0.5605689324222356,
        0.6952373307493149,
        0.5311626977856887,
        0.4955959383402786,
        0.6975555414207244,
        0.19517633612740082,
        0.563897494695718,
        0.8766952448896801,
        0.8904016117263889,
        0.3071871643323092,
        0.9367929949405129,
        0.4792985221206889,
        0.5822243222522103,
        0.5591866903627905,
        0.5142776517981419,
        0.42885237285662675,
        0.578071613390086,
        0.5675229678232276,
        0.5908901346112431,
        0.5390396785753533,
        0.5247245874869907,
        0.729158906144944,
        0.1857685009861214,
        0.27340252556788586,
        0.4696021586255483,
        0.41527258771304015,
        0.26227721729082526,
        0.6115316908059422,
        0.5465158203354127,
        0.09499554919566815,
        0.2531770003184765,
        0.7719214025781458,
        0.295436092972906,
        0.533546111543627,
        0.8515294001631374,
        0.5957156539279131,
        0.7307926216402557,
        0.24568031562644657,
        0.7488172829270981,
        0.7790646324777202,
        0.46490541279758596,
        0.36232591792958724,
        0.5616617467499299,
        0.8112064881779956,
        0.5818429167470155,
        0.8603629531810422,
        0.5420589157811985,
        0.9676765120986285
      ],
      [
        0.6826867526485327,
        0.23435959891746758,
        0.5342223688321177,
        0.6622181690446934,
        0.6494842436966285,
        0.22595711252275863,
        0.5184384000178621,
        0.141322876013923,
        0.3546026677308819,
        0.5086935437374402,
        0.2977535703038326,
        0.7749391348797227,
        0.4599537283166705,
        0.0,
        0.572318308421849,
        0.6771059972635217,
        0.26867660234274626,
        0.5525358564496669,
        0.545447640199977,
        0.46009710712081087,
        0.07111039439343853,
        0.1183888370092313,
        0.47511818062513317,
        0.3100619814523907,
        0.2397806911407967,
        0.35251344070181384,
        0.29983262466464167,
        0.5704872046600556,
        0.30431144468419086,
        0.256187647451988,
        0.49561559561721513,
        0.7586661158900022,
        0.3593030136976414,
        0.7230288931406452,
        0.4525837265710269,
        0.6162867704291123,
        0.29172008671771577,
        0.48749146184663367,
        0.3732843276564273,
        0.9423369623750568,
        0.40769412665919125,
        0.22555983556889084,
        0.061862085874093455,
        0.6579662574061106,
        0.4227262451328218,
        0.05756203939581317,
        0.7244319859450434,
        0.6862298416848427,
        0.18907989581328857,
        0.6401236813681994,
        0.6055430686742167,
        0.20031121190206871,
        0.22649601507513029,
        0.4424663179589283,
        0.8155115646397662,
        0.25330429695525514,
        0.44255775037177636,
        0.5361852878795635,
        0.6453566256998804,
        0.7597575885075957,
        0.43888638119924916,
        0.2088876467532081,
        0.7510742372713034,
        0.3228424583666906,
        0.2815690792394436,
        0.09924178844652241,
        0.07167848097092862,
        0.37545600280342356,
        0.6339536690454344,
        0.19165163304323266,
        0.15169354320670642,
        0.2560005600741022,
        0.1011069235164128,
        0.3055412421743661,
        0.28077768542699155,
        0.1952226084259154,
        0.33044753491623086,
        0.4656091552583359,
        0.47423268658488227,
        0.1583733888598873,
        0.2389199339286784,
        0.3780905914057916,
        0.22995434993918307,
        0.3205771824018673,
        0.516348240450027,
        0.40390094971066987,
        0.743423490713027,
        0.238713298866624,
        0.4267649673027119,
        0.6282618831184283,
        0.305589067319901,
        0.32703142798008017,
        0.4889424959558919,
        0.49169000132462237,
        0.5524839995810105,
        0.45841214798717966,
