{
  "sol": {
    "z": 5.516363408633871,
    "tours": [
      [
        0,
        11,
        32,
        26,
        25,
        39,
        28,
        13,
        3,
        19,
        14,
        18,
        7,
        8,
        6,
        1,
        31,
        35,
        23
      ],
      [
        22,
        33,
        16,
        17,
        12,
        34,
        15,
        29,
        9,
        30,
        37,
        36,
        38,
        10,
        27,
        24,
        21,
        20,
        4,
        5,
        2
      ]
    ]
  },
  "params": {
    "gm": [
      [
        0.0,
        0.4329467781052511,
        0.46120478159424805,
        0.3724509495375119,
        0.8344755253735667,
        1.0130722727405963,
        0.4426504326128064,
        0.3952663171804993,
        0.41161312282524554,
        1.0509807358836638,
        0.5212208455352992,
        0.07102212357993752,
        0.8374851209196503,
        0.41614988986680007,
        0.38362181249508726,
        0.5774562677087272,
        0.8994769309599957,
        0.9428841853368158,
        0.28608475353035706,
        0.3573292050015647,
        0.47884173175781425,
        0.3163525366871644,
        0.9366300410150978,
        1.0157544981110673,
        0.46948793111817116,
        0.30188835269152636,
        0.2105177273051618,
        0.5466957224714408,
        0.2630008627031977,
        0.5785889957374548,
        1.012197716564314,
        0.6962165267152559,
        0.16769354575994053,
        0.8417347229804223,
        0.6310412130464312,
        0.832456932150344,
        0.8262287931138245,
        0.9306982109455149,
        0.7449909009014102,
        0.3033675324043487,
        0.41415382824564106,
        0.23407823449432866,
        0.6323612581081947,
        0.9907208928815866,
        0.37512294334630053,
        0.8214771272324056,
        0.4170229029315798,
        0.2600864113609115,
        0.5271162322436321,
        0.5139357563776593,
        0.164695498155883,
        0.914600461170115,
        0.88360424224363,
        0.7195632788100442,
        0.5219610412266921,
        0.683837081252212,
        0.5556985364324071,
        0.7009952844520968,
        0.4256853433603008,
        0.516098129457454,
        0.6709673118329401,
        0.7948860207511297,
        0.4005616495326434,
        0.6252797271185356,
        0.6516560752351026,
        0.20922358482663725,
        0.22445735929958838,
        0.49056840283162895,
        0.20644627734242443,
        0.5821799880673177,
        0.17634619302281113,
        0.7847964268281837,
        0.2015619020241063,
        0.572724261548195,
        0.07009196499390717,
        0.9306532017012268,
        0.4622843553638381,
        0.9308465903160421,
        0.9402120269069667,
        0.22977451329963386,
        0.721010722884223,
        0.3587888676803516,
        0.15891966847703734,
        0.21179673988563447,
        0.3340914999285411,
        0.4096911207953466,
        0.43690768329530233,
        0.4863882823314167,
        0.8320110961549684,
        0.8721809980859473,
        0.9616276597103086,
        0.46004920370159247,
        0.7176143295150021,
        0.7437842765570186,
        0.6760627733348162,
        0.48521839972532643,
        0.24403888964518453,
        0.841440380340167,
        0.745574409509552,
        1.0914746562981879
      ],
      [
        0.4329467781052511,
        0.0,
        0.1004406723967113,
        0.2528968515524773,
        0.8129936916233554,
        0.6000639298035539,
        0.1307846636846417,
        0.06759506904291178,
        0.11364152730794656,
        1.0010283556024917,
        0.6719670796658257,
        0.4200895589133087,
        0.6171243504138729,
        0.41116795310888987,
        0.1356663202360751,
        0.49973402531788447,
        0.6263155200261002,
        0.6873333399954957,
        0.17884114221405872,
        0.27059139137954163,
        0.7992062479007329,
        0.6311516578294593,
        0.6309163319478632,
        0.5987374642593903,
        0.784287052260466,
        0.30529544188400154,
        0.43575200884610077,
        0.6418439609936987,
        0.40382767166754896,
        0.5438220198963297,
        0.959567511787522,
        0.2632697486100048,
        0.34122637780458326,
        0.5418005656779918,
        0.394708775833742,
        0.43822648372754214,
        0.8162088590879133,
        0.9301984917743129,
        0.8551032608164767,
        0.3212924448950415,
        0.24784016813480608,
        0.3542570631795274,
        0.4011043727084013,
        0.7698911782670901,
        0.1402379963481448,
        0.49951073341899105,
        0.7553831191005479,
        0.5567742554764744,
        0.6222644707658899,
        0.28289120652941324,
        0.2981658880675281,
        0.6130036441952276,
        0.47030167176565235,
        0.7215014162441078,
        0.14821968625584417,
        0.26944715490889626,
        0.777224271439807,
        0.8287906980166244,
        0.15881762434974683,
        0.8517505054006311,
        0.6647060835712714,
        0.3838372084862313,
        0.17681123629426262,
        0.5545351209729291,
        0.7030744492875853,
        0.41000837824395814,
        0.4391266937342108,
        0.15356903436416947,
        0.5260602280116851,
        0.1492332099620666,
        0.39997657731667613,
        0.4790484603846279,
        0.4264208712966536,
        0.6841833396375722,
        0.48803614595710376,
        0.6327764530908746,
        0.13805753290320272,
        0.623636395903672,
        0.6248153225822772,
        0.5895622487386326,
        0.41465976885056455,
        0.10524523796721685,
        0.3325441453404507,
        0.3655761459412715,
        0.17125794645614612,
        0.5048393593176044,
        0.10396843626928925,
        0.20895777757492326,
        0.5658447771761437,
        0.877660594257673,
        0.5655020935471682,
        0.17718887119656312,
        0.6165382151457744,
        0.43655789875980955,
        0.35980621672436314,
        0.8003401414415103,
        0.330658325744294,
        0.8199585465899557,
        0.8065568780337938,
        1.0373061779203927
      ],
      [
        0.46120478159424805,
        0.1004406723967113,
        0.0,
        0.18898525566262603,
        0.8953792154663291,
        0.6299847203252755,
        0.15033251583018525,
        0.14998059288588547,
        0.11982594795696937,
        1.0960392281486184,
        0.7609397516058944,
        0.4604169472022774,
        0.7121352229599996,
        0.3418354149650951,
        0.23262880644279244,
        0.5966965115246018,
        0.7112280278287116,
        0.7777358987596046,
        0.2612266660570324,
        0.36436162595490196,
        0.8816418155850546,
        0.713587225513781,
        0.7148353384636016,
        0.6246971838010839,
        0.8667226199447877,
        0.23118847619987978,
        0.361645043161979,
        0.731802725244689,
        0.3302370426729207,
        0.640784506103047,
        1.0545783843336487,
        0.2756382595927067,
        0.42361190164755697,
        0.626330812866652,
        0.4924429598024163,
        0.482840240048437,
        0.9131713452946306,
        1.0236532595398733,
        0.9450620250674671,
        0.2491933933421145,
        0.3469474003399287,
        0.2821803473886021,
        0.5002846932589312,
        0.8641494197042846,
        0.23594236422643627,
        0.5420599051863607,
        0.83779546130205,
        0.6391952441056574,
        0.7122232350168802,
        0.38242813660094344,
        0.3805514119105018,
        0.6975338913838878,
        0.5039715610665364,
        0.8184639024508251,
        0.060756259632444014,
        0.3142037316531701,
        0.8671830356907975,
        0.9192263218062233,
        0.2591639746418119,
        0.9341714940298143,
        0.7616685697779887,
        0.4236010968895318,
        0.10815715709228274,
        0.6514976071796464,
        0.8000369354943027,
        0.3403922936070388,
        0.5217717435124443,
        0.05316351107496278,
        0.6085476735454036,
        0.16974992297252028,
        0.38391850061796784,
        0.5636140176206608,
        0.38213688115234323,
        0.7741421038885625,
        0.5283635342460725,
        0.7173067002795348,
        0.04950955624037435,
        0.7081666430923323,
        0.669429078903172,
        0.6526673273075655,
        0.4992253260865973,
        0.18763076181019056,
        0.41547694508836663,
        0.29692206673929167,
        0.2536434702991198,
        0.5947981235685947,
        0.09507741026785145,
        0.11077075211209894,
        0.6548533554419796,
        0.9746230804643903,
        0.6085522215351897,
        0.08338437587145432,
        0.7160751452173046,
        0.5210881459484699,
        0.44433646391302345,
        0.882775709125832,
        0.4140540092848418,
        0.9023440704329294,
        0.9035193642405112,
        1.1323170504665194
      ],
      [
        0.3724509495375119,
        0.2528968515524773,
        0.18898525566262603,
        0.0,
        1.002405905122757,
        0.8179415262283526,
        0.20975911744200737,
        0.2570072825423133,
        0.17965954694430175,
        1.2101965427788663,
        0.8198549460576983,
        0.40065192226568414,
        0.8591632848688989,
        0.15827115438974715,
        0.34505303550328215,
        0.7091207405850914,
        0.8782391060081581,
        0.9351708455609438,
        0.36825335571346024,
        0.4719015487233864,
        0.8343019036070085,
        0.6665852847551997,
        0.8834078877560672,
        0.8118599102478119,
        0.810383519086811,
        0.07233743195883144,
        0.20279399892093067,
        0.7418057815101639,
        0.1594325801999477,
        0.7532087351635367,
        1.1801280963135041,
        0.4625764309468011,
        0.30813291767462875,
        0.7942921214861958,
        0.6329332401552524,
        0.6712176364454127,
        1.0255955743551204,
        1.1306799491963013,
        1.015421632474609,
        0.07932964196799226,
        0.45899733119929575,
        0.13858731697594331,
        0.6343791752006376,
        1.0124730123361187,
        0.34486597001792596,
        0.7310183281343471,
        0.7791337966464705,
        0.5985546267580291,
        0.7613852717379725,
        0.5168044771057917,
        0.3501982138541564,
        0.8654952000034315,
        0.6927005153813348,
        0.9308881315113148,
        0.2167782818097679,
        0.5024431870895495,
        0.8899952716301476,
        0.9871114807837542,
        0.38512293771305306,
        0.8792185686571414,
        0.8740927988384783,
        0.6125595198375181,
        0.08111002102053226,
        0.7639218362401361,
        0.8916067820255847,
        0.18096313058355037,
        0.5140123443954079,
        0.16777862401826485,
        0.5500508037167222,
        0.358729802381584,
        0.2493974105465893,
        0.7314554404555784,
        0.2232858369112949,
        0.844593265210464,
        0.44068408698422434,
        0.8852680088990785,
        0.1410318444663211,
        0.8700138927100295,
        0.8578064753001478,
        0.5920299385633337,
        0.6670667489215151,
        0.29465745146661837,
        0.38660069340869757,
        0.1624009766679131,
        0.36067015995554763,
        0.6653578517734469,
        0.15436498647424493,
        0.1349249270060837,
        0.8154383511058149,
        1.0870473095248798,
        0.7974230383724208,
        0.12445138462626651,
        0.8504514857221528,
        0.6890494545680135,
        0.6122977725325671,
        0.8357737683672508,
        0.4532372431795527,
        1.0093707600893573,
        0.9980631994613721,
        1.2518849896820732
      ],
      [
        0.8344755253735667,
        0.8129936916233554,
        0.8953792154663291,
        1.002405905122757,
        0.0,
        0.8594579528435138,
        0.8415295400562378,
        0.7453986225804436,
        0.8414667131947844,
        0.21650521051009705,
        0.40273430529763404,
        0.7637159243995767,
        0.4226401883733849,
        1.1489885613334652,
        0.6931481753154505,
        0.3290804702336412,
        0.4490753489197909,
        0.34414128022058404,
        0.7927521726451704,
        0.7384997998479286,
        0.6624440461466274,
        0.7262293150381417,
        0.5974741324924857,
        0.8848528178124209,
        0.5730939206071349,
        0.9931311665392295,
        0.8626745995771302,
        0.4638609044424278,
        1.0158719699888097,
        0.29096759907170444,
        0.1777221911907472,
        0.9123332434796918,
        0.7582176652630935,
        0.53325701382815,
        0.4864974419637509,
        0.7913348384697735,
        0.0369182679447782,
        0.12827404407354426,
        0.2517110588587705,
        1.0064527340454337,
        0.8010977235537884,
        0.9349176156297878,
        0.45870298137467713,
        0.2693243963886467,
        0.7020526863620766,
        0.7308265624446906,
        0.7059695523704603,
        0.7339520328794998,
        0.44470539147564025,
        0.5771284831052125,
        0.7220313682026196,
        0.5184531138042912,
        0.8590170478576149,
        0.12527145892077943,
        0.9516246537735791,
        0.8693014492765245,
        0.5000989821886928,
        0.3214920788676224,
        0.707971953338602,
        0.7246823815382832,
        0.16410841198025425,
        0.8492853707415196,
        0.9367185205394052,
        0.29047112847282713,
        0.2004622501403573,
        0.9618474336877122,
        0.6137074259556498,
        0.9450715114257773,
        0.7212777460289128,
        0.8725139105546817,
        0.8147465212226395,
        0.6020618794353401,
        0.8423238109936837,
        0.31586053480984366,
        0.8042649058489488,
        0.5020196749382356,
        0.9182306596434732,
        0.5680119493422376,
        0.6470474672296289,
        0.7913898853217824,
        0.6217119369424485,
        0.7830487915047487,
        0.6978858826514341,
        0.9017429551013156,
        0.8399033553843048,
        0.4289471936515883,
        0.848040918648512,
        0.9920047870272021,
        0.4681191694623621,
        0.10103375024003215,
        0.7909260146388459,
        0.9566635116890685,
        0.3828372071481212,
        0.6125807455117647,
        0.6293136667155702,
        0.596204188614588,
        0.612362728739578,
        0.006964854966600213,
        0.17709871698440988,
        0.25699913092462107
      ],
      [
        1.0130722727405963,
        0.6000639298035539,
        0.6299847203252755,
        0.8179415262283526,
        0.8594579528435138,
        0.0,
        0.7307261579330333,
        0.6472017783288927,
        0.7124085851621289,
        0.9327590014593689,
        1.0271144161306867,
        0.9803117117387266,
        0.5792234631621138,
        0.9631059801145705,
        0.633003484277181,
        0.7134162625889655,
        0.44149979622256114,
        0.5457097260331711,
        0.751352242195319,
        0.7339822113079781,
        1.2647696018543049,
        1.1399827213908735,
        0.29307787516883427,
        0.025394864968907045,
        1.1711509906002726,
        0.8589279522845442,
        0.9181494840804274,
        1.0239870692031325,
        0.956871867618107,
        0.7541947928129924,
        0.8979811168427319,
        0.3556206660712361,
        0.8453922663812281,
        0.3786053762491476,
        0.55179959288079,
        0.1883550959191129,
        0.8963762207882919,
        0.9734317854999212,
        1.0562249049558654,
        0.8779014109645907,
        0.691480209483395,
        0.9096025583054507,
        0.584935728023256,
        0.6577069418181845,
        0.6418450140203574,
        0.22549177013185157,
        1.2361561936782874,
        1.0686309411983062,
        1.00890827542854,
        0.6117097832415787,
        0.8557531877883947,
        0.3713986365693881,
        0.1301679616065772,
        0.9018905114286113,
        0.6057111468325987,
        0.3320722078057473,
        1.1515416542365073,
        1.0862902418955327,
        0.5983544392682084,
        1.3346996244292395,
        0.848995146198031,
        0.21854110257491285,
        0.7379045512525353,
        0.722632429705458,
        0.8982626130944743,
        0.9678145045238874,
        0.9488582022867109,
        0.6536812602067562,
        1.0510865557401177,
        0.46218973444729095,
        0.8702214057259366,
        0.35250857560606697,
        0.9001097831796214,
        0.9702060581418186,
        1.0481052105963726,
        0.3889961384219164,
        0.6769317671572229,
        0.3223608361470449,
        0.24280788566836148,
        1.1203888039296301,
        0.40206079924142935,
        0.6832785917511172,
        0.8799004789730065,
        0.9266694608995443,
        0.7492913002400464,
        0.902746382830532,
        0.6976721471098783,
        0.704328914741057,
        0.4689528402666929,
        0.9604733436193275,
        0.10054671412843268,
        0.6982017544189548,
        0.7277091308160405,
        0.383491964516739,
        0.4569496614150032,
        1.2055074147622657,
        0.8379418881671032,
        0.866422807810114,
        0.9938329249422667,
        0.960726646169208
      ],
      [
        0.4426504326128064,
        0.1307846636846417,
        0.15033251583018525,
        0.20975911744200737,
        0.8415295400562378,
        0.7307261579330333,
        0.0,
        0.09613091747579414,
        0.031037309787560877,
        1.0580347505663348,
        0.7076015391171222,
        0.37162830903286886,
        0.699461203037411,
        0.3657459570056829,
        0.18512376099463618,
        0.5491914660764455,
        0.725863976950401,
        0.7777692072606133,
        0.20737699064694107,
        0.31102518365686727,
        0.8059194924574403,
        0.6389061999837449,
        0.7342192777424172,
        0.7295205375739766,
        0.7920415944147516,
        0.25713330201121404,
        0.38758986897331327,
        0.6781551865123214,
        0.35566553179476146,
        0.5932794606548908,
        1.0192517312469849,
        0.39153158615410866,
        0.36976222623746563,
        0.6455925972507671,
        0.4727273179564032,
        0.5683234628244236,
        0.8656662998464744,
        0.9698035841297821,
        0.8914144863350995,
        0.273130305022254,
        0.3004855670683746,
        0.3060949233067399,
        0.4735662374915338,
        0.8527651379187349,
        0.18611966947007996,
        0.6296077125158724,
        0.7501717547063107,
        0.5747357693204159,
        0.6585756962845126,
        0.35623169971238,
        0.32670173650041046,
        0.7168501822094315,
        0.6008561048008542,
        0.7709588570026689,
        0.21028096825648426,
        0.39954413400577765,
        0.8135354969584299,
        0.8655787830738557,
        0.22438523848580708,
        0.8502711779120574,
        0.7141635243298324,
        0.5139898167471366,
        0.12864909642147512,
        0.6039925617314902,
        0.7525318900461464,
        0.36184623837117064,
        0.46792206810235293,
        0.18179877402717579,
        0.52325438890644,
        0.2770065235815264,
        0.4044104399471602,
        0.5820990805905336,
        0.4080817069636775,
        0.7204945651561949,
        0.43957489607666395,
        0.7366169773811562,
        0.1430348741007264,
        0.727482933917876,
        0.736911693079214,
        0.563878689138157,
        0.5177103890564703,
        0.13378108640009923,
        0.3616272696782753,
        0.317414006068484,
        0.1997937948890285,
        0.5411505848362271,
        0.056328306742080184,
        0.2075846444211099,
        0.6596751923224123,
        0.927118035016234,
        0.6955990726440496,
        0.17196619058496143,
        0.6898787083287412,
        0.5404044367740135,
        0.46400836266514356,
        0.808094683595796,
        0.3602043338747505,
        0.8484943950228381,
        0.8560143187923549,
        1.0985286709808588
      ],
      [
        0.3952663171804993,
        0.06759506904291178,
        0.14998059288588547,
        0.2570072825423133,
        0.7453986225804436,
        0.6472017783288927,
        0.09613091747579414,
        0.0,
        0.09606809061434077,
        0.9619038330905407,
        0.611470621641328,
        0.3524944898703969,
        0.6033302855616168,
        0.4141608792458432,
        0.08899284351884205,
        0.4530605486006514,
        0.6297330594746068,
        0.6816382897848191,
        0.11124607317114693,
        0.21489426618107313,
        0.7316612226991691,
        0.5636066326278955,
        0.6380883602666232,
        0.6478103946594371,
        0.7167420270589022,
        0.3198041035487004,
        0.3789259530130727,
        0.5820242690365273,
        0.41643986274226097,
        0.4971485431790967,
        0.9231208137711908,
        0.3228221778984253,
        0.2736313087616715,
        0.549461679774973,
        0.37659640048060905,
        0.4839866039096873,
        0.7695353823706803,
        0.8736726666539879,
        0.7952835688593053,
        0.3358011065597404,
        0.20435464959258048,
        0.36876572484422626,
        0.37743532001573965,
        0.7566342204429407,
        0.08998875199428584,
        0.536342935880391,
        0.6878148684161645,
        0.489214651219772,
        0.5624447788087185,
        0.26010078223658584,
        0.23057081902461632,
        0.6207192647336374,
        0.5170388555324286,
        0.6748279395268748,
        0.20622603119313546,
        0.3152072750910414,
        0.7174045794826356,
        0.7694478655980617,
        0.12825432101001294,
        0.7841909011439288,
        0.6180326068540383,
        0.42890544996111946,
        0.1913198979589615,
        0.507861644255696,
        0.6564009725703523,
        0.424517039908657,
        0.3717911506265588,
        0.19967288884533363,
        0.4585670806595182,
        0.21113091676375909,
        0.33238150827376434,
        0.48596816311473956,
        0.35882580225374183,
        0.6243636476804008,
        0.42044107691419197,
        0.640486059905362,
        0.1728320370630295,
        0.6313520164420818,
        0.6407807756034198,
        0.5223911717264322,
        0.42157947158067616,
        0.037650168924305075,
        0.2654963522024812,
        0.3800848076059704,
        0.10366287741323432,
        0.44501966736043297,
        0.10264229606806838,
        0.24660616444675842,
        0.5635442748466182,
        0.8309871175404397,
        0.6112622137293133,
        0.2112648891086249,
        0.593747790852947,
        0.44427351929821934,
        0.3678774451893494,
        0.7327951162399465,
        0.2640734163989563,
        0.7523634775470439,
        0.7598834013165607,
        1.0023977535050648
      ],
      [
        0.41161312282524554,
        0.11364152730794656,
        0.11982594795696937,
        0.17965954694430175,
        0.8414667131947844,
        0.7124085851621289,
        0.031037309787560877,
        0.09606809061434077,
        0.0,
        1.0305369958345647,
        0.7075387122556688,
        0.340590999245308,
        0.6991140211905363,
        0.3368131436478316,
        0.1850609341331828,
        0.5491286392149921,
        0.7245647400100537,
        0.7776603350241192,
        0.2073141637854877,
        0.3109623567954139,
        0.7748821826698795,
        0.607868890196184,
        0.7317025759826132,
        0.7103333850125124,
        0.7610042846271907,
        0.23335811368743659,
        0.3638146806495358,
        0.678092359650868,
        0.331890343470984,
        0.5932166337934374,
        1.0191889043855316,
        0.3688137304015553,
        0.36969939937601226,
        0.6428897767685592,
        0.4721353626024362,
        0.5515612692889292,
        0.865603472985021,
        0.9697407572683286,
        0.891351659473646,
        0.24935511669847651,
        0.3004227402069213,
        0.2823197349829624,
        0.4727330560064167,
        0.8523895701185737,
        0.1860568426086266,
        0.6128455189803781,
        0.7191344449187498,
        0.543698459532855,
        0.6585128694230592,
        0.35531858464371324,
        0.3266389096389571,
        0.714097611958044,
        0.5829747303630447,
        0.7708960301412154,
        0.1794618618764362,
        0.38278194047028336,
        0.8134726700969763,
        0.8655159562124024,
        0.22346408404249182,
        0.8192338681244966,
        0.714100697468379,
        0.4970512480960703,
        0.10487390809769767,
        0.6039297348700368,
        0.752469063184693,
        0.3380710500473932,
        0.4678592412408996,
        0.15092951033710747,
        0.49221707911887924,
        0.2546347422840771,
        0.38063525162338274,
        0.5795823788307296,
        0.38430651863990006,
        0.7204317382947415,
        0.4085375862891031,
        0.733870420853691,
        0.1125702059167144,
        0.7247303636664885,
        0.73439499131941,
        0.5328413793505962,
        0.5151936872966663,
        0.13371825953864586,
        0.361564442816822,
        0.29363881774470657,
        0.19973096802757512,
        0.5410877579747737,
        0.025294560470056807,
        0.17910977889190552,
        0.6592501199702695,
        0.9270552081547805,
        0.6788368791085553,
        0.1430945038053974,
        0.6889655932600744,
        0.537651866522626,
        0.4609769363600721,
        0.777057373808235,
        0.36014150701329706,
        0.8484315681613847,
        0.8559514919309015,
        1.0722254427377715
      ],
      [
        1.0509807358836638,
        1.0010283556024917,
        1.0960392281486184,
        1.2101965427788663,
        0.21650521051009705,
        0.9327590014593689,
        1.0580347505663348,
        0.9619038330905407,
        1.0305369958345647,
        0.0,
        0.6058191199954389,
        0.9802211349096738,
        0.3839040051886189,
        1.3617852768193792,
        0.8896439512444727,
        0.5255762461626634,
        0.4921547637540064,
        0.38734403332542383,
        1.0040415630050457,
        0.91652392760919,
        0.8544948247019165,
        0.9228519841730424,
        0.6398246580777452,
        0.9567432663264371,
        0.7697165897420356,
        1.2045519303201746,
        1.0740953633580754,
        0.6731257287613696,
        1.2201154343628735,
        0.48148825158421815,
        0.04442772905814023,
        0.9820829486384136,
        0.9721876394478554,
        0.5688087435629571,
        0.6112425117043983,
        0.8266785680633816,
        0.2303587259647801,
        0.16099852427823869,
        0.4120383387481603,
        1.2132792459042188,
        0.8517271380759539,
        1.1511939070381025,
        0.6174219581073964,
        0.27516007344000837,
        0.8985484622910987,
        0.7654079197570569,
        0.9048672105815131,
        0.9504563995809214,
        0.6544670958867693,
        0.7283457486247058,
        0.9315906467307028,
        0.5615138901265422,
        0.8983108754620905,
        0.3377582709966093,
        1.1233750232851754,
        0.9954578968820275,
        0.6885341475318503,
        0.4880135138012258,
        0.8596983967342452,
        0.9115547784257795,
        0.3806004429541847,
        0.8838667280538859,
        1.1354109039322624,
        0.5069631594467576,
        0.4119613125719928,
        1.1723504372681128,
        0.8302117926570713,
        1.1475171167359828,
        0.9359822176425866,
        0.9739028065804264,
        1.0310228126309542,
        0.6261404841719882,
        1.053613201353559,
        0.5211901755694426,
        1.0207444888384096,
        0.5439013353864908,
        1.1347358701535701,
        0.610455415285642,
        0.6900589549375782,
        1.0062877138148478,
        0.6308770459040977,
        0.9844716636450187,
        0.9123437466145233,
        1.1180189760487445,
        1.0421434152770568,
        0.6453511362817274,
        1.0558315563046214,
        1.2068007964374343,
        0.48482907426112454,
        0.21340107492041602,
        0.8341066962942038,
        1.1731687221991656,
        0.5993292381220517,
        0.6220239483500986,
        0.6716335941750852,
        0.7890478714907626,
        0.8236521190994532,
        0.2101461042869236,
        0.3556332177161826,
        0.04168844690320677
      ],
      [
        0.5212208455352992,
        0.6719670796658257,
        0.7609397516058944,
        0.8198549460576983,
        0.40273430529763404,
        1.0271144161306867,
        0.7076015391171222,
        0.611470621641328,
        0.7075387122556688,
        0.6058191199954389,
        0.0,
        0.4501987219553617,
        0.5521917341546037,
        0.9082304365204722,
        0.5836144688449677,
        0.3156831125464167,
        0.6951485912298877,
        0.6595322691750722,
        0.5453743706173882,
        0.49275477398649614,
        0.2661661470896528,
        0.32655381702920117,
        0.8082259958856591,
        1.0431253748819962,
        0.1734184225981944,
        0.7475175140988668,
        0.6170609471367676,
        0.08128707407924159,
        0.7631111107234418,
        0.2783016882364274,
        0.5738783579259167,
        0.8854968749736667,
        0.5151532232265477,
        0.6907938282055459,
        0.4784658789915818,
        0.8447373160811,
        0.3786929514913133,
        0.4574945700970462,
        0.23077222448289003,
        0.7656943387715549,
        0.5569106857696231,
        0.6941594908167947,
        0.4448026716890906,
        0.6720587016862807,
        0.575206616380239,
        0.8888039428299767,
        0.3035332284502531,
        0.4010161747470562,
        0.07016934939486072,
        0.5170751649416587,
        0.47650640388094656,
        0.7459097600541843,
        0.924320112633508,
        0.2787472246314185,
        0.8175821025984461,
        0.8092481311129707,
        0.12514190554538518,
        0.1797744389167976,
        0.6062051517770403,
        0.333721257619026,
        0.26168621435814243,
        0.9128520405212952,
        0.7821941386629347,
        0.324042781105417,
        0.20547402227894834,
        0.7061070129535749,
        0.35323334106484494,
        0.8100125174033332,
        0.4431413267457213,
        0.8212002896278923,
        0.5739883964096464,
        0.6811696845175175,
        0.5965787851322513,
        0.08715862153272268,
        0.5181453089991568,
        0.7482671532592079,
        0.7810411375636876,
        0.7870029061510909,
        0.8325565624215577,
        0.4221275775482405,
        0.6304053331947107,
        0.5903367214049534,
        0.4537018456251234,
        0.6609845598274368,
        0.5931499866805954,
        0.1672930840930156,
        0.6928369459842301,
        0.8489365414170368,
        0.6205985685900096,
        0.398217226352185,
        0.9319157465844046,
        0.8134817507279057,
        0.41640885978071107,
        0.6436224516139477,
        0.6221653422910921,
        0.20096336865294515,
        0.36661770287814555,
        0.4096971599379897,
        0.2555118309477256,
        0.6417805961773615
      ],
      [
        0.07102212357993752,
        0.4200895589133087,
        0.4604169472022774,
        0.40065192226568414,
        0.7637159243995767,
        0.9803117117387266,
        0.37162830903286886,
        0.3524944898703969,
        0.340590999245308,
        0.9802211349096738,
        0.4501987219553617,
        0.0,
        0.7664629973397128,
        0.4652583537532165,
        0.3473214098633655,
        0.5064341441287896,
        0.8431076320166329,
        0.8742984936626257,
        0.24632375365030793,
        0.30095990605820183,
        0.43429118342457146,
        0.26727789095087595,
        0.8970614677763052,
        0.9827833793484297,
        0.4204132853818827,
        0.3337290921492628,
        0.22154918563416312,
        0.4756903213214927,
        0.31291238876808014,
        0.5092296341848153,
        0.9414381155903239,
        0.6742681585880659,
        0.14553128373049887,
        0.8019737231003732,
        0.5912802131663821,
        0.8102946701209023,
        0.7552655377524987,
        0.8596836439146275,
        0.6751937216757891,
        0.33921995351224943,
        0.3612802513027908,
        0.2663654706031736,
        0.5926002582281455,
        0.919778789324451,
        0.3384964964551203,
        0.7848506803412254,
        0.3785434456734418,
        0.20310746028754703,
        0.45611083109368394,
        0.47417475649761015,
        0.12493449827583387,
        0.8748394612900658,
        0.8502537707586945,
        0.6485537622065931,
        0.5200528611217442,
        0.6533619041219211,
        0.5066238906961187,
        0.6299731608721593,
        0.38510355575456373,
        0.47864286887918855,
        0.6001054067100497,
        0.7617706091638137,
        0.4270158552447799,
        0.5566581733316259,
        0.5806681639354455,
        0.2559082909982132,
        0.15371274009793506,
        0.49152050958241544,
        0.15162607987357124,
        0.5636116743963409,
        0.17765337485784868,
        0.7453483029588798,
        0.20699598286210347,
        0.5029270823225739,
        0.0679465870437951,
        0.8908922018211777,
        0.4531612051620224,
        0.8907899048536276,
        0.9004510270269176,
        0.1922503801052881,
        0.6812497230041739,
        0.3190278678003025,
        0.10399966689068496,
        0.23825094559777102,
        0.294330500048492,
        0.3386857196453984,
        0.3658855597153648,
        0.5128424880435533,
        0.7922500962749193,
        0.8011884424857717,
        0.9278171380988706,
        0.4836855030507054,
        0.6488863736536229,
        0.703711407709765,
        0.6269597256743187,
        0.43646637456292703,
        0.1808554421312088,
        0.7706589282406563,
        0.6750458836621801,
        1.0207150553241977
      ],
      [
        0.8374851209196503,
        0.6171243504138729,
        0.7121352229599996,
        0.8591632848688989,
        0.4226401883733849,
        0.5792234631621138,
        0.699461203037411,
        0.6033302855616168,
        0.6991140211905363,
        0.3839040051886189,
        0.5521917341546037,
        0.7664629973397128,
        0.0,
        1.0123015080747184,
        0.5211018629317721,
        0.26002885321092317,
        0.15910470884731348,
        0.10794844017198417,
        0.6421234930807623,
        0.611422163585396,
        0.8091902610343358,
        0.825292538120314,
        0.301346537966246,
        0.6011055050927665,
        0.7159734886967559,
        0.8974746153723926,
        0.8385299448589592,
        0.5734639514969314,
        0.9197146648806709,
        0.28047569257393434,
        0.342443161373649,
        0.6627629927906005,
        0.733191026105261,
        0.20070138480512742,
        0.22733850651577933,
        0.45274719732192725,
        0.45946152673014706,
        0.48817462612333995,
        0.5617414282995941,
        0.9027434895609189,
        0.5689201617608128,
        0.8294265831389129,
        0.23351795291877753,
        0.1533157919847382,
        0.5243164876527867,
        0.39147986360547804,
        0.8515445202221441,
        0.752102911533887,
        0.5548039824360285,
        0.3444417434360869,
        0.6936820016578632,
        0.22420804721055804,
        0.5243539399250825,
        0.4074070347723399,
        0.7394710180965564,
        0.6215265261405731,
        0.676536983059427,
        0.5920407755343114,
        0.4757943915456263,
        0.879518736499648,
        0.3545116695417595,
        0.509938671902307,
        0.790397195103847,
        0.22814895304918661,
        0.4050972637288637,
        0.8908894139168012,
        0.6318583046100369,
        0.7636131115473638,
        0.7234541989875193,
        0.5998481927923798,
        0.7925797813026291,
        0.24558691528578824,
        0.8183883241071208,
        0.48302177874289653,
        0.8185854718392426,
        0.2178920978758769,
        0.7548068349424623,
        0.27370366389613504,
        0.34298011696179603,
        0.7937596951597804,
        0.2471638842217957,
        0.615919096171945,
        0.71154395550929,
        0.8626463088542903,
        0.6704881512768349,
        0.4782954642816847,
        0.704798298394654,
        0.8228967912488154,
        0.1103933143628574,
        0.5083266585144527,
        0.47870163736250526,
        0.7934686523710442,
        0.3205150317244807,
        0.23822413156054995,
        0.29031975627650736,
        0.7474381812418316,
        0.6233014820082761,
        0.4177002813785754,
        0.49934944828599526,
        0.4201818275065198
      ],
      [
        0.41614988986680007,
        0.41116795310888987,
        0.3418354149650951,
        0.15827115438974715,
        1.1489885613334652,
        0.9631059801145705,
        0.3657459570056829,
        0.4141608792458432,
        0.3368131436478316,
        1.3617852768193792,
        0.9082304365204722,
        0.4652583537532165,
        1.0123015080747184,
        0.0,
        0.49154631839569746,
        0.8556140234775068,
        1.0361320124782365,
        1.0923254195645882,
        0.5254069524169901,
        0.5999817688476361,
        0.894865069505805,
        0.7306405903804427,
        1.0415549101065174,
        0.9552275740620063,
        0.8837759848114495,
        0.16598584165058375,
        0.296442408612683,
        0.8354541912019162,
        0.15324366331070885,
        0.8844385230766684,
        1.3214990456027462,
        0.6079956466794698,
        0.39344638634521223,
        0.9524391438366459,
        0.7853116110504994,
        0.824224711401906,
        1.131426550854599,
        1.2457474325500457,
        1.1031189501942815,
        0.14850603091516043,
        0.6072295549912663,
        0.2140709457036774,
        0.7832822450878372,
        1.1656173000594565,
        0.5004508294423236,
        0.8792787758645924,
        0.8328273762250532,
        0.6683542117914237,
        0.8550336814297249,
        0.6682228006158439,
        0.4350237048206544,
        1.0236422223538817,
        0.8407561598612446,
        1.0399311836865444,
        0.35745109368674627,
        0.6558401240502031,
        0.9699865901256854,
        1.072103913962973,
        0.5401619883256535,
        0.931347359692353,
        0.984880149353211,
        0.7635437519597056,
        0.23709686058420779,
        0.9104151191325515,
        0.9823474086486006,
        0.20936453383920792,
        0.5954016883259626,
        0.31002581893069625,
        0.61655211328659,
        0.5102966703197888,
        0.3342420401108258,
        0.8895660362363242,
        0.31693424660304725,
        0.9316044271732901,
        0.4856762097923,
        1.0434150312495287,
        0.2924123124415544,
        1.021394360685263,
        1.010813550256641,
        0.6459179134891343,
        0.8251773447022609,
        0.4518110481701483,
        0.47048324870901037,
        0.24728464897624874,
        0.5153721090254388,
        0.7528647431199602,
        0.3115185831777748,
        0.2595855542889974,
        0.9726993166058421,
        1.1967504174499113,
        0.9487616354955556,
        0.2657726249581955,
        1.0008858040333493,
        0.8471964769184636,
        0.7704447948830172,
        0.8998290739924938,
        0.5416127336423266,
        1.1551187484548562,
        1.0879699699762038,
        1.4004570328521078
      ],
      [
