{
  "sol": {
    "z": 3.6681189776467025,
    "tours": [
      [
        0,
        39,
        37,
        7,
        22,
        23,
        12,
        31,
        8,
        38,
        24,
        9
      ],
      [
        20,
        17,
        14,
        21,
        16,
        33,
        10,
        4,
        32,
        36,
        34
      ],
      [
        30,
        5,
        25,
        27,
        18,
        13,
        6,
        28,
        3,
        2,
        35
      ],
      [
        15,
        26,
        29,
        11,
        19,
        1
      ]
    ]
  },
  "params": {
    "gm": [
      [
        0.0,
        0.35147392961328205,
        0.48530174592873826,
        0.5020065318799929,
        0.7535597537054167,
        0.9674732532168895,
        0.6336224203306291,
        0.5554415824175557,
        0.6729028940733961,
        0.41712366085845487,
        0.5594448066966675,
        0.3470091649049637,
        0.7156884857038062,
        0.9232638722898556,
        0.6954900692210884,
        0.06621481432093453,
        0.9606611194814036,
        0.3682080815294197,
        1.0379528593698382,
        0.40096174091731507,
        0.5045077078290726,
        0.8319796007931806,
        0.6183213323050174,
        0.5709627364035217,
        0.4591024236042871,
        0.9891627424155943,
        0.26913154343646667,
        0.9719604169363768,
        0.5461444771129065,
        0.29494749951701554,
        0.9242637945030951,
        0.6968477254746751,
        0.8955754148554147,
        1.006075513423429,
        1.0215556267657955,
        0.24020788998922676,
        0.8709734626918602,
        0.3558670057492089,
        0.6590412654604609,
        0.21757606740604066,
        0.44922195483344735,
        0.9330298315463506,
        0.9919269571914373,
        0.7891850582195591,
        0.74305061820085,
        0.24072739074854047,
        0.6742375551680347,
        0.6088356227275096,
        0.3089219066270896,
        0.31890177579212675,
        0.44720992104220403,
        0.9195289476577506,
        0.9597273329764433,
        0.9843257859242365,
        0.7316567842703955,
        0.5813417617273641,
        0.3763584548423907,
        0.4408821700506597,
        0.6554595684632801,
        0.49676444745297266,
        0.7795000222025092,
        0.20318798003970828,
        0.41516539198173347,
        0.6605170121718587,
        0.34997027003842124,
        0.6796318565179295,
        0.8963693551148956,
        0.4718124645512237,
        0.6654603055093117,
        0.10271120848309453,
        0.9872763824894553,
        0.16686799651658243,
        0.7817930029051611,
        0.8291906069061415,
        0.7902898877115611,
        0.26188797583590084,
        0.4450521280432439,
        0.6778241268909165,
        0.21391786565132356,
        0.7761464197800547,
        0.7490607467363701,
        1.0165380744345844,
        0.9298357820624517,
        0.4301370596015329,
        1.0218050681931845,
        0.75446425798408,
        0.8900959977458096,
        0.598218079821722,
        0.2470254841144819,
        0.3780034019252229,
        0.9772613184336734,
        0.8774315279094209,
        0.7836899287522856,
        0.5151944115883633,
        0.17919045650009272,
        0.2296967020732271,
        0.937425325865235,
        0.3792424657867174,
        0.6997732539771452,
        0.5208788434173044
      ],
      [
        0.35147392961328205,
        0.0,
        0.8367756755420204,
        0.7089835683021736,
        1.0258235384999372,
        1.0980333258257107,
        0.8881807846115644,
        0.8541336709529865,
        0.6798918146172362,
        0.46694795836624525,
        0.8548964308114837,
        0.13441070143374292,
        0.8308173815598607,
        1.1401800636663226,
        0.6130000310241125,
        0.4153372976936015,
        0.7793251102589956,
        0.5025337327596358,
        1.1658406766293208,
        0.16055416008743545,
        0.34772446468780444,
        0.6507137604544431,
        0.9078495797756151,
        0.8426942440713818,
        0.541379959689058,
        1.0958028686618682,
        0.23147445023679517,
        0.9796370064118092,
        0.7531215135350872,
        0.3036976476746791,
        1.1024437147824964,
        0.703344059824756,
        1.180048938565535,
        0.8108274943051035,
        1.2666480702915335,
        0.5916818196025089,
        1.137125704188636,
        0.6551876365887342,
        0.6404513407994616,
        0.5690499970193227,
        0.4903548065010978,
        1.0852426784870914,
        1.1909645697764553,
        1.0611245815032262,
        0.7473955333633435,
        0.5054527899631543,
        0.774726796447445,
        0.369366352649686,
        0.44324755785730574,
        0.17860440847758488,
        0.7468217634731408,
        1.1502135508006526,
        1.1208050595465275,
        1.0181708866494337,
        1.0138214169882247,
        0.3717040961882713,
        0.7278323844556728,
        0.7293024820775825,
        0.43757986305656743,
        0.19947130392914592,
        0.8606040080951485,
        0.5546619096529903,
        0.7098310922994379,
        0.5102496421186371,
        0.5337142053806916,
        0.537712744902667,
        0.8153620295840217,
        0.48972832114947923,
        0.43690939694125885,
        0.4541851380963766,
        1.2340122825926305,
        0.5183419261298645,
        0.9178289192851022,
        0.596506525108011,
        1.0463665441878662,
        0.4472327141762604,
        0.46430404115215484,
        0.48139199828656665,
        0.5653917952646056,
        1.0650510096374766,
        0.6797805130346491,
        0.8072246727997322,
        1.2153658830201652,
        0.5979383627783892,
        1.2548461937260085,
        0.568766278381051,
        1.1180031691346866,
        0.6125992583148905,
        0.3813388884393555,
        0.5123168062500965,
        1.112379603003864,
        0.6821835087910955,
        0.5614786578013484,
        0.16372048197508127,
        0.49786256878235835,
        0.5811706316865092,
        0.8467963849147475,
        0.10878649248159059,
        0.7275243451814793,
        0.29453078274429534
      ],
      [
        0.48530174592873826,
        0.8367756755420204,
        0.0,
        0.19834427232528343,
        0.6302863923769241,
        0.8573693022764034,
        0.37603032065079267,
        0.40657832652560394,
        0.8233017384303427,
        0.7347890211793064,
        0.4352195870612749,
        0.8176921245064792,
        0.7202490208110419,
        0.7795617870345114,
        0.9342889043125563,
        0.5484786725000599,
        1.1829740359148058,
        0.7234267161855235,
        0.9128870400591771,
        0.8722237866694473,
        0.8258516070279683,
        1.1279070257885289,
        0.501537751129705,
        0.5135029647288545,
        0.7346208510213519,
        0.9261671545924074,
        0.7184504479250123,
        1.0171725177765663,
        0.21843596221592312,
        0.7092811317103921,
        0.7873994326013218,
        0.8274813055842448,
        0.6906823102330778,
        1.3010969161796329,
        0.8253337679636249,
        0.2574575670738757,
        0.7341091007900867,
        0.4868134902219676,
        0.8576536345495062,
        0.3536993079197341,
        0.7497412077304412,
        0.6959877460357785,
        0.843990496694652,
        0.6362397991958784,
        0.8565813502118003,
        0.5129865745306945,
        0.7426615637662186,
        0.9577810357246843,
        0.6648717342650458,
        0.7988019085189085,
        0.39378528381300165,
        0.780911545831553,
        0.8228121381240374,
        1.0003000336430856,
        0.5795297552835438,
        0.9307993649927213,
        0.10911637594693128,
        0.4590490650248594,
        0.9943675366399918,
        0.9584774707558457,
        0.8162414696007921,
        0.3924800029502058,
        0.4519278007150376,
        0.9553292245052747,
        0.6184463140726707,
        0.9828425573055893,
        1.0216792760963953,
        0.7720398017273549,
        1.0063230925868258,
        0.38441938672362264,
        0.7973881373034107,
        0.36700865303917746,
        0.7517727380978232,
        1.1358234263647986,
        0.5208889410517987,
        0.5832324962241,
        0.7578814521097257,
        1.0056358830329382,
        0.29821951458086815,
        0.5798220934468867,
        0.9333867098287653,
        1.2499236902706445,
        0.702436922538122,
        0.6860806928021299,
        0.8347543035423499,
        1.0499417641109554,
        0.7487063120064374,
        0.8198331787549124,
        0.6173552616182025,
        0.7483331794289435,
        0.8489710943406414,
        1.1724529306656248,
        1.0914050556450476,
        0.9375007078097282,
        0.46990165114737087,
        0.3735406835417874,
        1.061254966965483,
        0.8402716755220107,
        0.7045013604133329,
        1.0013091266367204
      ],
      [
        0.5020065318799929,
        0.7089835683021736,
        0.19834427232528343,
        0.0,
        0.4322988160642099,
        0.6593817259636892,
        0.17919721630939084,
        0.21213554027200993,
        0.6451704953246398,
        0.5947602679459558,
        0.2407891931387499,
        0.8226486790974612,
        0.529955367590634,
        0.5878454820751254,
        0.7561576612068532,
        0.560320843373922,
        1.0004201449315921,
        0.6474253882117683,
        0.7201544371119272,
        0.8695377283896091,
        0.7125463857818017,
        0.9501087197379755,
        0.30380025858089443,
        0.32146870455643894,
        0.5892157102966021,
        0.7281795782796932,
        0.7142630597372698,
        0.8232827919755087,
        0.0441379452329136,
        0.6420398622993858,
        0.594666829654072,
        0.6489316186446903,
        0.5038144507646772,
        1.1215481105693867,
        0.6397113799373085,
        0.26179864189076607,
        0.5413764978428368,
        0.3085602401393095,
        0.6795223914438031,
        0.3589745371102413,
        0.5992480792087232,
        0.5124817808696724,
        0.6504579794199395,
        0.44023373134936483,
        0.6760916593654636,
        0.45728905035381895,
        0.5581698625550392,
        0.8240251230789994,
        0.5948038137940794,
        0.805946600604024,
        0.21553203373034352,
        0.5881789428843032,
        0.6300795351767875,
        0.805914993620239,
        0.38245472332645475,
        0.7960279273850743,
        0.21598672269286656,
        0.27935877074688226,
        0.8341111964251127,
        0.9084548722313195,
        0.6245641804686156,
        0.3990989988593969,
        0.2741294946644844,
        0.7775309184547214,
        0.47110974064425326,
        0.8050442512550361,
        0.8391253851131817,
        0.6172427633262293,
        0.8476175816906556,
        0.41252722489415455,
        0.6099342463529512,
        0.37311009887968216,
        0.5573876980749766,
        0.9580251203142454,
        0.33738297588569266,
        0.5202536701958325,
        0.6167873394920724,
        0.8339142839338352,
        0.30560391653767693,
        0.38708949049963687,
        0.7552554667230622,
        1.0717924471649414,
        0.5199421112986982,
        0.5518351188274355,
        0.6472266730586197,
        0.8721434580604023,
        0.5559737090591876,
        0.6417019356492093,
        0.5845187841503231,
        0.6842969928519341,
        0.6562384913933915,
        0.9946546246150715,
        0.9136067495944944,
        0.8727040502772548,
        0.47721585806257527,
        0.37788175835867777,
        0.8799105984112199,
        0.8177700607837641,
        0.5263701173076298,
        1.0035143510464688
      ],
      [
        0.7535597537054167,
        1.0258235384999372,
        0.6302863923769241,
        0.4322988160642099,
        0.0,
        0.2270829098994793,
        0.2548393406433262,
        0.24392959972889663,
        0.5244097566805537,
        0.6248030318514103,
        0.22058599230635206,
        0.9041963801228902,
        0.38774506056780567,
        0.3014671475572786,
        0.6334177392326815,
        0.7735635536040608,
        0.8113523037701735,
        0.6772285005071971,
        0.29770881215004646,
        0.9523346663381708,
        0.7052318626050215,
        0.8143777334844275,
        0.14294583843080938,
        0.1831292944285553,
        0.6142589657132137,
        0.29588076221548326,
        0.794349088263142,
        0.5095711058771203,
        0.4212262165245634,
        0.7461663607244294,
        0.3082884951362252,
        0.5267487039480822,
        0.22413847781220336,
        0.9283859359184413,
        0.3468855190626136,
        0.6661420300989015,
        0.25499816332499003,
        0.3983024422824146,
        0.5569680055680011,
        0.5718245307368143,
        0.6204959281088579,
        0.3170545321794805,
        0.2629761964700323,
        0.04972615310672948,
        0.5458488264684596,
        0.5390683408830934,
        0.4248207042287051,
        0.7974332967904307,
        0.6334543482459438,
        0.9219137163891584,
        0.33969067938170133,
        0.30180060836645634,
        0.28881772870652617,
        0.44786117448314056,
        0.05680231391680445,
        0.7693048834936855,
        0.6335363490949578,
        0.31289867834872614,
        0.7961007188025514,
        1.0183639554111195,
        0.4690152830437808,
        0.5532032883611488,
        0.338459553689906,
        0.7157812896483531,
        0.4961529960608648,
        0.7053715631210697,
        0.6515175567501424,
        0.6435773740832045,
        0.8087598410530863,
        0.724475805578021,
        0.31265628680346896,
        0.6023584881448911,
        0.41276316021120774,
        0.8747166358316284,
        0.18422956834563597,
        0.5795384825141238,
        0.641830594908684,
        0.7718408615619776,
        0.6272489043759343,
        0.10071115598179005,
        0.6338450495867236,
        0.913541950405487,
        0.2558357753607769,
        0.5768783742440471,
        0.3451270981773574,
        0.7869602862499306,
        0.2695953745413408,
        0.5209457623790401,
        0.6448402384044893,
        0.7156178957622831,
        0.25957247578777787,
        0.8613571698563138,
        0.8289218723263481,
        0.8892358453177446,
        0.5842725886943431,
        0.5500589136309898,
        0.687950923584398,
        0.9170370460183466,
        0.4056139440374607,
        1.092971149880881
      ],
      [
        0.9674732532168895,
        1.0980333258257107,
        0.8573693022764034,
        0.6593817259636892,
        0.2270829098994793,
        0.0,
        0.48192225054280546,
        0.46614784748822646,
        0.42397292637150025,
        0.6778761441414309,
        0.44766890220583133,
        1.0514530752233089,
        0.2741764410467622,
        0.1155222337422062,
        0.5216232816846611,
        0.96997370077671,
        0.5842693938706942,
        0.7822845904290283,
        0.07062590225056718,
        1.055265360147519,
        0.7545431065425567,
        0.6569506381452233,
        0.37002874833028865,
        0.4102122043280346,
        0.6377733968406092,
        0.06879785231600395,
        0.9478266881204871,
        0.282488195977641,
        0.6483091264240427,
        0.8986963023913275,
        0.10110663129194923,
        0.4034609930406556,
        0.24307423165329559,
        0.7053973595084887,
        0.21688214459437777,
        0.8794458352841674,
        0.14253241165429098,
        0.6116062474676807,
        0.46734237416805297,
        0.7851283359220802,
        0.6410910419067866,
        0.20068530545614005,
        0.11465802082707592,
        0.2768090630062088,
        0.37067714830892734,
        0.7579418224644847,
        0.32443165804499036,
        0.7622554545659418,
        0.7930272043393611,
        1.0744665026744904,
        0.5667735892811806,
        0.1068644074130259,
        0.06173481880704689,
        0.2207782645836613,
        0.2838852238162837,
        0.7452274370584557,
        0.8606192589944371,
        0.536794041026791,
        0.7205367119083592,
        1.0676751993486546,
        0.24193237314430152,
        0.7715789122384316,
        0.5614481248879124,
        0.6307776078700639,
        0.7232359059603441,
        0.6097376025056963,
        0.4244346468506632,
        0.61800959593244,
        0.7308320923058771,
        0.9433589538047027,
        0.1991282607782541,
        0.8208454431039816,
        0.18568025031172847,
        0.7490445708296903,
        0.3753082770382856,
        0.7320684241810218,
        0.650059430802121,
        0.6842124446743372,
        0.8405527095612002,
        0.296819418997491,
        0.4788108782345915,
        0.6864590405060077,
        0.2685139888489108,
        0.7052108960645406,
        0.19650635325104504,
        0.6913263256345572,
        0.13412353829860138,
        0.4916459707103447,
        0.7980217992793035,
        0.8123915509246591,
        0.03248956588829858,
        0.6591559294243843,
        0.7411147531343045,
        0.9343128438506294,
        0.7990873963953189,
        0.7633627188162557,
        0.4608680136849187,
        1.003483709893731,
        0.3777040619945821,
        1.1830564304444795
      ],
      [
        0.6336224203306291,
        0.8881807846115644,
        0.37603032065079267,
        0.17919721630939084,
        0.2548393406433262,
        0.48192225054280546,
        0.0,
        0.09397881905627908,
        0.5265995490492984,
        0.5574613745223378,
        0.11090301005634415,
        0.818682492464983,
        0.38413809061931264,
        0.4107896534512069,
        0.6350315249431138,
        0.6416609915690338,
        0.8629640788939695,
        0.6164453705558027,
        0.5430986084880087,
        0.8665230975660142,
        0.676011269381624,
        0.8120040914425187,
        0.1405721963889006,
        0.1853834907517169,
        0.5543672807319721,
        0.5507201028588095,
        0.7059445354033456,
        0.6644691526563362,
        0.17598522134992428,
        0.6610591719277974,
        0.4176110010301535,
        0.5289053507111324,
        0.3314584092768413,
        0.984092044531764,
        0.46713810517265736,
        0.4409958582001569,
        0.36432066921891837,
        0.2828747626382416,
        0.5583643307282554,
        0.45639685109264116,
        0.5690664275086106,
        0.35052318512727365,
        0.4719135791650132,
        0.2610415816111428,
        0.546254204207811,
        0.4322547851150652,
        0.42469606453983494,
        0.7867262296553813,
        0.5663627875674545,
        0.8251693502259454,
        0.19059748947625613,
        0.4111231142603846,
        0.45302370655286905,
        0.6546572471734827,
        0.20352417824635657,
        0.7587290339614563,
        0.38930030908795377,
        0.2214138511804066,
        0.7761662768586369,
        0.9460220016117837,
        0.4726243474629668,
        0.44347524390945253,
        0.23382395481999466,
        0.7179680338646786,
        0.43626131107962324,
        0.7075583073373952,
        0.701669319075559,
        0.590506653411885,
        0.7896726621241799,
        0.5917244412035454,
        0.43593044614142495,
        0.4922591297035407,
        0.4273272935762771,
        0.8769033800479539,
        0.17542438014329387,
        0.49452832452153994,
        0.5819389099274423,
        0.7740276057783031,
        0.4848011328470678,
        0.21003366187571837,
        0.6360777466480014,
        0.9526147270898807,
        0.3521598177115022,
        0.5169866892628056,
        0.4729090070365965,
        0.7891470304662561,
        0.37891788043526914,
        0.5231325065953656,
        0.5592590946653343,
        0.6542024247505684,
        0.479182662769473,
        0.858983527814405,
        0.8311086165426735,
        0.8600152520943473,
        0.45443196383053636,
        0.4346312339868167,
        0.7438904291087483,
        0.8286324931585501,
        0.4078006882537862,
        1.007194844715764
      ],
      [
        0.5554415824175557,
        0.8541336709529865,
        0.40657832652560394,
        0.21213554027200993,
        0.24392959972889663,
        0.46614784748822646,
        0.09397881905627908,
        0.0,
        0.4436780941699031,
        0.46867162338150625,
        0.028705597509367686,
        0.7351683602748507,
        0.3184247027580224,
        0.4384233846110803,
        0.5554111084032215,
        0.5644434638259065,
        0.7923424575729959,
        0.5255823421873649,
        0.5367737497387937,
        0.7815716982553582,
        0.5872215182407925,
        0.7733309510835144,
        0.1018990560298962,
        0.1099637378732256,
        0.46284820404580784,
        0.5349456998042305,
        0.6226592207161914,
        0.6113728551805405,
        0.1886488282269293,
        0.5743305099922174,
        0.4452447321900269,
        0.44835793107902183,
        0.36394932869457336,
        0.9134704232107904,
        0.4944285208276358,
        0.46741416448483364,
        0.3919544003787918,
        0.1995745766683468,
        0.4787758386401713,
        0.3730966651227464,
        0.47754735082244626,
        0.4108326856409874,
        0.48071874175576734,
        0.26746869839246457,
        0.47061538770707256,
        0.35119446123700726,
        0.3504016319655551,
        0.6979364785145498,
        0.47711939699311257,
        0.744888650502542,
        0.11347878039377894,
        0.43875684542025806,
        0.48065743771274244,
        0.593779453348229,
        0.20692941292785919,
        0.6699392828206248,
        0.40251588376146186,
        0.1294980757667026,
        0.6842505014449329,
        0.8627366869246296,
        0.4125063081401807,
        0.36017505793955773,
        0.14503420367916312,
        0.6357909101148904,
        0.34474223439345897,
        0.6253811835876071,
        0.6310476977545854,
        0.4989875767257207,
        0.6977568867104759,
        0.5310504555672781,
        0.460840027935168,
        0.40893313813414833,
        0.3452521578029666,
        0.7947262562981657,
        0.2357338806570076,
        0.40861544292846375,
        0.49041983324127814,
        0.691850482028515,
        0.4285210387618664,
        0.23766739303559178,
        0.5544307736065127,
        0.870967754048392,
        0.39191470746736085,
        0.42546761257664123,
        0.4960600741035135,
        0.706969906716468,
        0.4065516115951425,
        0.4409553828455775,
        0.47415705382480766,
        0.5636710420802445,
        0.49863741337652506,
        0.8203103874554006,
        0.7489314927928854,
        0.7712255009535157,
        0.38115424924509117,
        0.35133104801692194,
        0.6724996660849154,
        0.745347178471396,
        0.32562356450399804,
        0.9222442936435817
      ],
      [
        0.6729028940733961,
        0.6798918146172362,
        0.8233017384303427,
        0.6451704953246398,
        0.5244097566805537,
        0.42397292637150025,
        0.5265995490492984,
        0.4436780941699031,
        0.0,
        0.28463401296160157,
        0.41902580609101253,
        0.6391970355729121,
        0.18370794749983374,
        0.49279111500656286,
        0.11570573306666601,
        0.653290783938458,
        0.38476122085991005,
        0.3926586439696157,
        0.4893869774800506,
        0.6938070396216747,
        0.34419908733439286,
        0.34848937117207124,
        0.39841135509703623,
        0.3412804622519984,
        0.21380047046910897,
        0.4163403274392111,
        0.5971849156444341,
        0.3119099150747256,
        0.6111255285593079,
        0.5511958503093242,
        0.4242013220080036,
        0.02510166705026333,
        0.5901758132219503,
        0.5058891864977045,
        0.6195599486223929,
        0.6912184605016795,
        0.4774916538192387,
        0.45514109352432813,
        0.04449703570463024,
        0.5947220135707268,
        0.24228507652196007,
        0.5261021757132006,
        0.5257334557132861,
        0.5639879423695534,
        0.07560297671205553,
        0.44781754663178996,
        0.1219698063532312,
        0.33833579039129735,
        0.39587976097415734,
        0.6946064649744959,
        0.44361166221512216,
        0.4807385471031451,
        0.4552847278599636,
        0.3490948673967023,
        0.511761890431571,
        0.3214347243150998,
        0.7795232303146391,
        0.37769146194349534,
        0.3003458127571382,
        0.6559986372344158,
        0.18257396028083708,
        0.5590272996588285,
        0.4036657569411944,
        0.2125791499515856,
        0.3319064401214578,
        0.19612364747009514,
        0.2234664610414995,
        0.22602759639445208,
        0.31167021590605665,
        0.7051197305403966,
        0.5920111293342155,
        0.6027977950403286,
        0.2566342873422685,
        0.36930327491378845,
        0.571970755961867,
        0.4114921841374751,
        0.26044164475205483,
        0.2684744210529827,
        0.6509541908998278,
        0.5562364425720736,
        0.11123647133321418,
        0.42777345177509346,
        0.6236355204285897,
        0.2812379696930403,
        0.597749907808672,
        0.27771237059895604,
        0.4814586910254731,
        0.12582405180720965,
        0.4473204774418737,
        0.4211487974389464,
        0.44221547745706685,
        0.39435949470804466,
        0.3275007980987034,
        0.516171332642155,
        0.5103914152150649,
        0.5751366128612992,
        0.26567926744082315,
        0.6871664009024899,
        0.11880037801700988,
        0.781272921084518
      ],
      [
        0.41712366085845487,
        0.46694795836624525,
        0.7347890211793064,
        0.5947602679459558,
        0.6248030318514103,
        0.6778761441414309,
        0.5574613745223378,
        0.46867162338150625,
        0.28463401296160157,
        0.0,
        0.4472320492315988,
        0.43569881273176186,
        0.40552641255219335,
        0.7148890946586552,
        0.28240684974376845,
        0.38690871436933943,
        0.5442414729020117,
        0.10970670874069058,
        0.7473616253689436,
        0.4817141572305662,
        0.11922349367844085,
        0.4155599542137887,
        0.509763439603452,
        0.441673737422855,
        0.08743111685945021,
        0.6778306913074226,
        0.32408416749944513,
        0.5965191004518348,
        0.5545775558126909,
        0.2780951021643352,
        0.7086861249352405,
        0.30958646997750033,
        0.7357812632703464,
        0.590150596925006,
        0.8370875155246913,
        0.4793820133674982,
        0.6996801872890822,
        0.29513545259995605,
        0.26118763965855596,
        0.3825702445592438,
        0.04273594644859812,
        0.6376238184345917,
        0.7653604054332138,
        0.6135057214507266,
        0.36023255008851096,
        0.2221054180517802,
        0.3539019254382363,
        0.22926485513304357,
        0.11554345535545174,
        0.41632460520462333,
        0.37922823421561236,
        0.7238864559652513,
        0.6956590550727701,
        0.6316161070774543,
        0.6114839890863648,
        0.20126765943911856,
        0.6271531765320466,
        0.34392427736679443,
        0.25965790967667923,
        0.43235558648453865,
        0.44372530911047636,
        0.3423094683289528,
        0.3236374197023431,
        0.2459554621063013,
        0.12865003579054549,
        0.26328396661375336,
        0.4862895788381275,
        0.059866548208990934,
        0.2717754439316733,
        0.46595415163252496,
        0.8023408783498468,
        0.3790899990324719,
        0.4939236605543018,
        0.42192230051505647,
        0.6790619563970874,
        0.1615925235685327,
        0.0281208295002052,
        0.272251124273925,
        0.4365695065984383,
        0.6472107532354773,
        0.3416957747875321,
        0.6002665725584492,
        0.7661055006881541,
        0.13252712992395385,
        0.8285190988906072,
        0.3405628612128922,
        0.6916760742992852,
        0.1862721634794893,
        0.17421972929688478,
        0.14287737700736178,
        0.6893919708569216,
        0.46150661141099814,
        0.3761735226770538,
        0.303227476391164,
        0.2762267310253267,
        0.36573536483257596,
        0.5290364057176474,
        0.4467721252546497,
        0.3012578262646845,
        0.5576298703346407
      ],
      [
        0.5594448066966675,
        0.8548964308114837,
        0.4352195870612749,
        0.2407891931387499,
        0.22058599230635206,
        0.44766890220583133,
        0.11090301005634415,
        0.028705597509367686,
        0.41902580609101253,
        0.4472320492315988,
        0.0,
        0.735525207765595,
        0.29012985437742994,
        0.42439280897563236,
        0.5303300469312038,
        0.5746804992246919,
        0.7648948399274124,
        0.5197369951861104,
        0.5182948044563985,
        0.7815569624233125,
        0.5664555429100396,
        0.7490722353670332,
        0.07764034031341509,
        0.08199929280308292,
        0.45678912278573536,
        0.5164667545218353,
        0.6234219805746886,
        0.5826689432514836,
        0.21716620405481704,
        0.5725726294616508,
        0.43121415655457895,
        0.42290668209916965,
        0.3490085427880942,
        0.8860228055652069,
        0.4770922465461975,
        0.47141738876394546,
        0.37792382474334385,
        0.20357780094745864,
        0.45369477716815365,
        0.37709988940185823,
        0.4714882695623738,
        0.40692871214946835,
        0.460655056594219,
        0.2474050132309162,
        0.4439334406133512,
        0.35472226673922685,
        0.3232933353189429,
        0.6764969043646424,
        0.47329022585535996,
        0.7473493078247074,
        0.12509877220349547,
        0.4247262697848101,
        0.46662686207729454,
        0.565200938662636,
        0.1875708111276715,
        0.6484997086707174,
        0.43103325958934957,
        0.12590310758522924,
        0.6806555332634596,
        0.8634994467831267,
        0.3839469344554827,
        0.36213874671944596,
        0.14545171671818766,
        0.6107098486428727,
        0.3386831531333865,
        0.6003001221155895,
        0.6036000801090018,
        0.4929284954656482,
        0.6941619185290026,
        0.5314679686063027,
        0.4431060618904294,
        0.4093506511731728,
        0.31668521356953744,
        0.769645194826148,
        0.23182990716548857,
        0.40818062414319833,
        0.47535287873180404,
        0.6667694205564972,
        0.43252426304097824,
        0.22363681740014385,
        0.5294206393312055,
        0.8459576197730848,
        0.37872533815049036,
        0.41940853131656874,
        0.4776910355317102,
        0.6818888452444503,
        0.3925210359596946,
        0.41587432137355984,
        0.47406253448963115,
        0.5581445164639002,
        0.48015846809412993,
        0.7960516717389194,
        0.7238504313208678,
        0.7504595256227629,
        0.3889347505706763,
        0.35533427229603376,
        0.6451894701114353,
        0.7461099383298931,
        0.3005425030319804,
        0.9221934459660228
      ],
      [
        0.3470091649049637,
        0.13441070143374292,
        0.8176921245064792,
        0.8226486790974612,
        0.9041963801228902,
        1.0514530752233089,
        0.818682492464983,
        0.7351683602748507,
        0.6391970355729121,
        0.43569881273176186,
        0.735525207765595,
        0.0,
        0.7780307597180534,
        1.0618311039771666,
        0.6570169114427269,
        0.2809265962598586,
        0.8167243524061736,
        0.38267392775515735,
        1.1214749237457189,
        0.054610004048762636,
        0.40833988387554837,
        0.6880428337179506,
        0.7871294148871116,
        0.7210670856943349,
        0.4952249534911012,
        1.0549048871806022,
        0.11273861064034593,
        0.9511069506476377,
        0.7828637251447021,
        0.18496180807822987,
        0.9932413109786074,
        0.6642987026231754,
        1.057367410560533,
        0.8528673126002839,
        1.1818967119468256,
        0.5608500372066951,
        1.0465316427898426,
        0.5363856916767604,
        0.6836940712775423,
        0.4956655291047972,
        0.472604074875808,
        1.0674919468618016,
        1.1188240259094688,
        0.9429531926292964,
        0.7148000122849676,
        0.3866754298395233,
        0.7345861777895191,
        0.40449406072127053,
        0.3233877528528273,
        0.05540942940158375,
        0.6280851095031579,
        1.0497785360737488,
        1.0586775875666334,
        0.9882919029696144,
        0.8918135068010163,
        0.43231951537601526,
        0.7112838880993629,
        0.6097756728334969,
        0.47396431465475436,
        0.15171234461222494,
        0.8217709958537491,
        0.4584441339734116,
        0.5906749441423093,
        0.5484682153711395,
        0.4149783657842423,
        0.575413834614261,
        0.8530631192956157,
        0.49381903381978753,
        0.4766927027035436,
        0.447929036099086,
        1.147667479687681,
        0.4555591704656944,
        0.8665889934782696,
        0.6424572469842617,
        0.9671894361088142,
        0.32740993968125365,
        0.46379404952590086,
        0.5168745113477126,
        0.5225727814699913,
        0.943884894281639,
        0.7244597030446597,
        0.8519237955026847,
        1.0931234454962477,
        0.49143682804868993,
        1.1778178726404744,
        0.6054439094391973,
        1.050498679996077,
        0.6202246490902859,
        0.2614790834348771,
        0.3924570012456181,
        1.0620094248727847,
        0.7242233270862759,
        0.6065180853227352,
        0.2243359011628252,
        0.3770003516420267,
        0.4941100359463505,
        0.8391753379046281,
        0.047969365329577865,
        0.6737490132287267,
        0.19056833174328
      ],
      [
        0.7156884857038062,
        0.8308173815598607,
        0.7202490208110419,
        0.529955367590634,
        0.38774506056780567,
        0.2741764410467622,
        0.38413809061931264,
        0.3184247027580224,
        0.18370794749983374,
        0.40552641255219335,
        0.29012985437742994,
        0.7780307597180534,
        0.0,
        0.3093626821064619,
        0.29852987220514615,
        0.6957972597299478,
        0.47919848856546476,
        0.5100979877093874,
        0.3445007407501205,
        0.7818430446422636,
        0.4847695532544502,
        0.5318640340368531,
        0.2447992221369963,
        0.2085609167098767,
        0.3975084179689427,
        0.2906150376029201,
        0.7278642529306731,
        0.3004163687624874,
        0.502286646928456,
        0.6818751875955632,
        0.3557451385914866,
        0.17317634491272393,
        0.4375372291569384,
        0.6003264542032593,
        0.4388136372615734,
        0.6276018678375085,
        0.3616530917044574,
        0.35982147995459735,
        0.22716959315185073,
        0.5332843684754213,
        0.368741310317549,
        0.4210264631516919,
        0.36022789484181467,
        0.416407388257333,
        0.17152497143060202,
        0.4956918760991654,
        0.062181711679671084,
        0.5098398067628311,
        0.5206774727501235,
        0.821458622599295,
        0.3528543629787449,
        0.3220082514343743,
        0.2903088620034606,
        0.29828411681676625,
        0.3581497574715311,
        0.4893148453399975,
        0.6954143245172052,
        0.29358255614606155,
        0.4798979235962626,
        0.797901646060548,
        0.09691421953995784,
        0.5204219612258083,
        0.3161132701551416,
        0.3944744505096862,
        0.4999052066754641,
        0.379498310334877,
        0.3179037287470542,
        0.3456598643432024,
        0.49188009426960194,
        0.6917861198631825,
        0.4099062345058596,
        0.5692058470198964,
        0.08872192940494043,
        0.5526779377785703,
        0.4338053001557005,
        0.5575045257904654,
        0.3778728280824803,
        0.45077154477680803,
        0.5887087421145413,
        0.4026243096120336,
        0.27521679651608777,
        0.5858213825555361,
        0.462511982592852,
        0.46494591719287404,
        0.42542982672415913,
        0.4610870334637379,
        0.34308244834988133,
        0.21945936799070392,
        0.5779998147281128,
        0.5402049482050182,
        0.28401372853738766,
        0.5586402252821226,
        0.5108754609634854,
        0.6670968995847795,
        0.5473026288822357,
        0.5115187513695968,
        0.36035230954265707,
        0.7300613943884755,
        0.10428174648932664,
        0.9096341149392241
      ],
      [
        0.9232638722898556,
        1.1401800636663226,
        0.7795617870345114,
        0.5878454820751254,
        0.3014671475572786,
        0.1155222337422062,
        0.4107896534512069,
        0.4384233846110803,
        0.49279111500656286,
        0.7148890946586552,
        0.42439280897563236,
        1.0618311039771666,
        0.3093626821064619,
        0.0,
        0.5910575591539055,
        0.9434453001957891,
        0.684514405122988,
        0.8194606698158494,
        0.13479458432417532,
        1.0912057267487256,
        0.7941322353609122,
        0.7581738381088462,
        0.35858107905052583,
        0.4238458498486566,
        0.7054347498266875,
        0.18313476160016434,
        0.9490924933368208,
        0.3938950120520541,
        0.5867058355319554,
        0.8768692958989368,
        0.06858979299855926,
        0.4676894479562995,
        0.12817454705047648,
        0.8056423707607825,
        0.12945095515511154,
        0.8196442572403501,
        0.05229040959799551,
        0.5673968665406467,
        0.5318055882058764,
        0.7224683620208748,
        0.6781039924240109,
        0.11166378104522999,
        0.06869077965241824,
        0.2700725638817298,
        0.4431743185848704,
        0.7190604100529256,
        0.37154439378613296,
        0.819202488869293,
        0.7701560614698252,
        1.0709372113189968,
        0.5155588677862358,
        0.012645569327912368,
        0.053911931871705704,
        0.3350853491629772,
        0.2599161786066567,
        0.7986775274464594,
        0.8000607352137827,
        0.5415038522231602,
        0.7859552689772475,
        1.10726432816701,
        0.3117914643097604,
        0.7279973478118577,
        0.564702435648759,
        0.6970258175709997,
        0.7352366307993747,
        0.6786124822844553,
        0.5232795330373422,
        0.6550225464496643,
        0.7968455006014892,
        0.8875665663679025,
        0.10054355239939773,
        0.7731852679511928,
        0.2569843111924822,
        0.8361415126644214,
        0.27468324385792287,
        0.7791915273325921,
        0.6872355101889422,
        0.7521863305615657,
        0.778875191011304,
        0.20075599157548854,
        0.5513080485105345,
        0.7894327639488881,
        0.15314930048639008,
        0.7728722490506189,
        0.11606714461769725,
        0.7449986653996986,
        0.033719766243419415,
        0.5288220500971659,
        0.8320647308877754,
        0.8495676303114802,
        0.08346073838647206,
        0.7535899575207673,
        0.8025865725322843,
        0.9764595816912414,
        0.754878015468285,
        0.7191533378892219,
