{
  "sol": {
    "z": 2.6667510220519333,
    "tours": [
      [
        0,
        10,
        8,
        19,
        1
      ],
      [
        2,
        1,
        20
      ],
      [
        3,
        9,
        11,
        6,
        7,
        5,
        4
      ]
    ]
  },
  "params": {
    "gm": [
      [
        0.0,
        0.573688556855405,
        0.7415458623933492,
        1.3477423729629456,
        0.612500746043078,
        0.854093620984253,
        0.9093144977305399,
        0.7661111985512119,
        0.309707185593873,
        1.1272631339473247,
        0.16772678175268746,
        0.7754580645283611,
        0.8473868813070847,
        0.45919882682534224,
        0.8590079166425418,
        0.7547436606810094,
        0.46904692576157364,
        0.8897625612573168,
        0.4382949536083751,
        0.7395843048375477,
        0.5314266819925234,
        0.7315187359227291,
        0.8460590736860583,
        0.7559916264441868,
        0.09000133805421867,
        1.105996612218222,
        1.3119260739571637,
        0.9532715098029058,
        0.8899996981926883,
        0.10289134335172895
      ],
      [
        0.573688556855405,
        0.0,
        0.455763698112438,
        0.7858911665455702,
        0.7031916376754286,
        0.8755237709666395,
        0.6661256772893707,
        0.6917986950963202,
        0.2872112102334974,
        0.5657203038346392,
        0.7245482413719979,
        0.6464796403170494,
        0.8421677859746711,
        0.35406288118480905,
        0.2853193597871369,
        0.18105510382560447,
        0.39473442230668176,
        0.3279113548399414,
        0.36398245015348324,
        0.3970464117962933,
        0.07271768475193494,
        0.27280973868214065,
        0.5758786311593522,
        0.6846137699307635,
        0.6636898949096237,
        0.5323080553628171,
        0.7382375171017587,
        0.3795829529475008,
        0.7459576612113381,
        0.676579900207134
      ],
      [
        0.7415458623933492,
        0.455763698112438,
        0.0,
        0.8867520833051199,
        1.010038462117549,
        1.2526829978307112,
        1.1206261088101708,
        1.0059385741958702,
        0.46361828334414595,
        1.0202207353554393,
        0.6538859297320048,
        1.1009800718378495,
        1.25032402404428,
        0.2834005695448159,
        0.739819791307937,
        0.6355555353464045,
        0.7862610760335125,
        0.4289941336237743,
        0.755509103880314,
        0.08626060572197945,
        0.38304601336050303,
        0.5831380672907087,
        1.0303790626801523,
        0.9478649100009786,
        0.8302282952238852,
        0.9868084868836172,
        0.9858609578526853,
        0.40680952795739983,
        1.2004580927321382,
        0.8288880497719346
      ],
      [
        1.3477423729629456,
        0.7858911665455702,
        0.8867520833051199,
        0.0,
        1.0131061935399444,
        0.8651369482561052,
        0.6412663358937758,
        0.7199919026686623,
        1.0431349963006786,
        0.2787382126357307,
        1.2150866208397613,
        0.6073553380640876,
        0.8317768760286716,
        1.097452094780113,
        0.5991253601933655,
        0.6288913412565547,
        0.9877860674255363,
        0.45797981170562885,
        0.973446227889653,
        0.8023001777822523,
        0.8164652384958362,
        0.642789315167599,
        0.5744169154721813,
        0.6719153169734975,
        1.321174454713035,
        0.277638389719342,
        0.14167443437923236,
        0.49173914699963994,
        0.7356072413903341,
        1.394952005794275
      ],
      [
        0.612500746043078,
        0.7031916376754286,
        1.010038462117549,
        1.0131061935399444,
        0.0,
        0.24264453571316222,
        0.37326995882842506,
        0.5841552066984437,
        0.8617129269356383,
        0.7356148135119626,
        0.7802275277957655,
        0.5071263920306037,
        0.24028556192673087,
        0.8174827476794165,
        0.7559731295182086,
        0.8352027557434865,
        0.375800780091207,
        0.9889593797137008,
        0.3450871297073958,
        0.954802679967852,
        0.6304739529234936,
        0.8305660068536993,
        0.4583086795392818,
        0.64398081063134,
        0.5933911942116389,
        0.7359385234603648,
        0.9173509970316365,
        1.0557247236073641,
        0.27749895214961035,
        0.6669364720359269
      ],
      [
        0.854093620984253,
        0.8755237709666395,
        1.2526829978307112,
        0.8651369482561052,
        0.24264453571316222,
        0.0,
        0.22483008180191658,
        0.43571532967193527,
        0.9711667170064882,
        0.5874268974677714,
        0.9184144097776605,
        0.3106831270019871,
        0.03394833092622634,
        1.0281082716252818,
        0.6024561642792585,
        0.6944686671410351,
        0.5996646397882633,
        0.9589138532445328,
        0.5692748516071893,
        1.1974472156810143,
        0.8731184886366559,
        1.0732105425668617,
        0.3047917143003318,
        0.4904638453923901,
        0.8359242488981782,
        0.5880054538531302,
        0.7677128500899015,
        1.027208694130818,
        0.1295661097553014,
        0.9095176733389796
      ],
      [
        0.9093144977305399,
        0.6661256772893707,
        1.1206261088101708,
        0.6412663358937758,
        0.37326995882842506,
        0.22483008180191658,
        0.0,
        0.21088524787001867,
        0.7463366352045716,
        0.36491585781841823,
        0.7415877159778523,
        0.13385643320217872,
        0.19109449244607174,
        0.9334232525210728,
        0.38635284528608566,
        0.48507057346376614,
        0.5647424671290227,
        0.7451662019919456,
        0.5387014928128555,
        1.061908822494026,
        0.7375800954496676,
        0.9376721493798733,
        0.0911296363153194,
        0.2768017674073776,
        0.886995108367012,
        0.36374591817742336,
        0.5495528298305845,
        0.8134259362401659,
        0.09577100667881473,
        0.960772659448252
      ],
      [
        0.7661111985512119,
        0.6917986950963202,
        1.0059385741958702,
        0.7199919026686623,
        0.5841552066984437,
        0.43571532967193527,
        0.21088524787001867,
        0.0,
        0.544348661461099,
        0.4588539454333963,
        0.9059434176045789,
        0.34141821973559905,
        0.4019797403160904,
        0.7225380046510542,
        0.5684816605568287,
        0.6656407379116498,
        0.35385721925900404,
        0.924939349522103,
        0.3278162449428369,
        0.9889114762433859,
        0.764516379848255,
        0.8894021491926365,
        0.2708172105779019,
        0.0851450794858437,
        0.6761098604969933,
        0.4423535129493203,
        0.6480074156879586,
        0.9932341904083881,
        0.3066562545488334,
        0.7498874115782332
      ],
      [
        0.309707185593873,
        0.2872112102334974,
        0.46361828334414595,
        1.0431349963006786,
        0.8617129269356383,
        0.9711667170064882,
        0.7463366352045716,
        0.544348661461099,
        0.0,
        0.8201488979964424,
        0.47743396734656046,
        0.7541672158255277,
        0.9374311276506433,
        0.2105371789494131,
        0.564276978012384,
        0.46001272205085153,
        0.681945632540179,
        0.5851551845950498,
        0.6511936603869806,
        0.444562814782287,
        0.23123897401214463,
        0.43133102794235034,
        0.6835662066678306,
        0.5000423404545317,
        0.38983090509686513,
        0.8112656735880641,
        1.010882261827567,
        0.6536913071945907,
        0.8421076418833864,
        0.4104020117428351
      ],
      [
        1.1272631339473247,
        0.5657203038346392,
        1.0202207353554393,
        0.2787382126357307,
        0.7356148135119626,
        0.5874268974677714,
        0.36491585781841823,
        0.4588539454333963,
        0.8201488979964424,
        0.0,
        0.9595363521946372,
        0.35180506941896356,
        0.5543176080149391,
        0.9152847476712891,
        0.35274358080459395,
        0.3846652000090347,
        0.7366609675175938,
        0.6632487108423026,
        0.721527991663389,
        0.9615034490392945,
        0.6371747219949362,
        0.8372667759251419,
        0.3063561367265411,
        0.4154362242451716,
        1.0696390862355711,
        0.033539133294127325,
        0.1907333638311246,
        0.7307053541468425,
        0.4581158613623522,
        1.143416637316811
      ],
      [
        0.16772678175268746,
        0.7245482413719979,
        0.6538859297320048,
        1.2150866208397613,
        0.7802275277957655,
        0.9184144097776605,
        0.7415877159778523,
        0.9059434176045789,
        0.47743396734656046,
        0.9595363521946372,
        0.0,
        0.6077312827756736,
        0.8844660788514342,
        0.3704853601871888,
        0.9759967419122975,
        0.901850770960151,
        0.6088791448149405,
        1.009957643261673,
        0.5781271726617421,
        0.6656372771850496,
        0.651870809109441,
        0.8519628630396466,
        0.6783322919333707,
        0.864004423025429,
        0.22983355710758557,
        0.9461460032397788,
        1.1500353650382857,
        0.9919438425363754,
        0.837358722656667,
        0.2691467635963528
      ],
      [
        0.7754580645283611,
        0.6464796403170494,
        1.1009800718378495,
        0.6073553380640876,
        0.5071263920306037,
        0.3106831270019871,
        0.13385643320217872,
        0.34141821973559905,
        0.7541672158255277,
        0.35180506941896356,
        0.6077312827756736,
        0.0,
        0.27673479607576074,
        0.9207374807059181,
        0.3682654591366239,
        0.46542453649144494,
        0.598030629639908,
        0.7247231481018981,
        0.5769044600270357,
        1.0422627855217048,
        0.7179340584773464,
        0.9180261124075522,
        0.07060100915769713,
        0.25627314024975534,
        0.8375648398832591,
        0.3384147204641052,
        0.5423040822626122,
        0.7930179889881832,
        0.22962743988099343,
        0.8768780463720264
      ],
      [
        0.8473868813070847,
        0.8421677859746711,
        1.25032402404428,
        0.8317768760286716,
        0.24028556192673087,
        0.03394833092622634,
        0.19109449244607174,
        0.4019797403160904,
        0.9374311276506433,
        0.5543176080149391,
        0.8844660788514342,
        0.27673479607576074,
        0.0,
        0.9941599406990556,
        0.5685859118540322,
        0.6611126821490667,
        0.5857487883781538,
        0.9250436008193064,
        0.5556557325993127,
        1.1950882418945827,
        0.8707595148502245,
        1.0708515687804303,
        0.2709214618751054,
        0.4565935929671636,
        0.8327452298475584,
        0.5545128032416345,
        0.7354454449880817,
        0.9933384417055915,
        0.09621012476333303,
        0.90608100238032
      ],
      [
        0.45919882682534224,
        0.35406288118480905,
        0.2834005695448159,
        1.097452094780113,
        0.8174827476794165,
        1.0281082716252818,
        0.9334232525210728,
        0.7225380046510542,
        0.2105371789494131,
        0.9152847476712891,
        0.3704853601871888,
        0.9207374807059181,
        0.9941599406990556,
        0.0,
        0.6356296667344946,
        0.5313654107729622,
        0.7487973034914908,
        0.6394722830744841,
        0.7180453313382923,
        0.29515191699786075,
        0.2813854489222521,
        0.48147750285245783,
        0.850136471548221,
        0.6644643404561628,
        0.5484673356366923,
        0.88204193222856,
        1.0879713939675015,
        0.6214584823491865,
        1.0291942591998877,
        0.5454880028701011
      ],
      [
        0.8590079166425418,
        0.2853193597871369,
        0.739819791307937,
        0.5991253601933655,
        0.7559731295182086,
        0.6024561642792585,
        0.38635284528608566,
        0.5684816605568287,
        0.564276978012384,
        0.35274358080459395,
        0.9759967419122975,
        0.3682654591366239,
        0.5685859118540322,
        0.6356296667344946,
        0.0,
        0.10426425596153245,
        0.563666231613812,
        0.3817875262989379,
        0.5944182037670105,
        0.6811025049917923,
        0.3567737779474339,
        0.5568658318776396,
        0.29766444997892677,
        0.483336581070985,
        0.942711819321167,
        0.3214869704740235,
        0.5274164322129651,
        0.44964606857157313,
        0.4784741773685982,
        0.961899259994271
      ],
      [
        0.7547436606810094,
        0.18105510382560447,
        0.6355555353464045,
        0.6288913412565547,
        0.8352027557434865,
        0.6944686671410351,
        0.48507057346376614,
        0.6656407379116498,
        0.46001272205085153,
        0.3846652000090347,
        0.901850770960151,
        0.46542453649144494,
        0.6611126821490667,
        0.5313654107729622,
        0.10426425596153245,
        0.0,
        0.4594019756522795,
        0.278583510833268,
        0.49015394780547805,
        0.5768382490302598,
        0.2525095219859015,
        0.45260157591610717,
        0.3948235273337478,
        0.5804956584258061,
        0.8384475633596344,
        0.35125295153721264,
        0.5571824132761543,
        0.34604015413780775,
        0.5649025573857337,
        0.8576350040327385
      ],
      [
        0.46904692576157364,
        0.39473442230668176,
        0.7862610760335125,
        0.9877860674255363,
        0.375800780091207,
        0.5996646397882633,
        0.5647424671290227,
        0.35385721925900404,
        0.681945632540179,
        0.7366609675175938,
        0.6088791448149405,
        0.598030629639908,
        0.5857487883781538,
        0.7487973034914908,
        0.563666231613812,
        0.4594019756522795,
        0.0,
        0.6803019790394048,
        0.03075197215319851,
        0.700000470311533,
        0.4674521070586167,
        0.5923378764029981,
        0.527429620482211,
        0.3417574893901527,
        0.37904558770735497,
        0.7101476777061944,
        0.9160771394451359,
        0.7488381016389458,
        0.6532997322408174,
        0.4528231387885949
      ],
      [
        0.8897625612573168,
        0.3279113548399414,
        0.4289941336237743,
        0.45797981170562885,
        0.9889593797137008,
        0.9589138532445328,
        0.7451662019919456,
        0.924939349522103,
        0.5851551845950498,
        0.6632487108423026,
        1.009957643261673,
        0.7247231481018981,
        0.9250436008193064,
        0.6394722830744841,
        0.3817875262989379,
        0.278583510833268,
        0.6803019790394048,
        0.0,
        0.6880975439851645,
        0.3443203660766234,
        0.3584854267902073,
        0.2070635262578744,
        0.654122138944201,
        0.8397942700362593,
        0.9749860896919149,
        0.6298364623704806,
        0.5568668242289111,
        0.06853612259954095,
        0.8316238614471316,
        0.9922657885153672
      ],
      [
        0.4382949536083751,
        0.36398245015348324,
        0.755509103880314,
        0.973446227889653,
        0.3450871297073958,
        0.5692748516071893,
        0.5387014928128555,
        0.3278162449428369,
        0.6511936603869806,
        0.721527991663389,
        0.5781271726617421,
        0.5769044600270357,
        0.5556557325993127,
        0.7180453313382923,
        0.5944182037670105,
        0.49015394780547805,
        0.03075197215319851,
        0.6880975439851645,
        0.0,
        0.6692484981583345,
        0.43670013490541815,
        0.5615859042497996,
        0.5063034508693385,
        0.32063131977728027,
        0.34829361555415644,
        0.695807838170311,
        0.8939172246424678,
        0.7429379921757812,
        0.6225860818570061,
        0.4220711666353964
      ],
      [
        0.7395843048375477,
        0.3970464117962933,
        0.08626060572197945,
        0.8023001777822523,
        0.954802679967852,
        1.1974472156810143,
        1.061908822494026,
        0.9889114762433859,
        0.444562814782287,
        0.9615034490392945,
        0.6656372771850496,
        1.0422627855217048,
        1.1950882418945827,
        0.29515191699786075,
        0.6811025049917923,
        0.5768382490302598,
        0.700000470311533,
        0.3443203660766234,
        0.6692484981583345,
        0.0,
        0.32432872704435833,
        0.524420780974564,
        0.9716617763640076,
        0.9446051552368186,
        0.826042110190951,
        0.9280912005674725,
        0.9011871903055345,
        0.3263065653513258,
        1.1417408064159935,
        0.8323707082008491
      ],
      [
        0.5314266819925234,
        0.07271768475193494,
        0.38304601336050303,
        0.8164652384958362,
        0.6304739529234936,
        0.8731184886366559,
        0.7375800954496676,
        0.764516379848255,
        0.23123897401214463,
        0.6371747219949362,
        0.651870809109441,
        0.7179340584773464,
        0.8707595148502245,
        0.2813854489222521,
        0.3567737779474339,
        0.2525095219859015,
        0.4674521070586167,
        0.3584854267902073,
        0.43670013490541815,
        0.32432872704435833,
        0.0,
        0.2000920539302057,
        0.6473330493196493,
        0.7312813144666763,
        0.6210698791090098,
        0.6037624735231142,
        0.8096919352620557,
        0.42525077068387046,
        0.8174120793716352,
        0.6340644878216908
      ],
      [
        0.7315187359227291,
        0.27280973868214065,
        0.5831380672907087,
        0.642789315167599,
        0.8305660068536993,
        1.0732105425668617,
        0.9376721493798733,
        0.8894021491926365,
        0.43133102794235034,
        0.8372667759251419,
        0.8519628630396466,
        0.9180261124075522,
        1.0708515687804303,
        0.48147750285245783,
        0.5568658318776396,
        0.45260157591610717,
        0.5923378764029981,
        0.2070635262578744,
        0.5615859042497996,
        0.524420780974564,
        0.2000920539302057,
        0.0,
        0.847425103249855,
        0.8822172240270798,
        0.8211619330392155,
        0.8038545274533199,
        0.7639303504867855,
        0.22515871675366475,
        1.0175041333018409,
        0.8341565417518965
      ],
      [
        0.8460590736860583,
        0.5758786311593522,
        1.0303790626801523,
        0.5744169154721813,
        0.4583086795392818,
        0.3047917143003318,
        0.0911296363153194,
        0.2708172105779019,
        0.6835662066678306,
        0.3063561367265411,
        0.6783322919333707,
        0.07060100915769713,
        0.2709214618751054,
        0.850136471548221,
        0.29766444997892677,
        0.3948235273337478,
        0.527429620482211,
        0.654122138944201,
        0.5063034508693385,
        0.9716617763640076,
        0.6473330493196493,
        0.847425103249855,
        0.0,
        0.18567213109205824,
        0.8516624194820265,
        0.29849803651224677,
        0.49646380926232647,
        0.7224169798304861,
        0.18080972738967144,
        0.9160937718610984
      ],
      [
        0.7559916264441868,
        0.6846137699307635,
        0.9478649100009786,
        0.6719153169734975,
        0.64398081063134,
        0.4904638453923901,
        0.2768017674073776,
        0.0851450794858437,
        0.5000423404545317,
        0.4154362242451716,
        0.864004423025429,
        0.25627314024975534,
        0.4565935929671636,
        0.6644643404561628,
        0.483336581070985,
        0.5804956584258061,
        0.3417574893901527,
        0.8397942700362593,
        0.32063131977728027,
        0.9446051552368186,
        0.7312813144666763,
        0.8822172240270798,
        0.18567213109205824,
        0.0,
        0.6659902883899682,
        0.3942769272541554,
        0.5994489633894622,
        0.9080891109225444,
        0.36648185848172965,
        0.7304216407690401
      ],
      [
        0.09000133805421867,
        0.6636898949096237,
        0.8302282952238852,
        1.321174454713035,
        0.5933911942116389,
        0.8359242488981782,
        0.886995108367012,
        0.6761098604969933,
        0.38983090509686513,
        1.0696390862355711,
        0.22983355710758557,
        0.8375648398832591,
        0.8327452298475584,
        0.5484673356366923,
        0.942711819321167,
        0.8384475633596344,
        0.37904558770735497,
        0.9749860896919149,
        0.34829361555415644,
        0.826042110190951,
        0.6210698791090098,
        0.8211619330392155,
        0.8516624194820265,
        0.6659902883899682,
        0.0,
        1.0435360649936931,
        1.2422108401966243,
        1.0432728478571245,
        0.8708901463612493,
        0.07377755108123997
      ],
      [
        1.105996612218222,
        0.5323080553628171,
        0.9868084868836172,
        0.277638389719342,
        0.7359385234603648,
        0.5880054538531302,
        0.36374591817742336,
        0.4423535129493203,
        0.8112656735880641,
        0.033539133294127325,
        0.9461460032397788,
        0.3384147204641052,
        0.5545128032416345,
        0.88204193222856,
        0.3214869704740235,
        0.35125295153721264,
        0.7101476777061944,
        0.6298364623704806,
        0.695807838170311,
        0.9280912005674725,
        0.6037624735231142,
        0.8038545274533199,
        0.29849803651224677,
        0.3942769272541554,
        1.0435360649936931,
        0.0,
        0.20592946173894158,
        0.6972931056750205,
        0.4584395713107544,
        1.117313616074933
      ],
      [
        1.3119260739571637,
        0.7382375171017587,
        0.9858609578526853,
        0.14167443437923236,
        0.9173509970316365,
        0.7677128500899015,
        0.5495528298305845,
        0.6480074156879586,
        1.010882261827567,
        0.1907333638311246,
        1.1500353650382857,
        0.5423040822626122,
        0.7354454449880817,
        1.0879713939675015,
        0.5274164322129651,
        0.5571824132761543,
        0.9160771394451359,
        0.5568668242289111,
        0.8939172246424678,
        0.9011871903055345,
        0.8096919352620557,
        0.7639303504867855,
        0.49646380926232647,
        0.5994489633894622,
        1.2422108401966243,
        0.20592946173894158,
        0.0,
        0.6009416827964431,
        0.6398520448820262,
        1.295786696594303
      ],
      [
        0.9532715098029058,
        0.3795829529475008,
        0.40680952795739983,
        0.49173914699963994,
        1.0557247236073641,
        1.027208694130818,
        0.8134259362401659,
        0.9932341904083881,
        0.6536913071945907,
        0.7307053541468425,
        0.9919438425363754,
        0.7930179889881832,
        0.9933384417055915,
        0.6214584823491865,
        0.44964606857157313,
        0.34604015413780775,
        0.7488381016389458,
        0.06853612259954095,
        0.7429379921757812,
        0.3263065653513258,
        0.42525077068387046,
        0.22515871675366475,
        0.7224169798304861,
        0.9080891109225444,
        1.0432728478571245,
        0.6972931056750205,
        0.6009416827964431,
        0.0,
        0.9001053729106709,
        1.0561628531546348
      ],
      [
        0.8899996981926883,
        0.7459576612113381,
        1.2004580927321382,
        0.7356072413903341,
        0.27749895214961035,
        0.1295661097553014,
        0.09577100667881473,
        0.3066562545488334,
        0.8421076418833864,
        0.4581158613623522,
        0.837358722656667,
        0.22962743988099343,
        0.09621012476333303,
        1.0291942591998877,
        0.4784741773685982,
        0.5649025573857337,
        0.6532997322408174,
        0.8316238614471316,
        0.6225860818570061,
        1.1417408064159935,
        0.8174120793716352,
        1.0175041333018409,
        0.18080972738967144,
        0.36648185848172965,
        0.8708901463612493,
        0.4584395713107544,
        0.6398520448820262,
        0.9001053729106709,
        0.0,
        0.9239311005578384
      ],
      [
        0.10289134335172895,
        0.676579900207134,
        0.8288880497719346,
        1.394952005794275,
        0.6669364720359269,
        0.9095176733389796,
        0.960772659448252,
        0.7498874115782332,
        0.4104020117428351,
        1.143416637316811,
        0.2691467635963528,
        0.8768780463720264,
        0.90608100238032,
        0.5454880028701011,
        0.961899259994271,
        0.8576350040327385,
        0.4528231387885949,
        0.9922657885153672,
        0.4220711666353964,
        0.8323707082008491,
        0.6340644878216908,
        0.8341565417518965,
        0.9160937718610984,
        0.7304216407690401,
        0.07377755108123997,
        1.117313616074933,
        1.295786696594303,
        1.0561628531546348,
        0.9239311005578384,
        0.0
      ]
    ],
    "gc": [
      [
        true,
        false,
        false,
        false,
        false,
        false,
        false,
        false,
        false,
        false,
        false,
        false,
        false,
        false,
        false,
        false,
        false,
        false,
        false,
        false,
        true,
        false,
        false,
        false,
        false,
        false,
        false,
        false,
        false,
        false
      ],
      [
        false,
        true,
        false,
        false,
        false,
        false,
        false,
        false,
        false,
        false,
        false,
        false,
        false,
        false,
        false,
        false,
        false,
        false,
        false,
        false,
        false,
        false,
        false,
        false,
        true,
        false,
        false,
        false,
        false,
        true
      ],
      [
        false,
        false,
        true,
        false,
        false,
        false,
        false,
        false,
        false,
        false,
        false,
        false,
        false,
        false,
        false,
        false,
        false,
        false,
        false,
        false,
        false,
        false,
        false,
        false,
        false,
        false,
        true,
        false,
        false,
        false
      ],
      [
        false,
        false,
        false,
        true,
        false,
        false,
        false,
        false,
        false,
        false,
        false,
        false,
        false,
        false,
        false,
        false,
        false,
        false,
        false,
        true,
        false,
        false,
        false,
        false,
        false,
        false,
        false,
        false,
        false,
        false
      ],
      [
        false,
        false,
        false,
        false,
        true,
        false,
        false,
        false,
        false,
        false,
        false,
        false,
        false,
        false,
        false,
        false,
        false,
        false,
        false,
        false,
        false,
        false,
        false,
        false,
        false,
        false,
        false,
        false,
        false,
        false
      ],
      [
        false,
        false,
        false,
        false,
        false,
        true,
        false,
        false,
        false,
        false,
        false,
        false,
        true,
        false,
        false,
        false,
        false,
        false,
        false,
        false,
        false,
        false,
        false,
        false,
        false,
        false,
        false,
        false,
        true,
        false
      ],
      [
        false,
        false,
        false,
        false,
        false,
        false,
        true,
        false,
        false,
        false,
        false,
        false,
        false,
        false,
        false,
        false,
        false,
        false,
        false,
        false,
        false,
        false,
        false,
        true,
        false,
        false,
        false,
        false,
        false,
        false
      ],
      [
        false,
        false,
        false,
        false,
        false,
        false,
        false,
        true,
        false,
        false,
        false,
        true,
        false,
        false,
        false,
        false,
        false,
        false,
        false,
        false,
        false,
        false,
        true,
        false,
        false,
        false,
        false,
        false,
        true,
        false
      ],
      [
        false,
        false,
        false,
        false,
        false,
        false,
        false,
        false,
        true,
        false,
        false,
        false,
        false,
        false,
        false,
        false,
        false,
        false,
        false,
        false,
        false,
        false,
        false,
        false,
        false,
        false,
        false,
        false,
        false,
        false
      ],
      [
        false,
        false,
        false,
        false,
        false,
        false,
        false,
        false,
        false,
        true,
        false,
        false,
        false,
        false,
        false,
        false,
        false,
        false,
        false,
        false,
        false,
        false,
        false,
        false,
        false,
        true,
        false,
        false,
        false,
        false
      ],
      [
        false,
        false,
        false,
        false,
        false,
        false,
        false,
        false,
        false,
        false,
        true,
        false,
        false,
        false,
        false,
        false,
        false,
        false,
        false,
        false,
        false,
        false,
        false,
        false,
        false,
        false,
        false,
        false,
        false,
        false
      ],
      [
        false,
        false,
        false,
        false,
        false,
        false,
        false,
        true,
        false,
        false,
        false,
        true,
        false,
        false,
        false,
        false,
        false,
        false,
        false,
        false,
        false,
        false,
        true,
        false,
        false,
        false,
        false,
        false,
        false,
        false
      ],
      [
        false,
        false,
        false,
        false,
        false,
        true,
        false,
        false,
        false,
        false,
        false,
        false,
        true,
        false,
        false,
        false,
        false,
        false,
        false,
        false,
        false,
        false,
        false,
        false,
        false,
        false,
        false,
        false,
        true,
        false
      ],
      [
        false,
        false,
        false,
        false,
        false,
        false,
        false,
        false,
        false,
        false,
        false,
        false,
        false,
        true,
        false,
        false,
        false,
        false,
        false,
        false,
        false,
        false,
        false,
        false,
        false,
        false,
        false,
        false,
        false,
        false
      ],
      [
        false,
        false,
        false,
        false,
        false,
        false,
        false,
        false,
        false,
        false,
        false,
        false,
        false,
        false,
        true,
        true,
        false,
        false,
        false,
        false,
        false,
        false,
        false,
        false,
        false,
        false,
        false,
        false,
        false,
        false
      ],
      [
        false,
        false,
        false,
        false,
        false,
        false,
        false,
        false,
        false,
        false,
        false,
        false,
        false,
        false,
        true,
        true,
        false,
        false,
        false,
        false,
        false,
        false,
        false,
        false,
        false,
        false,
        false,
        false,
        false,
        false
      ],
      [
        false,
        false,
        false,
        false,
        false,
        false,
        false,
        false,
        false,
        false,
        false,
        false,
        false,
        false,
        false,
        false,
        true,
        false,
        true,
        false,
        false,
        false,
        false,
        false,
        false,
        false,
        false,
        false,
        false,
        false
      ],
      [
        false,
        false,
        false,
        false,
        false,
        false,
        false,
        false,
        false,
        false,
        false,
        false,
        false,
        false,
        false,
        false,
        false,
        true,
        false,
        false,
        false,
        false,
        false,
        false,
        false,
        false,
        false,
        true,
        false,
        false
      ],
      [
        false,
        false,
        false,
        false,
        false,
        false,
        false,
        false,
        false,
        false,
        false,
        false,
        false,
        false,
        false,
        false,
        true,
        false,
        true,
        false,
        false,
        false,
        false,
        false,
        false,
        false,
        false,
        false,
        false,
        false
      ],
      [
        false,
        false,
        false,
        true,
        false,
        false,
        false,
        false,
        false,
        false,
        false,
        false,
        false,
        false,
        false,
        false,
        false,
        false,
        false,
        true,
        false,
        false,
        false,
        false,
        false,
        false,
        false,
        false,
        false,
        false
      ],
      [
        true,
        false,
        false,
        false,
        false,
        false,
        false,
        false,
        false,
        false,
        false,
        false,
        false,
        false,
        false,
        false,
        false,
        false,
        false,
        false,
        true,
        false,
        false,
        false,
        false,
        false,
        false,
        false,
        false,
        false
      ],
      [
        false,
        false,
        false,
        false,
        false,
        false,
        false,
        false,
        false,
        false,
        false,
        false,
        false,
        false,
        false,
        false,
        false,
        false,
        false,
        false,
        false,
        true,
        false,
        false,
        false,
        false,
        false,
        false,
        false,
        false
      ],
      [
        false,
        false,
        false,
        false,
        false,
        false,
        false,
        true,
        false,
        false,
        false,
        true,
        false,
        false,
        false,
        false,
        false,
        false,
        false,
        false,
        false,
        false,
        true,
        false,
        false,
        false,
        false,
        false,
        false,
        false
      ],
      [
        false,
        false,
        false,
        false,
        false,
        false,
        true,
        false,
        false,
        false,
        false,
        false,
        false,
        false,
        false,
        false,
        false,
        false,
        false,
        false,
        false,
        false,
        false,
        true,
        false,
        false,
        false,
        false,
        false,
        false
      ],
      [
        false,
        true,
        false,
        false,
        false,
        false,
        false,
        false,
        false,
        false,
        false,
        false,
        false,
        false,
        false,
        false,
        false,
        false,
        false,
        false,
        false,
        false,
        false,
        false,
        true,
        false,
        false,
        false,
        false,
        true
      ],
      [
        false,
        false,
        false,
        false,
        false,
        false,
        false,
        false,
        false,
        true,
        false,
        false,
        false,
        false,
        false,
        false,
        false,
        false,
        false,
        false,
        false,
        false,
        false,
        false,
        false,
        true,
        false,
        false,
        false,
        false
      ],
      [
        false,
        false,
        true,
        false,
        false,
        false,
        false,
        false,
        false,
        false,
        false,
        false,
        false,
        false,
        false,
        false,
        false,
        false,
        false,
        false,
        false,
        false,
        false,
        false,
        false,
        false,
        true,
        false,
        false,
        false
      ],
      [
        false,
        false,
        false,
        false,
        false,
        false,
        false,
        false,
        false,
        false,
        false,
        false,
        false,
        false,
        false,
        false,
        false,
        true,
        false,
        false,
        false,
        false,
        false,
        false,
        false,
        false,
        false,
        true,
        false,
        false
      ],
      [
        false,
        false,
        false,
        false,
        false,
        true,
        false,
        true,
        false,
        false,
        false,
        false,
        true,
        false,
        false,
        false,
        false,
        false,
        false,
        false,
        false,
        false,
        false,
        false,
        false,
        false,
        false,
        false,
        true,
        false
      ],
      [
        false,
        true,
        false,
        false,
        false,
        false,
        false,
        false,
        false,
        false,
        false,
        false,
        false,
        false,
        false,
        false,
        false,
        false,
        false,
        false,
        false,
        false,
        false,
        false,
        true,
        false,
        false,
        false,
        false,
        true
      ]
    ],
    "vs": [
      true,
      true,
      true,
      true,
      true,
      true,
      true,
      true,
      true,
      true,
      true,
      true,
      false,
      false,
      false,
      false,
      false,
      false,
      false,
      false,
      false,
      false,
      false,
      false,
      false,
      false,
      false,
      false,
      false,
      false
    ],
    "b": 29,
    "r": 6,
    "fselect_edge": "select_edge_min_gt",
    "n": 30,
