{
  "sol": {
    "z": 3.321789305869514,
    "tours": [
      [
        0,
        6,
        15,
        13,
        7,
        4,
        5,
        1,
        9,
        8
      ],
      [
        2,
        5
      ],
      [
        3,
        16,
        12
      ],
      [
        10,
        39,
        26,
        14
      ],
      [
        11,
        3
      ]
    ]
  },
  "params": {
    "gm": [
      [
        0.0,
        0.6939628508831812,
        0.825615671458368,
        0.5303659269452273,
        0.258006330172959,
        0.5173876204461432,
        0.03260824849865164,
        0.41871471594210846,
        0.862755882545851,
        0.9792862492887886,
        0.6145197437303735,
        0.7979875944838709,
        0.5163433761370966,
        0.27266460959209926,
        0.5053569638087629,
        0.14186903338113419,
        0.17547656137294512,
        0.57869107682371,
        0.9382419252441232,
        0.8529051638359247,
        0.9118283463878716,
        0.20368809828704607,
        0.8215237466789802,
        0.4643631335317443,
        0.6166260498078424,
        0.8839250142012564,
        0.8258293765141365,
        0.628609926286323,
        0.43593457835550864,
        0.8709798833016512,
        0.8077648193513043,
        0.6482786792386324,
        0.8378235757371734,
        0.4246331926929766,
        0.5539488962286813,
        0.478452432956711,
        0.5581909778604606,
        0.36944564740271213,
        0.4783411562585005,
        1.0183125126164791
      ],
      [
        0.6939628508831812,
        0.0,
        0.4626439263017438,
        0.40139263968142513,
        0.5249525626473253,
        0.2655712723741411,
        0.7265710993818328,
        0.9612658483694903,
        0.16879303166266985,
        0.2853233984056074,
        0.6804167347848368,
        0.49064802657733325,
        0.6713732912730421,
        0.9229048086419336,
        0.5897139426384944,
        0.8358318842643154,
        0.6112843386670039,
        0.5776794204039871,
        0.24427907436094193,
        0.39976144267742875,
        0.21786549550469042,
        0.8019164596195059,
        0.36045136425711194,
        0.4981311829040298,
        0.3648097017358404,
        0.4159373099508875,
        0.5552393624584083,
        0.7479523288335571,
        1.0220811899581852,
        0.3645611025841278,
        0.36255724566133773,
        0.693014949938576,
        0.14386072485399218,
        0.542123506720063,
        0.6079318089392993,
        0.6675167401597782,
        0.629811851964579,
        0.6441838951176984,
        0.5070077385341224,
        0.6869783557508425
      ],
      [
        0.825615671458368,
        0.4626439263017438,
        0.0,
        0.7823261036062091,
        0.651307929402592,
        0.39192663912940773,
        0.8582239199570196,
        0.835073693643645,
        0.4399376516227852,
        0.7479673247073512,
        0.42765092368593854,
        0.7704995286259513,
        1.052306755197826,
        0.831195756971218,
        0.42237572592874134,
        0.9674847048395022,
        0.7376397054222705,
        0.9586128843287711,
        0.6084722457433676,
        0.083445282523772,
        0.5347805703756353,
        0.8339108166648883,
        0.11006888791243162,
        0.5095595413126389,
        0.4909999349284432,
        0.6856163377109432,
        0.10190331322336783,
        0.5412921349058959,
        0.8958552215582058,
        0.1515829790503041,
        0.10154944022424668,
        0.40661215386083865,
        0.4124285925077701,
        0.5124151934635792,
        0.39318400977287943,
        1.0484502040845622,
        0.41512204565682015,
        0.7120744908479206,
        0.5070473347362189,
        0.23264960660464504
      ],
      [
        0.5303659269452273,
        0.40139263968142513,
        0.7823261036062091,
        0.0,
        0.3496234385067891,
        0.6090047287799734,
        0.5629477905379676,
        0.8558949455826406,
        0.5701856713440949,
        0.6867160380870325,
        0.8202873105014259,
        0.35770321354652546,
        0.26998065159161694,
        0.7096453455004574,
        0.7131044047017739,
        0.6131088241651378,
        0.3548893655722822,
        0.17628678072256196,
        0.5627280957104505,
        0.7452554685442558,
        0.6123831002973955,
        0.5980048192284751,
        0.7049528501285073,
        0.6339201382003572,
        0.7082431581416726,
        0.3910698601205049,
        0.884229416829577,
        0.8168162852211689,
        0.8768997193332746,
        0.7321832621832274,
        0.6981633592096479,
        0.856016471442481,
        0.5452533645354173,
        0.6235547488228081,
        0.758828079299998,
        0.2661241004783531,
        0.7656102034625686,
        0.4688547709771622,
        0.6505496284299473,
        1.014975710210854
      ],
      [
        0.258006330172959,
        0.5249525626473253,
        0.651307929402592,
        0.3496234385067891,
        0.0,
        0.2593812902731842,
        0.29053243692845815,
        0.5136522247584124,
        0.6415762581386468,
        0.8102759610529326,
        0.4706638719946368,
        0.5997858665689948,
        0.6196040900984061,
        0.3979522459946083,
        0.3634809661949848,
        0.35732220955246063,
        0.08633177601967859,
        0.5259102192293511,
        0.7650025629305774,
        0.5991911083515102,
        0.723004749543676,
        0.27696389697218066,
        0.5635174165060212,
        0.2842966996935681,
        0.3586197196348835,
        0.6857232862863802,
        0.6839533789003583,
        0.4671928467143798,
        0.5586044058605975,
        0.6129735531286922,
        0.5497584891783452,
        0.5063930329356919,
        0.6035679684199711,
        0.2739313103160191,
        0.40920464079320884,
        0.6157475389851422,
        0.41598676495577946,
        0.1192313324703731,
        0.3009261899231582,
        0.8399330668298264
      ],
      [
        0.5173876204461432,
        0.2655712723741411,
        0.39192663912940773,
        0.6090047287799734,
        0.2593812902731842,
        0.0,
        0.5468269203081448,
        0.6965509856388795,
        0.38219496786546264,
        0.5508946707797484,
        0.42449490871245826,
        0.6599885730002567,
        0.8789853803715904,
        0.6573335362677926,
        0.32738358141213925,
        0.6167034998256449,
        0.3457130662928628,
        0.7852915095025352,
        0.5056212726573933,
        0.33980981807832605,
        0.4636234592704918,
        0.5363451872453648,
        0.304136126232837,
        0.233416320173419,
        0.09923842936169928,
        0.5740511532828713,
        0.4938299523527756,
        0.48372443476109983,
        0.7573663272275744,
        0.35359226285550804,
        0.29037719890516106,
        0.4428610038067788,
        0.34418667814678694,
        0.2766472277412337,
        0.3508693435621352,
        0.8751288292583264,
        0.37100390210847456,
        0.3786126227435573,
        0.24334915188400053,
        0.6165399578293195
      ],
      [
        0.03260824849865164,
        0.7265710993818328,
        0.8582239199570196,
        0.5629477905379676,
        0.29053243692845815,
        0.5468269203081448,
        0.0,
        0.4142152317155082,
        0.8953641310445026,
        1.0118944977874402,
        0.6460226196115415,
        0.8266257328240643,
        0.48373512763844495,
        0.26810742879765515,
        0.5379652123074146,
        0.12884859349002442,
        0.20805842496568547,
        0.5656706369326002,
        0.9708501737427748,
        0.8854870274286651,
        0.9444365948865232,
        0.21342051036944087,
        0.8509630465409819,
        0.4907542687552662,
        0.6460653496698441,
        0.9125631525414497,
        0.8584376250127881,
        0.6240527454918787,
        0.42699925730165444,
        0.9004191831636529,
        0.837204119213306,
        0.680886927737284,
        0.870431824235825,
        0.4491548272618386,
        0.5865571447273329,
        0.4458441844580594,
        0.5907992263591122,
        0.40137763309402885,
        0.5043571123456564,
        1.045650271294445
      ],
      [
        0.41871471594210846,
        0.9612658483694903,
        0.835073693643645,
        0.8558949455826406,
        0.5136522247584124,
        0.6965509856388795,
        0.4142152317155082,
        0.0,
        1.060539485629181,
        0.9078874271599191,
        0.4219789467162335,
        1.1134380913274073,
        0.8934244579436155,
        0.14624960008218318,
        0.41636283300836496,
        0.5353720711075416,
        0.5043153801352784,
        0.9451710059769041,
        1.1975416751916423,
        0.9032946298814357,
        1.1491923426833284,
        0.2676623772839876,
        0.8626253188656678,
        0.4631346654654605,
        0.7073237159913801,
        1.182136439912552,
        0.7331703804202772,
        0.309599173696827,
        0.06081534158869493,
        0.9287037346963072,
        0.8837785962564035,
        0.45666007594384594,
        1.0221485438354763,
        0.5064023005432028,
        0.44193340646183554,
        0.8600594161735676,
        0.4206786204697457,
        0.6328835572287855,
        0.4642344662744974,
        0.9348099241336261
      ],
      [
        0.862755882545851,
        0.16879303166266985,
        0.4399376516227852,
        0.5701856713440949,
        0.6415762581386468,
        0.38219496786546264,
        0.8953641310445026,
        1.060539485629181,
        0.0,
        0.4366188233908169,
        0.7596825198160336,
        0.35107317398495697,
        0.8401663229357119,
        1.0395285041332551,
        0.678521418977539,
        0.9234785478774171,
        0.7279080341583255,
        0.7464724520666569,
        0.16853614598447642,
        0.360563175958239,
        0.0971505956527006,
        0.9185401551108274,
        0.3299818592665013,
        0.5974048201637204,
        0.48143339722716194,
        0.26518743646954485,
        0.5247698574677977,
        0.8382445679859877,
        1.1213548272178757,
        0.3029271632716641,
        0.34163167910773967,
        0.7854565932124682,
        0.038437373151376054,
        0.6491538566071243,
        0.6859881587277833,
        0.836309771822448,
        0.7099268030938165,
        0.7608075906090199,
        0.6024868222572203,
        0.6356762756703689
      ],
      [
        0.9792862492887886,
        0.2853233984056074,
        0.7479673247073512,
        0.6867160380870325,
        0.8102759610529326,
        0.5508946707797484,
        1.0118944977874402,
        0.9078874271599191,
        0.4366188233908169,
        0.0,
        0.48590848044368556,
        0.7597359468672442,
        0.9566966896786495,
        0.9369258293029474,
        0.5950712603652962,
        1.121155282669923,
        0.8966077370726112,
        0.8630028188095945,
        0.5296024727665494,
        0.6850848410830361,
        0.5020460487523793,
        1.0583386065047518,
        0.6457747626627193,
        0.6898303125031197,
        0.6501331001414477,
        0.6748527559522361,
        0.8116560909062562,
        0.6013030035712783,
        0.967555355028952,
        0.6498845009897352,
        0.6478806440669451,
        0.5281528926871022,
        0.40166501074906297,
        0.6827762727933884,
        0.5596028415319358,
        0.9528401385653856,
        0.5427268361721921,
        0.890663783783437,
        0.6751498042792291,
        0.9723017541564499
      ],
      [
        0.6145197437303735,
        0.6804167347848368,
        0.42765092368593854,
        0.8202873105014259,
        0.4706638719946368,
        0.42449490871245826,
        0.6460226196115415,
        0.4219789467162335,
        0.7596825198160336,
        0.48590848044368556,
        0.0,
        0.9402073347985244,
        0.9911073070391561,
        0.4510173488592619,
        0.10916277992161062,
        0.7536853786056198,
        0.5177034663728965,
        0.9585590922145222,
        0.9049862697614943,
        0.5056320563471363,
        0.8530647294306312,
        0.5724301260610664,
        0.5205356086638672,
        0.20392183205943407,
        0.4478323059520375,
        0.9226450298732095,
        0.3257476104625707,
        0.11539452312759271,
        0.48164687458526645,
        0.5741116291219676,
        0.4999026186187035,
        0.042244412243416664,
        0.7220781399935322,
        0.19686779234970286,
        0.07369436108825032,
        0.9531243609286661,
        0.0568183557285065,
        0.4047553033397515,
        0.18924132383554357,
        0.5128429575745308
      ],
      [
        0.7979875944838709,
        0.49064802657733325,
        0.7704995286259513,
        0.35770321354652546,
        0.5997858665689948,
        0.6599885730002567,
        0.8266257328240643,
        1.1134380913274073,
        0.35107317398495697,
        0.7597359468672442,
        0.9402073347985244,
        0.0,
        0.5851843288004314,
        0.9970587489051754,
        0.9020092625537641,
        0.9132690988885425,
        0.6459034980013354,
        0.47644705544596666,
        0.24636895221639132,
        0.6931950122725483,
        0.30409551352479774,
        0.8765595082626113,
        0.6604730660075274,
        0.8049391941644771,
        0.5607501436385575,
        0.08593741971738544,
        0.8101092226068576,
        1.0453464703479045,
        1.158200017151028,
        0.6393810846904029,
        0.6706579837750768,
        0.982451747041941,
        0.3580709361181812,
        0.8633761147369712,
        0.936348426575089,
        0.595962543925226,
        0.9520820790628193,
        0.7190171990393679,
        0.819341553869755,
        0.973183168502488
      ],
      [
        0.5163433761370966,
        0.6713732912730421,
        1.052306755197826,
        0.26998065159161694,
        0.6196040900984061,
        0.8789853803715904,
        0.48373512763844495,
        0.8934244579436155,
        0.8401663229357119,
        0.9566966896786495,
        0.9911073070391561,
        0.5851843288004314,
        0.0,
        0.7471748578614322,
        0.9648535776322332,
        0.38529063360384447,
        0.5495992071640075,
        0.10874358132238185,
        0.808004292086942,
        1.0006422470629786,
        0.859592654136792,
        0.6971556380078858,
        0.961109200960715,
        0.8973556334173576,
        0.9782238097332896,
        0.6382794139599014,
        1.154210068421194,
        1.0760323910177143,
        0.9101468597195987,
        0.9936985514620897,
        0.952201774454606,
        1.0168813804355907,
        0.8152340161270342,
        0.8752537941818885,
        0.9174129459509057,
        0.03798294611048996,
        0.9421915403157244,
        0.7388354225687792,
        0.9134980386431533,
        1.2783645333787643
      ],
      [
        0.27266460959209926,
        0.9229048086419336,
        0.831195756971218,
        0.7096453455004574,
        0.3979522459946083,
        0.6573335362677926,
        0.26810742879765515,
        0.14624960008218318,
        1.0395285041332551,
        0.9369258293029474,
        0.4510173488592619,
        0.9970587489051754,
        0.7471748578614322,
        0.0,
        0.4088200310424765,
        0.3907799720506415,
        0.35806578005309525,
        0.7989214058947208,
        1.1225402057862952,
        0.885924016970029,
        1.0445443262420064,
        0.12141277720180442,
        0.8452547059542611,
        0.5062319645728263,
        0.7500791499576831,
        1.0829961686225609,
        0.7292924437478501,
        0.35594531669422363,
        0.16793113721704211,
        0.9113331217849006,
        0.8664079833449969,
        0.49146810467603996,
        1.0015202144145796,
        0.49885949857731426,
        0.4574119634623949,
        0.7139516132557145,
        0.46165404509417407,
        0.5171835784649814,
        0.49349163984995403,
        0.9510446103283383
      ],
      [
        0.5053569638087629,
        0.5897139426384944,
        0.42237572592874134,
        0.7131044047017739,
        0.3634809661949848,
        0.32738358141213925,
        0.5379652123074146,
        0.41636283300836496,
        0.678521418977539,
        0.5950712603652962,
        0.10916277992161062,
        0.9020092625537641,
        0.9648535776322332,
        0.4088200310424765,
        0.0,
        0.6445225986840092,
        0.41525437046822583,
        0.8561099963098514,
        0.8219542676691036,
        0.5003568585899391,
        0.7699385345586253,
        0.5302328082442809,
        0.4969025869305571,
        0.0974119335303498,
        0.34125911891520666,
        0.8160718428363787,
        0.3204724127053735,
        0.15996802179557457,
        0.4771042364282198,
        0.5629810027611966,
        0.5180558643212929,
        0.1429217154298694,
        0.6404399765518498,
        0.0900394675348378,
        0.048591932419918375,
        0.9280219322603341,
        0.052834014051697596,
        0.295868579790746,
        0.08467160880747755,
        0.5422245792858619
      ],
      [
        0.14186903338113419,
        0.8358318842643154,
        0.9674847048395022,
        0.6131088241651378,
        0.35732220955246063,
        0.6167034998256449,
        0.12884859349002442,
        0.5353720711075416,
        0.9234785478774171,
        1.121155282669923,
        0.7536853786056198,
        0.9132690988885425,
        0.38529063360384447,
        0.3907799720506415,
        0.6445225986840092,
        0.0,
        0.2714630074010887,
        0.4368220434425758,
        1.0801109586252573,
        0.9488916098640683,
        1.0206291435301178,
        0.34201449573368464,
        0.9208396260584819,
        0.5974277106275913,
        0.7159419291873441,
        0.9670241663954847,
        0.9649950113893827,
        0.7467252887448652,
        0.5416678216102199,
        0.9702957626811529,
        0.907080698730806,
        0.7874443141138786,
        0.892940169208093,
        0.5614992554462254,
        0.6929205180036453,
        0.3476417111003145,
        0.6973566127357068,
        0.4760778937472637,
        0.6121672071230856,
        1.1530640777638497
      ],
      [
        0.17547656137294512,
        0.6112843386670039,
        0.7376397054222705,
        0.3548893655722822,
        0.08633177601967859,
        0.3457130662928628,
        0.20805842496568547,
        0.5043153801352784,
        0.7279080341583255,
        0.8966077370726112,
        0.5177034663728965,
        0.6459034980013354,
        0.5495992071640075,
        0.35806578005309525,
        0.41525437046822583,
        0.2714630074010887,
        0.0,
        0.4408556258416256,
        0.8513343389502561,
        0.6774286024629796,
        0.8093365255633547,
        0.2433574422859589,
        0.6498491925256997,
        0.3477564262533501,
        0.4449514956545621,
        0.7318409177187208,
        0.7357267831735994,
        0.5410929084780212,
        0.5238075054275286,
        0.6993053291483708,
        0.6360902651980238,
        0.5562235029385377,
        0.6898997444396497,
        0.32565458701788114,
        0.46306933152759433,
        0.5644992035633494,
        0.46602637448178347,
        0.20461805612321696,
        0.3638988314791459,
        0.9033927933896084
      ],
      [
        0.57869107682371,
        0.5776794204039871,
        0.9586128843287711,
        0.17628678072256196,
        0.5259102192293511,
        0.7852915095025352,
        0.5656706369326002,
        0.9451710059769041,
        0.7464724520666569,
        0.8630028188095945,
        0.9585590922145222,
        0.47644705544596666,
        0.10874358132238185,
        0.7989214058947208,
        0.8561099963098514,
        0.4368220434425758,
        0.4408556258416256,
        0.0,
        0.6992607107645602,
        0.9203187126157742,
        0.7515153631297995,
        0.6842130681275844,
        0.8801640779250712,
        0.7886120520949758,
        0.8845299388642345,
        0.5302021229529089,
        1.0605161975521389,
        0.9819485343196467,
        0.9646631312691543,
        0.9083579732712562,
        0.8728236042336782,
        0.9970791287801632,
        0.7215401452579793,
        0.7665102128595067,
        0.9039249573692199,
        0.12364357772172381,
        0.906882000323409,
        0.6451415516997242,
        0.8047544573207714,
        1.191262490933416
      ],
      [
        0.9382419252441232,
        0.24427907436094193,
        0.6084722457433676,
        0.5627280957104505,
        0.7650025629305774,
        0.5056212726573933,
        0.9708501737427748,
        1.1975416751916423,
        0.16853614598447642,
        0.5296024727665494,
        0.9049862697614943,
        0.24636895221639132,
        0.808004292086942,
        1.1225402057862952,
        0.8219542676691036,
        1.0801109586252573,
        0.8513343389502561,
        0.6992607107645602,
        0.0,
        0.5288953208318571,
        0.07799587954428878,
        1.0011274285844909,
        0.4984996521383295,
        0.7344070097261818,
        0.6048597020190926,
        0.17165823558994556,
        0.6932876503396259,
        0.9817043732054235,
        1.2583570167803373,
        0.4698472671929349,
        0.5098855469199932,
        0.9341945312052554,
        0.19845950722391653,
        0.7816052378247996,
        0.8347260967205705,
        0.816563457567113,
        0.8578700635191988,
        0.8842338954009505,
        0.7417332359345447,
        0.8005952508782908
      ],
      [
        0.8529051638359247,
        0.39976144267742875,
        0.083445282523772,
        0.7452554685442558,
        0.5991911083515102,
        0.33980981807832605,
        0.8854870274286651,
        0.9032946298814357,
        0.360563175958239,
        0.6850848410830361,
        0.5056320563471363,
        0.6931950122725483,
        1.0006422470629786,
        0.885924016970029,
        0.5003568585899391,
        0.9488916098640683,
        0.6774286024629796,
        0.9203187126157742,
        0.5288953208318571,
        0.0,
        0.45414925937713474,
        0.7645112397682245,
        0.0406693110157679,
        0.44015996441597527,
        0.43884075108390186,
        0.6083118213575402,
        0.17988444588456554,
        0.6192732675670936,
        0.9641099714701307,
        0.0687069090681968,
        0.04947719072471469,
        0.48620159526095,
        0.33512407615436707,
        0.49859688498846927,
        0.47116514243407714,
        0.98453076165545,
        0.49310317831801787,
        0.6426749139512569,
        0.45682997720836116,
        0.28737590516767764
      ],
      [
        0.9118283463878716,
        0.21786549550469042,
        0.5347805703756353,
        0.6123831002973955,
        0.723004749543676,
        0.4636234592704918,
        0.9444365948865232,
        1.1491923426833284,
        0.0971505956527006,
        0.5020460487523793,
        0.8530647294306312,
        0.30409551352479774,
        0.859592654136792,
        1.0445443262420064,
        0.7699385345586253,
        1.0206291435301178,
        0.8093365255633547,
        0.7515153631297995,
        0.07799587954428878,
        0.45414925937713474,
        0.0,
        0.923131549040202,
        0.42518462097120135,
        0.6860576772178679,
        0.5628618886321911,
        0.22131324017689064,
        0.6199726191724978,
        0.9298895647185407,
        1.2047720579286187,
        0.39366225886768613,
        0.4376192677701043,
        0.8788388028270657,
        0.1321595205629384,
        0.7360068417453893,
        0.7793703683423808,
        0.8662184621540581,
        0.8030586002594006,
        0.8422360820140491,
        0.6920844189014966,
        0.7232607461986504
      ],
      [
        0.20368809828704607,
        0.8019164596195059,
        0.8339108166648883,
        0.5980048192284751,
        0.27696389697218066,
        0.5363451872453648,
        0.21342051036944087,
        0.2676623772839876,
        0.9185401551108274,
        1.0583386065047518,
        0.5724301260610664,
        0.8765595082626113,
        0.6971556380078858,
        0.12141277720180442,
        0.5302328082442809,
        0.34201449573368464,
        0.2433574422859589,
        0.6842130681275844,
        1.0011274285844909,
        0.7645112397682245,
        0.923131549040202,
        0.0,
        0.7238419287524567,
        0.5612605966657487,
        0.6355836166070641,
        0.9624969279799968,
        0.8507052209496544,
        0.47735809389602807,
        0.2816405088884168,
        0.7899203445830961,
        0.7449952061431925,
        0.6128808818778444,
        0.8805318653921518,
        0.5508952072881997,
        0.5788247406641992,
        0.6592646948275003,
        0.5830668222959785,
        0.39619522944255375,
        0.5778900868953389,
        1.0504012137012255
      ],
      [
        0.8215237466789802,
        0.36045136425711194,
        0.11006888791243162,
        0.7049528501285073,
        0.5635174165060212,
        0.304136126232837,
        0.8509630465409819,
        0.8626253188656678,
        0.3299818592665013,
        0.6457747626627193,
        0.5205356086638672,
        0.6604730660075274,
        0.961109200960715,
        0.8452547059542611,
        0.4969025869305571,
        0.9208396260584819,
        0.6498491925256997,
        0.8801640779250712,
        0.4984996521383295,
        0.0406693110157679,
        0.42518462097120135,
        0.7238419287524567,
        0.0,
        0.39949065340020734,
        0.4033684677168909,
        0.5755898750925194,
        0.19478799820129641,
        0.6260205389355222,
        0.9234406604543628,
        0.06607841583063942,
        0.021153277390735768,
        0.47881148376602256,
        0.3024021298893462,
        0.45792757397270134,
        0.48606869475080805,
        0.945360912113841,
        0.5080067306347488,
        0.602005602935489,
        0.41616066619259323,
        0.3265592849487689
      ],
      [
        0.4643631335317443,
        0.4981311829040298,
        0.5095595413126389,
        0.6339201382003572,
        0.2842966996935681,
        0.233416320173419,
        0.4907542687552662,
        0.4631346654654605,
        0.5974048201637204,
        0.6898303125031197,
        0.20392183205943407,
        0.8049391941644771,
        0.8973556334173576,
        0.5062319645728263,
        0.0974119335303498,
        0.5974277106275913,
        0.3477564262533501,
        0.7886120520949758,
        0.7344070097261818,
        0.44015996441597527,
        0.6860576772178679,
        0.5612605966657487,
        0.39949065340020734,
        0.0,
        0.24418905052591966,
        0.7190017744470917,
        0.41788434623572335,
        0.25032173983099926,
        0.5239500070541554,
        0.46556906923084673,
        0.4206439307909431,
        0.2323992092698415,
        0.5590138783700158,
        0.05843692057249398,
        0.13300402538018413,
        0.9000442386787103,
        0.14724670057261285,
        0.20251494953528165,
        0.01667001279238587,
        0.5556363671362583
      ],
      [
        0.6166260498078424,
        0.3648097017358404,
        0.4909999349284432,
        0.7082431581416726,
        0.3586197196348835,
        0.09923842936169928,
        0.6460653496698441,
        0.7073237159913801,
        0.48143339722716194,
        0.6501331001414477,
        0.4478323059520375,
        0.5607501436385575,
        0.9782238097332896,
        0.7500791499576831,
        0.34125911891520666,
        0.7159419291873441,
        0.4449514956545621,
        0.8845299388642345,
        0.6048597020190926,
        0.43884075108390186,
        0.5628618886321911,
        0.6355836166070641,
        0.4033684677168909,
        0.24418905052591966,
        0.0,
        0.474812723921172,
        0.5929032481518111,
        0.48459632670934716,
        0.7681390575800751,
        0.4522639788999451,
        0.3894504947041965,
        0.4738574667428431,
        0.44342510750848624,
        0.30262597109841366,
        0.3755982829365316,
        0.9743672586200256,
        0.3913319354242618,
        0.4467040000612013,
        0.2585914102311975,
        0.7156132536283549
      ],
      [
        0.8839250142012564,
        0.4159373099508875,
        0.6856163377109432,
        0.3910698601205049,
        0.6857232862863802,
        0.5740511532828713,
        0.9125631525414497,
        1.182136439912552,
        0.26518743646954485,
        0.6748527559522361,
        0.9226450298732095,
        0.08593741971738544,
        0.6382794139599014,
        1.0829961686225609,
        0.8160718428363787,
        0.9670241663954847,
        0.7318409177187208,
        0.5302021229529089,
        0.17165823558994556,
        0.6083118213575402,
        0.22131324017689064,
        0.9624969279799968,
        0.5755898750925194,
        0.7190017744470917,
        0.474812723921172,
        0.0,
        0.7241718028894721,
        0.9594090506305192,
        1.242951781501247,
        0.5544978937753948,
        0.5857747928600687,
        0.9486701906640151,
        0.2731877452031731,
        0.7774386950195857,
        0.8504110068577035,
        0.6449052219771675,
        0.8661446593454338,
        0.8049546187567533,
        0.7334041341523696,
        0.8882999775874799
      ],
      [
        0.8258293765141365,
        0.5552393624584083,
        0.10190331322336783,
        0.884229416829577,
        0.6839533789003583,
        0.4938299523527756,
        0.8584376250127881,
        0.7331703804202772,
        0.5247698574677977,
        0.8116560909062562,
        0.3257476104625707,
        0.8101092226068576,
        1.154210068421194,
        0.7292924437478501,
        0.3204724127053735,
        0.9649950113893827,
        0.7357267831735994,
        1.0605161975521389,
        0.6932876503396259,
        0.17988444588456554,
        0.6199726191724978,
        0.8507052209496544,
        0.19478799820129641,
        0.41788434623572335,
        0.5929032481518111,
        0.7241718028894721,
        0.0,
        0.4393888216825281,
        0.793951908334838,
        0.24836401865939683,
        0.20345275344761451,
        0.3063171493763845,
        0.49719012809064267,
        0.41051188024021135,
        0.2912806965495116,
        1.1401489103151374,
        0.31321873243345233,
        0.6163409924961195,
        0.40514402151285106,
        0.2447428418260068
      ],
      [
        0.628609926286323,
        0.7479523288335571,
        0.5412921349058959,
        0.8168162852211689,
        0.4671928467143798,
        0.48372443476109983,
        0.6240527454918787,
        0.309599173696827,
        0.8382445679859877,
        0.6013030035712783,
        0.11539452312759271,
        1.0453464703479045,
        1.0760323910177143,
        0.35594531669422363,
        0.15996802179557457,
        0.7467252887448652,
        0.5410929084780212,
        0.9819485343196467,
        0.9817043732054235,
        0.6192732675670936,
        0.9298895647185407,
        0.47735809389602807,
        0.6260205389355222,
        0.25032173983099926,
        0.48459632670934716,
        0.9594090506305192,
        0.4393888216825281,
        0.0,
        0.3684218958074623,
        0.6877528403419249,
        0.6048672615447865,
        0.1472090551694997,
        0.8002241762907298,
        0.21543832146014,
        0.15861944506680853,
        1.0380494449072244,
        0.1338764713773814,
        0.4291161431927903,
        0.2409482433030366,
        0.6266200939189336
      ],
      [
        0.43593457835550864,
        1.0220811899581852,
        0.8958552215582058,
        0.8768997193332746,
        0.5586044058605975,
        0.7573663272275744,
        0.42699925730165444,
        0.06081534158869493,
        1.1213548272178757,
        0.967555355028952,
        0.48164687458526645,
        1.158200017151028,
        0.9101468597195987,
        0.16793113721704211,
        0.4771042364282198,
        0.5416678216102199,
        0.5238075054275286,
        0.9646631312691543,
        1.2583570167803373,
        0.9641099714701307,
        1.2047720579286187,
        0.2816405088884168,
        0.9234406604543628,
        0.5239500070541554,
        0.7681390575800751,
        1.242951781501247,
        0.793951908334838,
        0.3684218958074623,
        0.0,
        0.9842747011948685,
        0.9445939378450985,
        0.5156268983394674,
        1.0829638854241712,
        0.5671437039630576,
        0.5026980126276249,
        0.8723642042090282,
        0.48135200446058746,
        0.6778357383309705,
        0.5238466940885724,
        0.994458406396174
      ],
      [
        0.8709798833016512,
        0.3645611025841278,
        0.1515829790503041,
        0.7321832621832274,
        0.6129735531286922,
        0.35359226285550804,
        0.9004191831636529,
        0.9287037346963072,
        0.3029271632716641,
        0.6498845009897352,
        0.5741116291219676,
        0.6393810846904029,
        0.9936985514620897,
        0.9113331217849006,
        0.5629810027611966,
        0.9702957626811529,
        0.6993053291483708,
        0.9083579732712562,
        0.4698472671929349,
        0.0687069090681968,
        0.39366225886768613,
        0.7899203445830961,
        0.06607841583063942,
        0.46556906923084673,
        0.4522639788999451,
        0.5544978937753948,
        0.24836401865939683,
        0.6877528403419249,
        0.9842747011948685,
        0.0,
        0.08721793245277677,
        0.5448761388280636,
        0.28131014857222164,
        0.5240059898033407,
        0.5396447152089084,
        0.9800037692928059,
        0.5615827510928492,
        0.6680840187661283,
        0.4822390820232326,
        0.33380522467677104
      ],
      [
        0.8077648193513043,
        0.36255724566133773,
        0.10154944022424668,
        0.6981633592096479,
        0.5497584891783452,
        0.29037719890516106,
        0.837204119213306,
        0.8837785962564035,
        0.34163167910773967,
        0.6478806440669451,
        0.4999026186187035,
        0.6706579837750768,
        0.952201774454606,
        0.8664079833449969,
        0.5180558643212929,
        0.907080698730806,
        0.6360902651980238,
        0.8728236042336782,
        0.5098855469199932,
        0.04947719072471469,
        0.4376192677701043,
        0.7449952061431925,
        0.021153277390735768,
        0.4206439307909431,
        0.3894504947041965,
        0.5857747928600687,
        0.20345275344761451,
        0.6048672615447865,
        0.9445939378450985,
        0.08721793245277677,
        0.0,
        0.4576582063752868,
        0.3125870476568956,
        0.4790808513634371,
        0.4947334499971261,
        0.964287459688001,
        0.5166714858810668,
        0.6231588803262247,
        0.437313943583329,
        0.3261627589241584
      ],
      [
        0.6482786792386324,
        0.693014949938576,
        0.40661215386083865,
        0.856016471442481,
        0.5063930329356919,
        0.4428610038067788,
        0.680886927737284,
        0.45666007594384594,
        0.7854565932124682,
        0.5281528926871022,
        0.042244412243416664,
        0.982451747041941,
        1.0168813804355907,
        0.49146810467603996,
        0.1429217154298694,
        0.7874443141138786,
        0.5562235029385377,
        0.9970791287801632,
        0.9341945312052554,
        0.48620159526095,
        0.8788388028270657,
        0.6128808818778444,
        0.47881148376602256,
        0.2323992092698415,
        0.4738574667428431,
        0.9486701906640151,
        0.3063171493763845,
        0.1472090551694997,
        0.5156268983394674,
        0.5448761388280636,
        0.4576582063752868,
        0.0,
        0.7478522133899668,
        0.23266105058912206,
        0.09946843448468493,
        0.9788984343251007,
        0.09055361696226245,
        0.43483382222332706,
        0.21669816848067358,
        0.4797824199535929
      ],
      [
        0.8378235757371734,
        0.14386072485399218,
        0.4124285925077701,
        0.5452533645354173,
        0.6035679684199711,
        0.34418667814678694,
        0.870431824235825,
        1.0221485438354763,
        0.038437373151376054,
        0.40166501074906297,
        0.7220781399935322,
        0.3580709361181812,
        0.8152340161270342,
        1.0015202144145796,
        0.6404399765518498,
        0.892940169208093,
        0.6898997444396497,
        0.7215401452579793,
        0.19845950722391653,
        0.33512407615436707,
        0.1321595205629384,
        0.8805318653921518,
        0.3024021298893462,
        0.5590138783700158,
        0.44342510750848624,
        0.2731877452031731,
        0.49719012809064267,
        0.8002241762907298,
        1.0829638854241712,
        0.28131014857222164,
        0.3125870476568956,
        0.7478522133899668,
        0.0,
        0.6107168030811827,
        0.6483837789052819,
        0.8086413143309188,
        0.6722475542092162,
        0.7227993008903442,
        0.5641618436857736,
        0.6151122323843068
      ],
      [
        0.4246331926929766,
        0.542123506720063,
        0.5124151934635792,
        0.6235547488228081,
        0.2739313103160191,
        0.2766472277412337,
        0.4491548272618386,
        0.5064023005432028,
        0.6491538566071243,
        0.6827762727933884,
        0.19686779234970286,
        0.8633761147369712,
        0.8752537941818885,
        0.49885949857731426,
        0.0900394675348378,
        0.5614992554462254,
        0.32565458701788114,
        0.7665102128595067,
        0.7816052378247996,
        0.49859688498846927,
        0.7360068417453893,
        0.5508952072881997,
        0.45792757397270134,
        0.05843692057249398,
        0.30262597109841366,
        0.7774386950195857,
        0.41051188024021135,
        0.21543832146014,
        0.5671437039630576,
        0.5240059898033407,
        0.4790808513634371,
        0.23266105058912206,
        0.6107168030811827,
        0.0,
        0.1374255181105287,
        0.8896788493011614,
        0.14214095087093095,
        0.2153824788109064,
        0.06400528050636019,
        0.6028500930207986
      ],
      [
        0.5539488962286813,
        0.6079318089392993,
        0.39318400977287943,
        0.758828079299998,
        0.40920464079320884,
        0.3508693435621352,
        0.5865571447273329,
        0.44193340646183554,
        0.6859881587277833,
        0.5596028415319358,
        0.07369436108825032,
        0.936348426575089,
        0.9174129459509057,
        0.4574119634623949,
        0.048591932419918375,
        0.6929205180036453,
        0.46306933152759433,
        0.9039249573692199,
        0.8347260967205705,
        0.47116514243407714,
        0.7793703683423808,
        0.5788247406641992,
        0.48606869475080805,
        0.13300402538018413,
        0.3755982829365316,
        0.8504110068577035,
        0.2912806965495116,
        0.15861944506680853,
        0.5026980126276249,
        0.5396447152089084,
        0.4947334499971261,
        0.09946843448468493,
        0.6483837789052819,
        0.1374255181105287,
        0.0,
        0.8794299998404158,
        0.024778594364818666,
        0.3353733149807361,
        0.11749731740512054,
        0.503322814417603
      ],
      [
        0.478452432956711,
        0.6675167401597782,
        1.0484502040845622,
        0.2661241004783531,
        0.6157475389851422,
