{
  "sol": {
    "z": 3.4142210641917234,
    "tours": [
      [
        0,
        13,
        11,
        8,
        12,
        6,
        10,
        2,
        9,
        15,
        7,
        5,
        14
      ],
      [
        4,
        1,
        3,
        39
      ]
    ]
  },
  "params": {
    "gm": [
      [
        0.0,
        0.7759246230101144,
        0.337222809411956,
        0.322578634180459,
        0.5453566871365882,
        0.7014435319393736,
        0.4660070554265537,
        0.8500214729772015,
        0.3404243404168308,
        0.4214504213900643,
        0.4566155038783992,
        0.23385390244947704,
        0.2373805657487111,
        0.23085219236372462,
        0.5498742552765878,
        0.45521351135417254,
        0.886139097556962,
        0.38500043837580195,
        0.7192211467907826,
        0.20094494599980497,
        0.6506643452513264,
        0.8146877360263548,
        0.44771334901674464,
        0.9170173327351774,
        0.1678371752553756,
        0.31893456159021016,
        0.6650788418202596,
        0.4542653997980142,
        0.20716541840089492,
        0.17425805610668885,
        0.43706628980769247,
        0.5039746807215789,
        0.7287568604450358,
        0.7955558727496055,
        0.8299573028356672,
        0.45777173984001485,
        0.4137779627166548,
        0.6457154553728504,
        0.5495275195536801,
        0.5447149373788288
      ],
      [
        0.7759246230101144,
        0.0,
        0.8713395770888421,
        0.8123207063040901,
        0.7002945886865126,
        0.5618421515471732,
        0.9979262814404226,
        0.7695170892009268,
        1.1163489634269452,
        0.9022375579505661,
        1.063760717947053,
        1.0097785254595915,
        1.0133051887588256,
        1.006776815373839,
        0.713411428209959,
        0.8159127395966955,
        0.11021447454684753,
        0.8751747607777172,
        0.861956245882596,
        0.8414002647014783,
        0.6305355682026894,
        0.660351209966008,
        0.4413096772549546,
        0.1410927097250629,
        0.8834052142357779,
        0.8143894271978492,
        0.7828590060295274,
        0.7262877333443796,
        0.9830900414110093,
        0.9501826791168033,
        1.212990912817807,
        1.0352763880598093,
        0.7191809874047511,
        0.5839748429312894,
        0.3197627013252191,
        1.0838997376912067,
        1.1119629286984536,
        0.8585385946774367,
        0.4856885113067755,
        0.8931007550746102
      ],
      [
        0.337222809411956,
        0.8713395770888421,
        0.0,
        0.05901887078475199,
        0.7885109273029858,
        0.572874541503857,
        0.1287842460145977,
        0.6213308894107333,
        0.31051536973429106,
        0.08422761197810832,
        0.1924933548489311,
        0.41525495627785325,
        0.4181259076809256,
        0.5680750017756806,
        0.7235444213916,
        0.16877950978591247,
        0.8127379151947156,
        0.04777762896384595,
        0.44254994688278126,
        0.18529551581369016,
        0.8967790489649465,
        0.6385898463411228,
        0.6938280527303647,
        0.8767817617820604,
        0.22632461307454171,
        0.2044458693769835,
        0.5070670116263419,
        0.33786605505876816,
        0.5170030370297085,
        0.5114808655186448,
        0.353905450829202,
        0.1667518713096229,
        0.5217343031764206,
        0.6570183428084108,
        0.7048240049738244,
        0.2147577022653819,
        0.24282089327262862,
        0.38237669590373496,
        0.7853863289803407,
        0.8819377467907847
      ],
      [
        0.322578634180459,
        0.8123207063040901,
        0.05901887078475199,
        0.0,
        0.7755426083326212,
        0.5599062225334925,
        0.1856055751363325,
        0.5949996428365398,
        0.3673366988560258,
        0.10340536000911682,
        0.25144001164296276,
        0.4742016130718849,
        0.4749472368026604,
        0.5527348154935569,
        0.7058383518205722,
        0.142448263211719,
        0.8283296488419463,
        0.06336936261107662,
        0.4194398031250671,
        0.12627664502893818,
        0.9074775592490256,
        0.6097303187922656,
        0.7045265630144438,
        0.8177764660757729,
        0.16730574228978973,
        0.145598035804356,
        0.4782074840774848,
        0.2796541954338831,
        0.5297440525813539,
        0.48969837361516244,
        0.41072677995093676,
        0.22295568175571912,
        0.49287477562756343,
        0.6209446683854744,
        0.6472180670255231,
        0.2715790313871167,
        0.29964222239436344,
        0.35351716835487784,
        0.7910952130717788,
        0.8627259195011137
      ],
      [
        0.5453566871365882,
        0.7002945886865126,
        0.7885109273029858,
        0.7755426083326212,
        0.0,
        0.21563638579912878,
        0.8021601125900182,
        0.7189084248425681,
        0.885781027553419,
        0.7042833153248774,
        0.890014721673079,
        0.7792105895860653,
        0.7827372528852994,
        0.7762088795003128,
        0.3672056624619145,
        0.6330943451209022,
        0.740715666875269,
        0.8337340832910209,
        0.8358683651974794,
        0.7463016331363932,
        0.41983617705828663,
        0.6779392956488365,
        0.258984911431558,
        0.6363858276212391,
        0.7131938623919638,
        0.8161327247117742,
        0.7567711253444108,
        0.8990995400392356,
        0.7467481528584289,
        0.7196147432432771,
        0.9824229769442807,
        0.8614320440181122,
        0.6930931067196345,
        0.5578090670876443,
        0.5250451696493121,
        0.8881335688408024,
        0.9161967598480492,
        0.8324507139923201,
        0.33792854692067104,
        0.7168460388383394
      ],
      [
        0.7014435319393736,
        0.5618421515471732,
        0.572874541503857,
        0.5599062225334925,
        0.21563638579912878,
        0.0,
        0.5865237267908894,
        0.5549521847829801,
        0.7682548505105827,
        0.4886469295257487,
        0.6743783358739502,
        0.8971399373028724,
        0.8758653884572173,
        0.8187223957870444,
        0.15156927666278572,
        0.4174579593217735,
        0.5250792810761403,
        0.6180976974918923,
        0.6202319793983507,
        0.6843548978322909,
        0.575717256172227,
        0.46230290984970773,
        0.3727662599376453,
        0.4207494418221103,
        0.7260759481077177,
        0.6004963389126455,
        0.5411347395452821,
        0.6834631542401068,
        0.907910455556521,
        0.8757015880460625,
        0.8116449316054937,
        0.6457956582189835,
        0.4774567209205058,
        0.3421726812885156,
        0.3094087838501834,
        0.6724971830416736,
        0.7005603740489204,
        0.6168143281931914,
        0.4729645270487879,
        0.8325970577923776
      ],
      [
        0.4660070554265537,
        0.9979262814404226,
        0.1287842460145977,
        0.1856055751363325,
        0.8021601125900182,
        0.5865237267908894,
        0.0,
        0.7330859070365242,
        0.18173112371969335,
        0.1745647807637768,
        0.08785460908306089,
        0.31061621051198307,
        0.2893416616663279,
        0.5865311843836751,
        0.7380930034536751,
        0.2838916309606607,
        0.9415221612093133,
        0.17656187497844367,
        0.5420123606739451,
        0.3118822201652707,
        1.0255632949795443,
        0.7466574697268251,
        0.8226122987449624,
        1.0033820412121055,
        0.35291131742612225,
        0.3312036109406885,
        0.6151346350120442,
        0.4652597705702156,
        0.3882187910151108,
        0.6402651115332425,
        0.2251212048146043,
        0.10617993305267898,
        0.6298019265621229,
        0.7650859661941131,
        0.8328233136658427,
        0.0859734562507842,
        0.11403664725803093,
        0.49044431928943727,
        0.9141705749949384,
        0.9194259779186404
      ],
      [
        0.8500214729772015,
        0.7695170892009268,
        0.6213308894107333,
        0.5949996428365398,
        0.7189084248425681,
        0.5549521847829801,
        0.7330859070365242,
        0.0,
        0.9116229406238527,
        0.5585246250801299,
        0.7493891387896569,
        0.9721507402185791,
        0.9714761991428797,
        1.0724093068342102,
        0.7065214614457659,
        0.4525513796248209,
        0.6613917309359939,
        0.6531911177949397,
        0.21003236354496058,
        0.7160314424784604,
        1.0055642712162634,
        0.10919904981768132,
        0.9269664017447087,
        0.6749218917096955,
        0.7552638580009476,
        0.5310869113869914,
        0.18494263115694204,
        0.5434722679219013,
        1.0215648853078463,
        0.9876344032975781,
        0.9560527210581873,
        0.6912647959834389,
        0.12352410215515987,
        0.21387606915995266,
        0.4520631718812326,
        0.8161458020271023,
        0.8302401169117106,
        0.24325051338471698,
        1.0259171212319884,
        1.3607104384164481
      ],
      [
        0.3404243404168308,
        1.1163489634269452,
        0.31051536973429106,
        0.3673366988560258,
        0.885781027553419,
        0.7682548505105827,
        0.18173112371969335,
        0.9116229406238527,
        0.0,
        0.3530983155437229,
        0.21302493792825383,
        0.13308496786670787,
        0.15369545175699204,
        0.4817024580364534,
        0.8902985956934186,
        0.4656227546803541,
        1.1232532849290067,
        0.358292998698137,
        0.7228104551873062,
        0.49361334388496403,
        0.9901266422401143,
        0.9252636903143613,
        0.7871756460055325,
        1.1851131649317987,
        0.5082615156722063,
        0.5129347346603819,
        0.7937408555995804,
        0.646990894289909,
        0.2600339978136665,
        0.486680359619927,
        0.09694800002965603,
        0.26551449740852756,
        0.8084081471496591,
        0.9436921867816492,
        1.0145544373855362,
        0.11734739942318405,
        0.08641307415377882,
        0.6690505398769735,
        0.8889898165424679,
        0.8116076827673725
      ],
      [
        0.4214504213900643,
        0.9022375579505661,
        0.08422761197810832,
        0.10340536000911682,
        0.7042833153248774,
        0.4886469295257487,
        0.1745647807637768,
        0.5585246250801299,
        0.3530983155437229,
        0.0,
        0.20479357859865782,
        0.42755518002758,
        0.4639064424301047,
        0.652302613753789,
        0.6393168094134917,
        0.1128745466032589,
        0.7920230834037186,
        0.13060009082248444,
        0.3697121396435834,
        0.229682005038055,
        0.9810066609430549,
        0.5721653747706384,
        0.7780556647084731,
        0.8800521710698729,
        0.27071110229890655,
        0.22693876100921523,
        0.4406425400558576,
        0.36115311120258775,
        0.5627835717788876,
        0.5884321551790639,
        0.3983681953226526,
        0.15714872869323485,
        0.45530983160593624,
        0.5905938712379264,
        0.6931611079021451,
        0.2582635763573927,
        0.2886014280218077,
        0.31595222433325065,
        0.869613940958449,
        0.961361449041386
      ],
      [
        0.4566155038783992,
        1.063760717947053,
        0.1924933548489311,
        0.25144001164296276,
        0.890014721673079,
        0.6743783358739502,
        0.08785460908306089,
        0.7493891387896569,
        0.21302493792825383,
        0.20479357859865782,
        0.0,
        0.22276160142892218,
        0.3483453364629094,
        0.6436111731063593,
        0.825947612536736,
        0.31716430714784416,
        0.9794925329051838,
        0.2145322466743141,
        0.5481846273529134,
        0.3777166566719009,
        1.0892724038138777,
        0.7629711617280972,
        0.8863214075792958,
        1.0688041195896802,
        0.4187457539327525,
        0.39693629287494586,
        0.6314483270133163,
        0.5303594099076993,
        0.44902419197018134,
        0.6221689981209582,
        0.21731756786510908,
        0.05999777057271935,
        0.6454247363696652,
        0.7807087760016554,
        0.8919636515382596,
        0.09577730693579185,
        0.1752013318347065,
        0.5067580112907094,
        0.9778796838292718,
        0.9757701303780124
      ],
      [
        0.23385390244947704,
        1.0097785254595915,
        0.41525495627785325,
        0.4742016130718849,
        0.7792105895860653,
        0.8971399373028724,
        0.31061621051198307,
        0.9721507402185791,
        0.13308496786670787,
        0.42755518002758,
        0.22276160142892218,
        0.0,
        0.15881988066469285,
        0.4208495716774371,
        0.7837281577260649,
        0.5399259085767664,
        1.119993000006439,
        0.43729384810323624,
        0.7709462287818356,
        0.434798848449282,
        0.873282653838412,
        0.9857327631570194,
        0.6703316576038302,
        1.1508712351846544,
        0.40169107770485263,
        0.5527884640396872,
        0.8542099284422385,
        0.6881193022474912,
        0.24111844619949724,
        0.39940739669203595,
        0.2300329678963639,
        0.28275937200164153,
        0.8681863377985874,
        1.0034703774305775,
        1.0638112052851443,
        0.25043236728989193,
        0.21949804202048667,
        0.7295196127196316,
        0.7721458281407656,
        0.7530085289490902
      ],
      [
        0.2373805657487111,
        1.0133051887588256,
        0.4181259076809256,
        0.4749472368026604,
        0.7827372528852994,
        0.8758653884572173,
        0.2893416616663279,
        0.9714761991428797,
        0.15369545175699204,
        0.4639064424301047,
        0.3483453364629094,
        0.15881988066469285,
        0.0,
        0.33236564166735116,
        0.787254821025299,
        0.5189248195180589,
        1.1235196633056732,
        0.4659035366447716,
        0.7962352641523149,
        0.4383255117485161,
        0.8880449110000376,
        0.9890646269149977,
        0.6850939147654558,
        1.1543978984838885,
        0.4052177410040867,
        0.5563151273389213,
        0.8575417922002169,
        0.6916459655467253,
        0.10633874347365675,
        0.3518792919970724,
        0.23448062380158677,
        0.39101336827583216,
        0.8722090837502956,
        1.0074931233822857,
        1.0673378685843784,
        0.25615649173406757,
        0.17639739696794368,
        0.73285147647761,
        0.7869080853023912,
        0.6594194493257046
      ],
      [
        0.23085219236372462,
        1.006776815373839,
        0.5680750017756806,
        0.5527348154935569,
        0.7762088795003128,
        0.8187223957870444,
        0.5865311843836751,
        1.0724093068342102,
        0.4817024580364534,
        0.652302613753789,
        0.6436111731063593,
        0.4208495716774371,
        0.33236564166735116,
        0.0,
        0.6671531191242587,
        0.6859773434862376,
        1.1169912899206866,
        0.6158526307395266,
        0.9471695576765881,
        0.42883216886234027,
        0.881516537615051,
        1.0370755698833636,
        0.6785655413804692,
        1.147869525098902,
        0.3918428666872119,
        0.5413223954472188,
        0.8874666756772682,
        0.6766532336550228,
        0.23250202247690333,
        0.10713835080665564,
        0.5668444934024314,
        0.6871835712962981,
        0.9511446943020445,
        1.0179437066066142,
        1.0523451366926757,
        0.5645621134976165,
        0.4724945371256442,
        0.8726895079182958,
        0.7423364952649201,
        0.33289819728374914
      ],
      [
        0.5498742552765878,
        0.713411428209959,
        0.7235444213916,
        0.7058383518205722,
        0.3672056624619145,
        0.15156927666278572,
        0.7380930034536751,
        0.7065214614457659,
        0.8902985956934186,
        0.6393168094134917,
        0.825947612536736,
        0.7837281577260649,
        0.787254821025299,
        0.6671531191242587,
        0.0,
        0.5633900886088532,
        0.6766485577389261,
        0.7640298267789719,
        0.7718012560611365,
        0.7508192012763928,
        0.47763036603271475,
        0.6138721865124934,
        0.524335536600431,
        0.572318718484896,
        0.7177114305319634,
        0.7464284681997252,
        0.6927040162080678,
        0.8350324309028925,
        0.7563411788937352,
        0.7241323113832767,
        0.9632142082682794,
        0.7964655381067265,
        0.6290259975832915,
        0.49374195795130127,
        0.4609780605129691,
        0.8240664597044594,
        0.8521296507117061,
        0.7683836048559771,
        0.6245338037115736,
        0.7915297973275673
      ],
      [
        0.45521351135417254,
        0.8159127395966955,
        0.16877950978591247,
        0.142448263211719,
        0.6330943451209022,
        0.4174579593217735,
        0.2838916309606607,
        0.4525513796248209,
        0.4656227546803541,
        0.1128745466032589,
        0.31716430714784416,
        0.5399259085767664,
        0.5189248195180589,
        0.6859773434862376,
        0.5633900886088532,
        0.0,
        0.705698265049848,
        0.20063973817011874,
        0.27731044463425597,
        0.26689693851051743,
        0.9931752154940006,
        0.4701398073969389,
        0.7902242192594188,
        0.786646022330016,
        0.30861798878594426,
        0.18303837959087202,
        0.33861697268215807,
        0.3006550091996801,
        0.6252635629917157,
        0.6143724649926046,
        0.5089242481553609,
        0.26664012691823963,
        0.3532842642322367,
        0.4885683038642269,
        0.590497110325456,
        0.3690717585110076,
        0.39792827821869164,
        0.2139266569595511,
        0.8904224863705614,
        0.9874485001114746
      ],
      [
        0.886139097556962,
        0.11021447454684753,
        0.8127379151947156,
        0.8283296488419463,
        0.740715666875269,
        0.5250792810761403,
        0.9415221612093133,
        0.6613917309359939,
        1.1232532849290067,
        0.7920230834037186,
        0.9794925329051838,
        1.119993000006439,
        1.1235196633056732,
        1.1169912899206866,
        0.6766485577389261,
        0.705698265049848,
        0.0,
        0.7649602862308696,
        0.7517958701701373,
        0.7311857901546308,
        0.7407500427495369,
        0.5521959824973903,
        0.5515241518018021,
        0.11776956791102831,
        0.7731907396889304,
        0.726693238471414,
        0.6726986303170686,
        0.6221955292451175,
        1.093304515957857,
        1.060397153663651,
        1.1666433660239175,
        0.9491718120969534,
        0.6090206116922923,
        0.4737925003486051,
        0.21567049722595694,
        1.0274956174600975,
        1.0555588084673442,
        0.7483782189649779,
        0.595902985853623,
        1.0033152296214578
      ],
      [
        0.38500043837580195,
        0.8751747607777172,
        0.04777762896384595,
        0.06336936261107662,
        0.8337340832910209,
        0.6180976974918923,
        0.17656187497844367,
        0.6531911177949397,
        0.358292998698137,
        0.13060009082248444,
        0.2145322466743141,
        0.43729384810323624,
        0.4659035366447716,
        0.6158526307395266,
        0.7640298267789719,
        0.20063973817011874,
        0.7649602862308696,
        0.0,
        0.47769508889336204,
        0.1896460076400148,
        0.9445566779287925,
        0.6701510342855571,
        0.7416056816942107,
        0.8811458286868495,
        0.23067510490086635,
        0.20896739841543263,
        0.5386281995707762,
        0.3430235580449597,
        0.5647806659935545,
        0.5530677362262391,
        0.40168307979304796,
        0.20013900765676607,
        0.553295491120855,
        0.684314030996551,
        0.7105874296365997,
        0.2625353312292279,
        0.2905985222364746,
        0.4139378838481693,
        0.8331639579441866,
        0.9260952821121903
      ],
      [
        0.7192211467907826,
        0.861956245882596,
        0.44254994688278126,
        0.4194398031250671,
        0.8358683651974794,
        0.6202319793983507,
        0.5420123606739451,
        0.21003236354496058,
        0.7228104551873062,
        0.3697121396435834,
        0.5481846273529134,
        0.7709462287818356,
        0.7962352641523149,
        0.9471695576765881,
        0.7718012560611365,
        0.27731044463425597,
        0.7517958701701373,
        0.47769508889336204,
        0.0,
        0.5416977374602212,
        1.1519213713229832,
        0.25555614992440123,
        0.9914497434286176,
        0.7860255791704054,
        0.5836882715947118,
        0.4088130208853325,
        0.16124486218759165,
        0.5197744989525509,
        0.8992909948061873,
        0.86527744541244,
        0.7601521343320335,
        0.48890690390499875,
        0.14277525847784495,
        0.27805929810983515,
        0.5588714513394444,
        0.6216774136962868,
        0.6560490079319761,
        0.07654282298266898,
        0.9992850665778543,
        1.2383534805313101
      ],
      [
        0.20094494599980497,
        0.8414002647014783,
        0.18529551581369016,
        0.12627664502893818,
        0.7463016331363932,
        0.6843548978322909,
        0.3118822201652707,
        0.7160314424784604,
        0.49361334388496403,
        0.229682005038055,
        0.3777166566719009,
        0.434798848449282,
        0.4383255117485161,
        0.42883216886234027,
        0.7508192012763928,
        0.26689693851051743,
        0.7311857901546308,
        0.1896460076400148,
        0.5416977374602212,
        0.0,
        0.7812009142200874,
        0.6846221050582336,
        0.5782499179855056,
        0.8489553580656591,
        0.04200494953429952,
        0.188868930622089,
        0.5350132108521384,
        0.3241997688298931,
        0.4081103644006999,
        0.3728959828666387,
        0.537003424979875,
        0.3492323267846573,
        0.5986912294769147,
        0.6654902417814843,
        0.699891671867546,
        0.3978556764160549,
        0.4259188674233016,
        0.4727809290937434,
        0.6648185680428406,
        0.7452006439394123
      ],
      [
        0.6506643452513264,
        0.6305355682026894,
        0.8967790489649465,
        0.9074775592490256,
        0.41983617705828663,
        0.575717256172227,
        1.0255632949795443,
        1.0055642712162634,
        0.9901266422401143,
        0.9810066609430549,
        1.0892724038138777,
        0.873282653838412,
        0.8880449110000376,
        0.881516537615051,
        0.47763036603271475,
        0.9931752154940006,
        0.7407500427495369,
        0.9445566779287925,
        1.1519213713229832,
        0.7812009142200874,
        0.0,
        0.896365221398582,
        0.2029509962345818,
        0.7325043812721398,
        0.772163629780902,
        0.9695989068415366,
        1.0459741156046773,
        1.087842230912132,
        0.8578297636522213,
        0.8249224013580153,
        1.0870264847396096,
        1.0635309202745695,
        1.0140291123835514,
        0.9163414415533643,
        0.7237584661036259,
        1.1074740416632984,
        1.0644423079679812,
        1.1525783718359697,
        0.23563265692231783,
        0.6450709549034888
      ],
      [
        0.8146877360263548,
        0.660351209966008,
        0.6385898463411228,
        0.6097303187922656,
        0.6779392956488365,
        0.46230290984970773,
        0.7466574697268251,
        0.10919904981768132,
        0.9252636903143613,
        0.5721653747706384,
        0.7629711617280972,
        0.9857327631570194,
        0.9890646269149977,
        1.0370755698833636,
        0.6138721865124934,
        0.4701398073969389,
        0.5521959824973903,
        0.6701510342855571,
        0.25555614992440123,
        0.6846221050582336,
        0.896365221398582,
        0.0,
        0.8310961763639343,
        0.567558846353196,
        0.7199301210501009,
        0.49575317443614464,
        0.14960889420609527,
        0.4632387416634195,
        0.9862311483569994,
        0.9523006663467314,
        0.9609756218455361,
        0.7030908567819152,
        0.11766389098496938,
        0.12284021956049698,
        0.3434192333368964,
        0.8208709718785796,
        0.8432027539643815,
        0.2562131504373878,
        0.9285794266729254,
        1.2909269742186664
      ],
      [
        0.44771334901674464,
        0.4413096772549546,
        0.6938280527303647,
        0.7045265630144438,
        0.258984911431558,
        0.3727662599376453,
        0.8226122987449624,
        0.9269664017447087,
        0.7871756460055325,
        0.7780556647084731,
        0.8863214075792958,
        0.6703316576038302,
        0.6850939147654558,
        0.6785655413804692,
        0.524335536600431,
        0.7902242192594188,
        0.5515241518018021,
        0.7416056816942107,
        0.9914497434286176,
        0.5782499179855056,
        0.2029509962345818,
        0.8310961763639343,
        0.0,
        0.5568100142217819,
        0.5692126335463202,
        0.7666479106069548,
        0.912352503575549,
        0.8848912346775502,
        0.6548787674176395,
        0.6219714051234335,
        0.8840754885050278,
        0.8605799240399876,
        0.8486744849507727,
        0.7133904453187825,
        0.6821750437878287,
        0.9045230454287165,
        0.8614913117333994,
        0.9880320922234582,
        0.10181417053693538,
        0.45983079785473224
      ],
      [
        0.9170173327351774,
        0.1410927097250629,
        0.8767817617820604,
        0.8177764660757729,
        0.6363858276212391,
        0.4207494418221103,
        1.0033820412121055,
        0.6749218917096955,
        1.1851131649317987,
        0.8800521710698729,
        1.0688041195896802,
        1.1508712351846544,
        1.1543978984838885,
        1.147869525098902,
        0.572318718484896,
        0.786646022330016,
        0.11776956791102831,
        0.8811458286868495,
        0.7860255791704054,
        0.8489553580656591,
        0.7325043812721398,
        0.567558846353196,
        0.5568100142217819,
        0.0,
        0.8909603075999587,
        0.6732967174727863,
        0.7069283393173367,
        0.6337573430825434,
        1.1241827511360722,
        1.0912753888418663,
        1.2285032460267098,
        1.0334423271417508,
        0.6432503206925604,
        0.5115631431794302,
        0.22723231106338293,
        1.0893554974628896,
        1.1174186884701365,
        0.782607927965246,
        0.6132437712945009,
        1.0166408120765142
      ],
      [
        0.1678371752553756,
        0.8834052142357779,
        0.22632461307454171,
        0.16730574228978973,
        0.7131938623919638,
        0.7260759481077177,
        0.35291131742612225,
        0.7552638580009476,
        0.5082615156722063,
        0.27071110229890655,
        0.4187457539327525,
        0.40169107770485263,
        0.4052177410040867,
        0.3918428666872119,
        0.7177114305319634,
        0.30861798878594426,
        0.7731907396889304,
        0.23067510490086635,
        0.5836882715947118,
        0.04200494953429952,
        0.772163629780902,
        0.7199301210501009,
        0.5692126335463202,
        0.8909603075999587,
        0.0,
        0.22417694661395626,
        0.5703212268440057,
        0.31567860113123,
        0.37500259365627053,
        0.3418107502807724,
        0.5780325222407265,
        0.39026142404550884,
        0.633999245468782,
        0.6569690740828212,
        0.7222036331503905,
        0.4388847736769065,
        0.46694796468415317,
        0.5147570990599435,
        0.6520577023365878,
        0.7123073432483101
      ],
      [
        0.31893456159021016,
        0.8143894271978492,
        0.2044458693769835,
        0.145598035804356,
        0.8161327247117742,
        0.6004963389126455,
        0.3312036109406885,
        0.5310869113869914,
        0.5129347346603819,
        0.22693876100921523,
        0.39693629287494586,
        0.5527884640396872,
        0.5563151273389213,
        0.5413223954472188,
        0.7464284681997252,
        0.18303837959087202,
        0.726693238471414,
        0.20896739841543263,
        0.4088130208853325,
        0.188868930622089,
        0.9695989068415366,
        0.49575317443614464,
        0.7666479106069548,
        0.6732967174727863,
        0.22417694661395626,
        0.0,
        0.3461442802300494,
        0.13533083820780406,
        0.4904779739208548,
        0.4565474919105867,
        0.5563248157552928,
        0.3671826964987532,
        0.4098222988548257,
        0.4766213111593953,
        0.511022741245457,
        0.41717706719147274,
        0.44524025819871943,
        0.3330910232604373,
        0.8536874986649295,
        0.8296235270294567
      ],
      [
        0.6650788418202596,
        0.7828590060295274,
        0.5070670116263419,
        0.4782074840774848,
        0.7567711253444108,
        0.5411347395452821,
        0.6151346350120442,
        0.18494263115694204,
        0.7937408555995804,
        0.4406425400558576,
        0.6314483270133163,
        0.8542099284422385,
        0.8575417922002169,
        0.8874666756772682,
        0.6927040162080678,
        0.33861697268215807,
        0.6726986303170686,
        0.5386281995707762,
        0.16124486218759165,
        0.5350132108521384,
        1.0459741156046773,
        0.14960889420609527,
        0.912352503575549,
        0.7069283393173367,
        0.5703212268440057,
        0.3461442802300494,
        0.0,
        0.35852963676495925,
        0.8366222541509042,
        0.8026917721406361,
        0.8375627526360564,
        0.5738838094771047,
        0.0636780186247763,
        0.1989620582567665,
        0.4797742114863757,
        0.6977330389230162,
        0.7116799192496006,
        0.12469031572260696,
        1.0110678175915178,
        1.1757678072595061
      ],
      [
        0.4542653997980142,
        0.7262877333443796,
        0.33786605505876816,
        0.2796541954338831,
        0.8990995400392356,
        0.6834631542401068,
        0.4652597705702156,
        0.5434722679219013,
        0.646990894289909,
        0.36115311120258775,
        0.5303594099076993,
        0.6881193022474912,
        0.6916459655467253,
        0.6766532336550228,
        0.8350324309028925,
        0.3006550091996801,
        0.6221955292451175,
        0.3430235580449597,
        0.5197744989525509,
        0.3241997688298931,
        1.087842230912132,
        0.4632387416634195,
        0.8848912346775502,
        0.6337573430825434,
        0.31567860113123,
        0.13533083820780406,
        0.35852963676495925,
        0.0,
        0.6258088121286589,
        0.5918783301183907,
        0.6903809753848199,
        0.5021655842998312,
        0.42220765538973554,
        0.34129047295159126,
        0.4065250320191605,
        0.5512332268209998,
        0.5792964178282466,
        0.4684218614682414,
        0.9677363034678177,
        0.9649543652372607
      ],
      [
        0.20716541840089492,
        0.9830900414110093,
        0.5170030370297085,
        0.5297440525813539,
        0.7467481528584289,
        0.907910455556521,
        0.3882187910151108,
        1.0215648853078463,
        0.2600339978136665,
        0.5627835717788876,
        0.44902419197018134,
        0.24111844619949724,
        0.10633874347365675,
        0.23250202247690333,
        0.7563411788937352,
        0.6252635629917157,
        1.093304515957857,
        0.5647806659935545,
        0.8992909948061873,
        0.4081103644006999,
        0.8578297636522213,
        0.9862311483569994,
        0.6548787674176395,
        1.1241827511360722,
        0.37500259365627053,
        0.4904779739208548,
        0.8366222541509042,
        0.6258088121286589,
        0.0,
        0.27086396926630857,
        0.33783903479065547,
        0.48749104999302656,
        0.9003002727756805,
        0.9670992850802502,
        1.0015007151663118,
        0.3594129283586089,
        0.2741821437570799,
        0.8235689971812921,
        0.7566929379545749,
        0.5546597677076125
      ],
      [
        0.17425805610668885,
        0.9501826791168033,
        0.5114808655186448,
        0.48969837361516244,
        0.7196147432432771,
        0.8757015880460625,
        0.6402651115332425,
        0.9876344032975781,
        0.486680359619927,
        0.5884321551790639,
        0.6221689981209582,
        0.39940739669203595,
        0.3518792919970724,
        0.10713835080665564,
        0.7241323113832767,
        0.6143724649926046,
        1.060397153663651,
        0.5530677362262391,
        0.86527744541244,
        0.3728959828666387,
        0.8249224013580153,
        0.9523006663467314,
        0.6219714051234335,
        1.0912753888418663,
        0.3418107502807724,
        0.4565474919105867,
        0.8026917721406361,
        0.5918783301183907,
        0.27086396926630857,
        0.0,
        0.5794234188195997,
        0.6782327368282677,
        0.8663697907654124,
        0.9331688030699821,
        0.9675702331560436,
        0.604027759043111,
        0.5282766889650161,
        0.7896378925654369,
        0.7237855756603689,
        0.37307603511887005
      ],
      [
        0.43706628980769247,
        1.212990912817807,
        0.353905450829202,
        0.41072677995093676,
        0.9824229769442807,
        0.8116449316054937,
        0.2251212048146043,
        0.9560527210581873,
        0.09694800002965603,
        0.3983681953226526,
        0.21731756786510908,
        0.2300329678963639,
        0.23448062380158677,
        0.5668444934024314,
        0.9632142082682794,
        0.5089242481553609,
        1.1666433660239175,
        0.40168307979304796,
        0.7601521343320335,
        0.537003424979875,
        1.0870264847396096,
        0.9609756218455361,
        0.8840754885050278,
        1.2285032460267098,
        0.5780325222407265,
        0.5563248157552928,
        0.8375627526360564,
        0.6903809753848199,
        0.33783903479065547,
        0.5794234188195997,
        0.0,
        0.2769985216393972,
        0.8433117308605668,
        0.978595770492557,
        1.0555002952451977,
        0.14010464996695648,
        0.1678705535842924,
        0.7128724369134495,
        0.9858896590419632,
        0.8924909695100522
      ],
      [
        0.5039746807215789,
        1.0352763880598093,
        0.1667518713096229,
        0.22295568175571912,
        0.8614320440181122,
        0.6457956582189835,
        0.10617993305267898,
        0.6912647959834389,
        0.26551449740852756,
        0.15714872869323485,
        0.05999777057271935,
        0.28275937200164153,
        0.39101336827583216,
        0.6871835712962981,
        0.7964655381067265,
        0.26664012691823963,
        0.9491718120969534,
        0.20013900765676607,
        0.48890690390499875,
        0.3492323267846573,
        1.0635309202745695,
        0.7030908567819152,
        0.8605799240399876,
        1.0334423271417508,
        0.39026142404550884,
        0.3671826964987532,
        0.5738838094771047,
        0.5021655842998312,
        0.48749104999302656,
        0.6782327368282677,
        0.2769985216393972,
        0.0,
        0.5854269657969459,
        0.7207110054289361,
        0.849976911513206,
        0.14910496065190199,
        0.21468903417065396,
        0.44919349375449774,
        0.9521382002899635,
        1.0200783648312635
      ],
      [
        0.7287568604450358,
        0.7191809874047511,
        0.5217343031764206,
        0.49287477562756343,
        0.6930931067196345,
        0.4774567209205058,
        0.6298019265621229,
        0.12352410215515987,
        0.8084081471496591,
        0.45530983160593624,
        0.6454247363696652,
        0.8681863377985874,
        0.8722090837502956,
        0.9511446943020445,
        0.6290259975832915,
        0.3532842642322367,
        0.6090206116922923,
        0.553295491120855,
        0.14277525847784495,
        0.5986912294769147,
        1.0140291123835514,
        0.11766389098496938,
        0.8486744849507727,
        0.6432503206925604,
        0.633999245468782,
        0.4098222988548257,
        0.0636780186247763,
        0.42220765538973554,
        0.9003002727756805,
        0.8663697907654124,
        0.8433117308605668,
        0.5854269657969459,
        0.0,
        0.1352840396319902,
        0.41609619286159943,
        0.7032070808936103,
        0.7263472107996793,
        0.1393576072726856,
        0.9473897989667416,
        1.2394458258842824
      ],
      [
        0.7955558727496055,
        0.5839748429312894,
        0.6570183428084108,
        0.6209446683854744,
        0.5578090670876443,
        0.3421726812885156,
        0.7650859661941131,
        0.21387606915995266,
        0.9436921867816492,
        0.5905938712379264,
        0.7807087760016554,
        1.0034703774305775,
        1.0074931233822857,
        1.0179437066066142,
        0.49374195795130127,
        0.4885683038642269,
        0.4737925003486051,
        0.684314030996551,
        0.27805929810983515,
        0.6654902417814843,
        0.9163414415533643,
        0.12284021956049698,
        0.7133904453187825,
        0.5115631431794302,
        0.6569690740828212,
        0.4766213111593953,
        0.1989620582567665,
        0.34129047295159126,
        0.9670992850802502,
        0.9331688030699821,
        0.978595770492557,
        0.7207110054289361,
        0.1352840396319902,
        0.0,
        0.28548160970620584,
        0.8384911205256005,
        0.8616312504316694,
        0.2746416469046758,
        0.8121057593347514,
        1.1732212431735147
      ],
      [
        0.8299573028356672,
        0.3197627013252191,
        0.7048240049738244,
        0.6472180670255231,
        0.5250451696493121,
        0.3094087838501834,
        0.8328233136658427,
        0.4520631718812326,
        1.0145544373855362,
        0.6931611079021451,
        0.8919636515382596,
        1.0638112052851443,
        1.0673378685843784,
        1.0523451366926757,
        0.4609780605129691,
        0.590497110325456,
        0.21567049722595694,
        0.7105874296365997,
        0.5588714513394444,
        0.699891671867546,
        0.7237584661036259,
        0.3434192333368964,
        0.6821750437878287,
        0.22723231106338293,
        0.7222036331503905,
        0.511022741245457,
        0.4797742114863757,
        0.4065250320191605,
        1.0015007151663118,
        0.9675702331560436,
        1.0555002952451977,
        0.849976911513206,
        0.41609619286159943,
        0.28548160970620584,
        0.0,
        0.9153956452782412,
        0.9468599609238737,
        0.555453800134285,
        0.7823733108989712,
        1.142005841642561
      ],
      [
        0.45777173984001485,
        1.0838997376912067,
        0.2147577022653819,
        0.2715790313871167,
        0.8881335688408024,
        0.6724971830416736,
        0.0859734562507842,
        0.8161458020271023,
        0.11734739942318405,
        0.2582635763573927,
