{
  "sol": {
    "z": 2.4838786927959946,
    "tours": [
      [
        0,
        16,
        17,
        18,
        12,
        2,
        7,
        14,
        4
      ],
      [
        9,
        19,
        13,
        8,
        4,
        3
      ],
      [
        1,
        11,
        10,
        5,
        49,
        6
      ],
      [
        15,
        38
      ]
    ]
  },
  "params": {
    "gm": [
      [
        0.0,
        0.9180763653405973,
        0.43936698553088555,
        0.9623909142965522,
        0.8428189637681394,
        0.9116956737636998,
        0.9597688492705796,
        0.5888475714589418,
        0.6825864709023711,
        0.8448602632729926,
        0.9335198027566345,
        1.018039132322772,
        0.22113860465107282,
        0.7877264502284106,
        0.6652223912371601,
        1.0886551273564868,
        0.13533345180492865,
        0.4020495824954454,
        0.5239788249738232,
        0.9137363727630583,
        0.5901832206084031,
        0.3347642925606693,
        0.2784688930094486,
        0.7705459859148099,
        0.41187174779978675,
        0.781165131948775,
        0.7219696138676802,
        0.8612561049127098,
        0.9923887667864213,
        0.6191167414273412,
        0.1958089254894081,
        1.1906519560683453,
        1.053107520102595,
        1.0131891110198081,
        0.6586299230703428,
        1.041191677149251,
        0.5731253245932086,
        1.0417502278341233,
        0.9799396654660293,
        0.933414196014162,
        0.8495107033802078,
        0.4540334574355383,
        0.2878233824359244,
        1.0689889764856897,
        0.4794420305157609,
        0.6023371726215326,
        0.7985220402798381,
        1.1701592125189717,
        0.6483693174352247,
        0.14171040098893373
      ],
      [
        0.9180763653405973,
        0.0,
        0.8611553264862879,
        0.7241150883569555,
        0.5884663279949697,
        0.29626535928201153,
        0.06390299490731441,
        0.6023304167256691,
        1.0266482785296835,
        0.7220054842221132,
        0.18174876738328563,
        0.1014126974063071,
        0.8270430597615246,
        0.8449329874179433,
        0.6215872405755372,
        0.3664125144079771,
        0.9048536343272652,
        0.6992829440852407,
        0.5918116132735546,
        0.8085364727204287,
        0.9823837900894835,
        0.6889075516172247,
        0.8621654325113348,
        0.5776821553798686,
        0.7879739905502906,
        0.6214114407954211,
        0.3649421703678124,
        0.39959399086961006,
        0.07431240144582399,
        0.5215175840934423,
        0.8278629186884859,
        0.49831341192966166,
        0.35879964294866884,
        0.7597956981580176,
        0.6545160009459923,
        0.7664421466139192,
        0.4877544647773375,
        0.2631226152919803,
        0.061863300125431946,
        0.8702022304195618,
        0.8443616728334686,
        0.7311174223822371,
        0.9228188953215138,
        0.6934434440071353,
        0.9195436927042353,
        0.5659767105740592,
        0.48832060398323673,
        0.4540863806492803,
        1.0659197188790657,
        1.059786766329531
      ],
      [
        0.43936698553088555,
        0.8611553264862879,
        0.0,
        0.6142305310629276,
        0.4795772155609655,
        0.9552353158106446,
        0.7972523315789735,
        0.2588249097606187,
        0.27799823058379153,
        0.4652503541395082,
        1.038338099379819,
        0.9547476800280086,
        0.22849170594658907,
        0.5350194019224993,
        0.2981653214245395,
        0.7956599900264459,
        0.3046331370038719,
        0.5675073282902744,
        0.4455780858118967,
        0.4795905990117423,
        0.15082634305130962,
        0.231948951265068,
        0.6318354355303253,
        0.4134814546464731,
        0.12801097482591053,
        0.40520890702474743,
        0.5768986378828691,
        0.5312271134478136,
        0.9286449623013568,
        0.5727264831433434,
        0.2672050082957476,
        0.9197977223616134,
        0.723084858404272,
        0.6305857075719431,
        0.2757958922806285,
        0.6631362174103619,
        0.4280543486083975,
        0.7589860471249986,
        0.8312661887327939,
        0.5414876333163301,
        0.5968036550742966,
        0.6182611979331649,
        0.1751777694050393,
        0.6998135330695523,
        0.07941701139251081,
        0.491724435718354,
        0.43146497046721743,
        0.8401365508206486,
        0.2552629176880314,
        0.5799604394005442
      ],
      [
        0.9623909142965522,
        0.7241150883569555,
        0.6142305310629276,
        0.0,
        0.1356487603619858,
        0.9801194434745992,
        0.6602473955796728,
        0.3786108406863433,
        0.6592675226328113,
        0.24180456094734165,
        0.8905030605563933,
        0.8067802401045033,
        0.7525730783269516,
        0.4053848558765163,
        0.3171151276045451,
        0.4455061658485941,
        0.8407672406316692,
        0.8027027501287293,
        0.7751235979288337,
        0.30351012467660227,
        0.6322743806370349,
        0.6345714157443111,
        0.9667315386440065,
        0.2015423751900464,
        0.5654693691539823,
        0.21193782780475465,
        0.522413537891176,
        0.32553881341226243,
        0.786743976639529,
        0.7856104197475141,
        0.7684543198162848,
        0.4142350361539552,
        0.48857878594379767,
        0.17761983712677892,
        0.3386196776231327,
        0.13942849813264793,
        0.6712578271656475,
        0.5532977470894475,
        0.6733707915708255,
        0.35653651008029336,
        0.4256673650863799,
        0.8546866250688221,
        0.7765412607030482,
        0.11847523624943584,
        0.6579583064364579,
        0.7268879887124147,
        0.28833646630428394,
        0.371527093527421,
        0.690901420741054,
        1.0797387235786
      ],
      [
        0.8428189637681394,
        0.5884663279949697,
        0.4795772155609655,
        0.1356487603619858,
        0.0,
        0.8444706831126134,
        0.524598635217687,
        0.25408735085368817,
        0.5476989837055284,
        0.1380431451994017,
        0.7548543001944075,
        0.6711314797425175,
        0.6283372814738486,
        0.29009938639074734,
        0.1846081264906525,
        0.45516301335088055,
        0.7172471729645673,
        0.6701957490148367,
        0.6394748375668479,
        0.22113501203710365,
        0.5498992679975363,
        0.51799750161343,
        0.8374637612520643,
        0.0722745977981042,
        0.4381495530740438,
        0.07643198188599806,
        0.38676477752919014,
        0.18989005305027662,
        0.6510952162775432,
        0.6499616593855283,
        0.6473605412404693,
        0.5227377269526401,
        0.3826301527366174,
        0.19443505635739447,
        0.20378430017025048,
        0.20257709603540205,
        0.5356090668036617,
        0.41764898672746165,
        0.5377220312088397,
        0.2823056591224847,
        0.2998789866664677,
        0.7221796239549295,
        0.6442419971582273,
        0.22697792704812078,
        0.5254513053225653,
        0.5912392283504289,
        0.1920090885434347,
        0.480029784326106,
        0.5756159512552851,
        0.9737747793575642
      ],
      [
        0.9116956737636998,
        0.29626535928201153,
        0.9552353158106446,
        0.9801194434745992,
        0.8444706831126134,
        0.0,
        0.3505118330865832,
        0.8889392549049379,
        1.2021619211604726,
        0.9825138283120152,
        0.12114651586535338,
        0.19489409794053347,
        0.8873437646723832,
        1.10932055633229,
        0.8800007998786226,
        0.6626491589200701,
        0.8923073569799127,
        0.6255912262893959,
        0.5294232001498064,
        1.065605695149717,
        1.0219009878806242,
        0.7492082565280834,
        0.6594521120998009,
        0.8480187688471887,
        0.8272849512876892,
        0.8920440025219167,
        0.6612075296498239,
        0.6761444825747712,
        0.2813879297677983,
        0.395793576445621,
        0.8881636235993446,
        0.7925230805232967,
        0.6524186515174266,
        1.0363461898631787,
        0.9129214282039286,
        1.0470477791480155,
        0.5272716625684782,
        0.5584922573220734,
        0.3580213489879795,
        1.126776342235098,
        1.1146982863007888,
        0.6748292819351676,
        0.9887106737031679,
        0.9896800885192284,
        1.0341283516982767,
        0.4670527975385363,
        0.7467011508359447,
        0.7503387441317497,
        1.1914657259559092,
        0.9220144992864517
      ],
      [
        0.9597688492705796,
        0.06390299490731441,
        0.7972523315789735,
        0.6602473955796728,
        0.524598635217687,
        0.3505118330865832,
        0.0,
        0.5384274218183547,
        0.9627452836223691,
        0.6583558343411415,
        0.24108576780084567,
        0.15749534844903512,
        0.7631400648542102,
        0.7827546124449756,
        0.5615789228927559,
        0.31703267167717153,
        0.8409506394199507,
        0.6697969320005395,
        0.5639621703019432,
        0.744770288238895,
        0.9480786746302831,
        0.6250045567099103,
        0.8524656966935527,
        0.514629155527005,
        0.7255482982279223,
        0.5582605193329192,
        0.31365610896654605,
        0.33588734017394717,
        0.13139263072238333,
        0.5785978133700016,
        0.7639599237811715,
        0.4541500623057691,
        0.3019199493085272,
        0.6960890474623547,
        0.5947304591054093,
        0.7170623038831136,
        0.4599050218057261,
        0.20922610044900125,
        0.03401385715382055,
        0.8064090329534487,
        0.7811036187141156,
        0.7032679794106257,
        0.8589159004141994,
        0.6440636012763298,
        0.8556406977969209,
        0.519140733865208,
        0.42856215575779855,
        0.40294392703864085,
        1.0020167239717512,
        1.0620686999987647
      ],
      [
        0.5888475714589418,
        0.6023304167256691,
        0.2588249097606187,
        0.3786108406863433,
        0.25408735085368817,
        0.8889392549049379,
        0.5384274218183547,
        0.0,
        0.4243178618040145,
        0.2777485812838521,
        0.7795131896192004,
        0.6959227702673898,
        0.374756689600946,
        0.3209950581311915,
        0.08414097763323171,
        0.5368350802658273,
        0.46346925276621986,
        0.5697286001574159,
        0.48912557173922844,
        0.34940799573956094,
        0.4096512528119284,
        0.2662458956605882,
        0.7709385370369216,
        0.18183069706803714,
        0.18712087640956765,
        0.19470101298610532,
        0.46928325793268144,
        0.2724085334537679,
        0.6698200525407381,
        0.6219341360319939,
        0.393291659842135,
        0.6609728126009947,
        0.4642599486436532,
        0.4300619918789357,
        0.09612256504415777,
        0.4530786537407942,
        0.4873404021825207,
        0.500167467130953,
        0.5724412789721752,
        0.40083843486098697,
        0.3827793112829887,
        0.6217124750975087,
        0.4038487580813447,
        0.48077306787385693,
        0.31721327597856624,
        0.5492860925429196,
        0.21744062667590963,
        0.5813116410600299,
        0.4635893021533966,
        0.7197058979592299
      ],
      [
        0.6825864709023711,
        1.0266482785296835,
        0.27799823058379153,
        0.6592675226328113,
        0.5476989837055284,
        1.2021619211604726,
        0.9627452836223691,
        0.4243178618040145,
        0.0,
        0.41746296168546965,
        1.203831051423215,
        1.1202406320714042,
        0.49484474619266905,
        0.25759959731478105,
        0.49445367781274085,
        0.9611529420698417,
        0.5560108984526609,
        0.8227270291431777,
        0.7115547195754353,
        0.3919304867522359,
        0.1832121032835091,
        0.5079584244940364,
        0.8782266050049066,
        0.5292772547076412,
        0.3920595249595729,
        0.4882352819209725,
        0.823734547866466,
        0.6967263952577825,
        1.0941379143447525,
        0.831218349493407,
        0.5359409001172645,
        0.9870539997315395,
        0.8885778104476677,
        0.5755557655593256,
        0.5204404268481723,
        0.6349331986881773,
        0.6748902585919945,
        0.9244853289349675,
        0.9967591407761898,
        0.3794589415063516,
        0.3193838504665783,
        0.8747109040832706,
        0.39476348531116034,
        0.6990846661126421,
        0.21057342510808985,
        0.7466267408049607,
        0.621674714765802,
        0.9330100106455675,
        0.03927144034938213,
        0.8236863654023545
      ],
      [
        0.8448602632729926,
        0.7220054842221132,
        0.4652503541395082,
        0.24180456094734165,
        0.1380431451994017,
        0.9825138283120152,
        0.6583558343411415,
        0.2777485812838521,
        0.41746296168546965,
        0.0,
        0.8839048713039372,
        0.8010569652490471,
        0.624065688808497,
        0.16390322523819326,
        0.19363046512164853,
        0.5877620679881902,
        0.7123375658606637,
        0.6792180876458327,
        0.754167728378798,
        0.088183192849825,
        0.41694744881025764,
        0.5366949788834549,
        0.8804280245253384,
        0.15104111143240528,
        0.43333496447828035,
        0.10843471428848002,
        0.5193638321664997,
        0.32248910768758626,
        0.786395379482391,
        0.7825607140228379,
        0.6506269742652736,
        0.5798295797725915,
        0.515229207373927,
        0.17792634140315963,
        0.1894544618588797,
        0.22623323762502692,
        0.6682081214409714,
        0.5486664890931461,
        0.6730777359845543,
        0.14992176661026554,
        0.19207943611400408,
        0.7312019625859255,
        0.631503962980987,
        0.2840697798680722,
        0.5344736439535613,
        0.7238382829877384,
        0.27763674626678353,
        0.5371216371460574,
        0.44941979010273103,
        0.976459042906417
      ],
      [
        0.9335198027566345,
        0.18174876738328563,
        1.038338099379819,
        0.8905030605563933,
        0.7548543001944075,
        0.12114651586535338,
        0.24108576780084567,
        0.7795131896192004,
        1.203831051423215,
        0.8839048713039372,
        0.0,
        0.08451932956613756,
        0.8891593912080817,
        0.9943024835368441,
        0.7696260315042267,
        0.5459873430424775,
        0.9782787366047583,
        0.7467377421547493,
        0.6505697160151598,
        0.9716721776688846,
        1.1430475037459777,
        0.866090324510756,
        0.7013764233891765,
        0.7352852069698935,
        0.9484314671530426,
        0.7793057907843288,
        0.546690937751098,
        0.5650403184249059,
        0.16024368722465998,
        0.5169400923109744,
        0.9308425586643425,
        0.6732953042619346,
        0.5405422421906855,
        0.9252420257133134,
        0.8025466598295328,
        0.9460169752484197,
        0.6484181784338316,
        0.44469582346558606,
        0.2433539348921465,
        1.033569197478659,
        1.0019647244234935,
        0.795975797800521,
        1.023270294603745,
        0.8730182726416358,
        1.0967264655977667,
        0.5881993134038896,
        0.6363263824615488,
        0.6342058854785328,
        1.243102491772597,
        0.9614920464406559
      ],
      [
        1.018039132322772,
        0.1014126974063071,
        0.9547476800280086,
        0.8067802401045033,
        0.6711314797425175,
        0.19489409794053347,
        0.15749534844903512,
        0.6959227702673898,
        1.1202406320714042,
        0.8010569652490471,
        0.08451932956613756,
        0.0,
        0.8046400616419442,
        0.9144264583917566,
        0.6851067019380892,
        0.4678244214853023,
        0.8937594070386208,
        0.7903911950933976,
        0.6873452441740708,
        0.8886518358397821,
        1.0836479066476898,
        0.7824999051589454,
        0.7858957529553141,
        0.6531246709066553,
        0.8830436466769574,
        0.6971499045813833,
        0.4663548677741195,
        0.48125038463423775,
        0.10633472656411297,
        0.5535399092117312,
        0.846323229098205,
        0.5990618529670735,
        0.4585723816785426,
        0.8414520919226453,
        0.7180273302633953,
        0.8678540536912444,
        0.5890185813355439,
        0.3638529907778631,
        0.16312741668363828,
        0.9505411370901771,
        0.9198041883602552,
        0.8323815389404434,
        0.9387509650376075,
        0.7948553510844605,
        1.013136046245956,
        0.639423545337725,
        0.5518070528954112,
        0.5554476500889288,
        1.1595120724207864,
        1.0460113760067935
      ],
      [
        0.22113860465107282,
        0.8270430597615246,
        0.22849170594658907,
        0.7525730783269516,
        0.6283372814738486,
        0.8873437646723832,
        0.7631400648542102,
        0.374756689600946,
        0.49484474619266905,
        0.624065688808497,
        0.8891593912080817,
        0.8046400616419442,
        0.0,
        0.5665878455773378,
        0.4475170359212743,
        0.9115917698667731,
        0.08911934539667653,
        0.35583547608719335,
        0.3610151842229401,
        0.6940837526252596,
        0.3770421189229278,
        0.1381355081442998,
        0.41632164392312987,
        0.5562492629531519,
        0.19215414109107418,
        0.5637604233863879,
        0.5253408294513107,
        0.6471652230547139,
        0.8945326955765935,
        0.49382374851570543,
        0.04168316745626072,
        1.0357295022019406,
        0.8390166382445992,
        0.7937663075005711,
        0.4389773029325441,
        0.8239900077539657,
        0.3764965401768391,
        0.8451214434177537,
        0.7958523719600514,
        0.7122755913630892,
        0.628372098729135,
        0.4078193510272862,
        0.13411090339566326,
        0.8552782320660335,
        0.284350665698745,
        0.4211757050266312,
        0.5808166849639522,
        0.9560683306609759,
        0.46549792567157944,
        0.3572046588214409
      ],
      [
        0.7877264502284106,
        0.8449329874179433,
        0.5350194019224993,
        0.4053848558765163,
        0.29009938639074734,
        1.10932055633229,
        0.7827546124449756,
        0.3209950581311915,
        0.25759959731478105,
        0.16390322523819326,
        0.9943024835368441,
        0.9144264583917566,
        0.5665878455773378,
        0.0,
        0.23685408049795978,
        0.7192785961562416,
        0.6557071909740143,
        0.7224417030221439,
        0.8070868484435667,
        0.13794093391309772,
        0.4408117005982901,
        0.5842071723649265,
        0.8751801885877153,
        0.2716776573928602,
        0.49262457557647654,
        0.23063568460619144,
        0.6508803603345511,
        0.45400563585563763,
        0.9135960965080111,
        0.9140772421908894,
        0.6082710130335984,
        0.7330644468924014,
        0.6467457355419783,
        0.3186966442187046,
        0.2704533734826202,
        0.37735910669423,
        0.7928441013494296,
        0.6704350177416325,
        0.8017122641848085,
        0.14568774578575133,
        0.06178425315179724,
        0.6854864625390319,
        0.6462611225399282,
        0.44183515687365654,
        0.4681730224228709,
        0.8553548111557898,
        0.364075117451021,
        0.6948870141516417,
        0.28551656486453775,
        0.9237925043987787
      ],
      [
        0.6652223912371601,
        0.6215872405755372,
        0.2981653214245395,
        0.3171151276045451,
        0.1846081264906525,
        0.8800007998786226,
        0.5615789228927559,
        0.08414097763323171,
        0.49445367781274085,
        0.19363046512164853,
        0.7696260315042267,
        0.6851067019380892,
        0.4475170359212743,
        0.23685408049795978,
        0.0,
        0.5104271008153964,
        0.5366360250029584,
        0.4855876225241842,
        0.570232767945607,
        0.26714386293805886,
        0.44899166447584915,
        0.34735309186696667,
        0.6867975594036899,
        0.11564462354136541,
        0.2557704950785168,
        0.11624571997367232,
        0.4539677840568622,
        0.25709305957794876,
        0.6929271090346563,
        0.7014623174672702,
        0.46944417637068925,
        0.6465460232216309,
        0.44983315926428946,
        0.34909236100790597,
        0.03359929298466042,
        0.3764768656654861,
        0.5559900208514699,
        0.48485198512551525,
        0.5840999305656053,
        0.32072224777594915,
        0.298638333649757,
        0.537571497464277,
        0.4598293479153218,
        0.41044515800376125,
        0.34084317883191284,
        0.6197470235757956,
        0.13329964904267794,
        0.5602337247868976,
        0.5223706453624976,
        0.795858414487784
      ],
      [
        1.0886551273564868,
        0.3664125144079771,
        0.7956599900264459,
        0.4455061658485941,
        0.45516301335088055,
        0.6626491589200701,
        0.31703267167717153,
        0.5368350802658273,
        0.9611529420698417,
        0.5877620679881902,
        0.5459873430424775,
        0.4678244214853023,
        0.9115917698667731,
        0.7192785961562416,
        0.5104271008153964,
        0.0,
        0.9533216755515581,
        0.7709731538126762,
        0.6587039561647628,
        0.6428105015453506,
        0.9464863330777556,
        0.7980126090573875,
        0.9447783712408264,
        0.44768092261754133,
        0.7239559566753949,
        0.4901022513252578,
        0.41755012631073835,
        0.26527296030060393,
        0.3953103698832499,
        0.624112286366813,
        0.9301267401079621,
        0.14311759542582805,
        0.07257513162217401,
        0.4652620471885555,
        0.5440263938000569,
        0.4000296322059421,
        0.5596515770248482,
        0.11112727515860232,
        0.3048083564515826,
        0.6812486169395587,
        0.7104892388407724,
        0.822957028752769,
        0.940683838347172,
        0.32703092959915825,
        0.8512702796473093,
        0.5933162496671545,
        0.4122744063341943,
        0.08856729288458386,
        0.9823058631807693,
        1.1568104858615842
      ],
      [
        0.13533345180492865,
        0.9048536343272652,
        0.3046331370038719,
        0.8407672406316692,
        0.7172471729645673,
        0.8923073569799127,
        0.8409506394199507,
        0.46346925276621986,
        0.5560108984526609,
        0.7123375658606637,
        0.9782787366047583,
        0.8937594070386208,
        0.08911934539667653,
        0.6557071909740143,
        0.5366360250029584,
        0.9533216755515581,
        0.0,
        0.2667161306905168,
        0.3886453731688946,
        0.7830204166965075,
        0.4553422898692196,
        0.21594608271004048,
        0.32720229852645333,
        0.6451101354682353,
        0.2812087125113145,
        0.6528789677693236,
        0.6031514040170514,
        0.7358777862199878,
        0.9507725992198015,
        0.5035674165721832,
        0.0774708425659873,
        1.0723138731449244,
        0.927729201409873,
        0.8826807874845501,
        0.527913967003792,
        0.913109350068587,
        0.45430711474257973,
        0.9229320179834943,
        0.873662946525792,
        0.8013949367597657,
        0.7174914441258116,
        0.3187000056306097,
        0.16540519462873496,
        0.9441467061454486,
        0.3489497066538812,
        0.467003720816604,
        0.6699356740456364,
        1.0418889684361419,
        0.5235226036806203,
        0.27532735230722866
      ],
      [
        0.4020495824954454,
        0.6992829440852407,
        0.5675073282902744,
        0.8027027501287293,
        0.6701957490148367,
        0.6255912262893959,
        0.6697969320005395,
        0.5697286001574159,
        0.8227270291431777,
        0.6792180876458327,
        0.7467377421547493,
        0.7903911950933976,
        0.35583547608719335,
        0.7224417030221439,
        0.4855876225241842,
        0.7709731538126762,
        0.2667161306905168,
        0.0,
        0.12192924247837776,
        0.7527314854622431,
        0.6607708754799806,
        0.344808918557018,
        0.2012099368795057,
        0.6012322460655496,
        0.4427620063788954,
        0.6018333424978565,
        0.35614082303399347,
        0.5530155475129069,
        0.6840564685292847,
        0.23685128588166637,
        0.3441869732565041,
        0.9038216462147882,
        0.7075286258902524,
        0.8346799835320902,
        0.5191869155088447,
        0.8620644881896703,
        0.21152847930790314,
        0.6797690258777782,
        0.6374196439598088,
        0.8063098703001333,
        0.6756860843273275,
        0.051983874940092864,
        0.43212132531925174,
        0.8960327805279454,
        0.615665837344398,
        0.2002875901260872,
        0.6188872715668621,
        0.81928771517227,
        0.7902387343711371,
        0.46377699666917493
      ],
      [
        0.5239788249738232,
        0.5918116132735546,
        0.4455780858118967,
        0.7751235979288337,
        0.6394748375668479,
        0.5294232001498064,
        0.5639621703019432,
        0.48912557173922844,
        0.7115547195754353,
        0.754167728378798,
        0.6505697160151598,
        0.6873452441740708,
        0.3610151842229401,
        0.8070868484435667,
        0.570232767945607,
        0.6587039561647628,
        0.3886453731688946,
        0.12192924247837776,
        0.0,
        0.7077865836875686,
        0.5388416330016028,
        0.22287967607864026,
        0.28901063009193,
        0.6319927468335087,
        0.3208327639005176,
        0.6744140755412251,
        0.2527100600376577,
        0.44958478451657125,
        0.5810105176099579,
        0.13380533496233965,
        0.3618350431499015,
        0.7947617915785485,
        0.598054510995777,
        0.8097864918049787,
        0.5677552016244491,
        0.7633277024692038,
        0.10405714849621711,
        0.5636347955697508,
        0.5299483131481226,
        0.7696836179921565,
        0.7963853215085029,
        0.1726831121212683,
        0.46301779838366164,
        0.8363264050759875,
        0.5246548497483159,
        0.07870686362550869,
        0.596658061986416,
        0.7122243131245073,
        0.6955681126688178,
        0.49810652969682134
      ],
      [
        0.9137363727630583,
        0.8085364727204287,
        0.4795905990117423,
        0.30351012467660227,
        0.22113501203710365,
        1.065605695149717,
        0.744770288238895,
        0.34940799573956094,
        0.3919304867522359,
        0.088183192849825,
        0.9716721776688846,
        0.8886518358397821,
        0.6940837526252596,
        0.13794093391309772,
        0.26714386293805886,
        0.6428105015453506,
        0.7830204166965075,
        0.7527314854622431,
        0.7077865836875686,
        0.0,
        0.3287642559604326,
        0.5973713227670059,
        0.9539414223417488,
        0.2391190879988629,
        0.502028887416647,
        0.19608403170263267,
        0.6058496713749152,
        0.40897494689600167,
        0.8720197384107672,
        0.8415919186499083,
        0.7185093351041305,
        0.5951235129793037,
        0.5883688261570408,
        0.18472156351526933,
        0.25510644969271545,
        0.24692119083360195,
        0.7546939606493868,
        0.6363158065072987,
        0.7586434103518355,
        0.06189703430458783,
        0.18968656123965294,
        0.8047153604023359,
        0.6482660940384923,
        0.31577957194619233,
        0.4661349652637568,
        0.7864934473130774,
        0.3637192488456562,
        0.5647460764125991,
        0.42192008145701154,
        1.0434041761082007
      ],
      [
        0.5901832206084031,
        0.9823837900894835,
        0.15082634305130962,
        0.6322743806370349,
        0.5498992679975363,
        1.0219009878806242,
        0.9480786746302831,
        0.4096512528119284,
        0.1832121032835091,
        0.41694744881025764,
        1.1430475037459777,
        1.0836479066476898,
        0.3770421189229278,
        0.4408117005982901,
        0.44899166447584915,
        0.9464863330777556,
        0.4553422898692196,
        0.6607708754799806,
        0.5388416330016028,
        0.3287642559604326,
        0.0,
        0.35157352066652076,
        0.782544588395673,
        0.5643077976977827,
        0.228712303953412,
        0.5248482876630653,
        0.6434736145866176,
        0.6820534564991232,
        1.0338982302931312,
        0.6534623596765907,
        0.4140827295705808,
        0.9238877689397362,
        0.8739112014555817,
        0.5134858194757019,
        0.4266222353319381,
        0.5756854467940345,
        0.49462932531214604,
        0.9098123901763082,
        0.9205204899640516,
        0.39066129026502044,
        0.5025959537500874,
        0.7115247451228711,
        0.31950183807805965,
        0.6445438279066249,
        0.13737070930332418,
        0.5681156578815628,
        0.582291313518527,
        0.8935103323730317,
        0.18152986430898863,
        0.730645452433841
      ],
      [
        0.3347642925606693,
        0.6889075516172247,
        0.231948951265068,
        0.6345714157443111,
        0.51799750161343,
        0.7492082565280834,
        0.6250045567099103,
        0.2662458956605882,
        0.5079584244940364,
        0.5366949788834549,
        0.866090324510756,
        0.7824999051589454,
        0.1381355081442998,
        0.5842071723649265,
        0.34735309186696667,
        0.7980126090573875,
        0.21594608271004048,
        0.344808918557018,
        0.22287967607864026,
        0.5973713227670059,
        0.35157352066652076,
        0.0,
        0.5118903061705703,
        0.4459794219184161,
        0.12349124665934577,
        0.46090553835287207,
        0.3872053213070108,
        0.5386544291143561,
        0.7563971874322937,
        0.3556882403714056,
        0.13895536707126124,
        0.9272187082615828,
        0.7305058443042414,
        0.6960001315973874,
        0.3472446111547783,
        0.7188180271909177,
        0.23836103203253925,
        0.7069859352734539,
        0.6577168638157516,
        0.6523078033276615,
        0.6459914255167236,
        0.39556278819990853,
        0.24013812230502138,
        0.7427802420609992,
        0.3087389033352918,
        0.2830401968823314,
        0.4806527409096446,
        0.8475575367206181,
        0.4870134916666017,
        0.46536960518835613
      ],
      [
        0.2784688930094486,
        0.8621654325113348,
        0.6318354355303253,
        0.9667315386440065,
        0.8374637612520643,
        0.6594521120998009,
        0.8524656966935527,
        0.7709385370369216,
        0.8782266050049066,
        0.8804280245253384,
        0.7013764233891765,
        0.7858957529553141,
        0.41632164392312987,
        0.8751801885877153,
        0.6867975594036899,
        0.9447783712408264,
        0.32720229852645333,
        0.2012099368795057,
        0.28901063009193,
        0.9539414223417488,
        0.782544588395673,
        0.5118903061705703,
        0.0,
        0.7651891634539602,
        0.6084110110377678,
        0.7901960767402405,
        0.5414032501647218,
        0.7382779746436353,
        0.7878530310655109,
        0.3406478484178926,
        0.4046731410924406,
        1.0824979616418673,
        0.8859388317871686,
        1.0236600813225352,
        0.7203968523883504,
        1.0385906107321508,
        0.39256067488782653,
        0.8459234347948155,
        0.8184518395397321,
        1.007519807179639,
        0.813395935435918,
        0.18969372604868337,
        0.4834631196937462,
        1.06422622788662,
        0.6761520051803345,
        0.3517202738327785,
        0.8200972084463678,
        1.0007599234247786,
        0.8442076773691366,
        0.2625670597896692
      ],
      [
        0.7705459859148099,
        0.5776821553798686,
        0.4134814546464731,
        0.2015423751900464,
        0.0722745977981042,
        0.8480187688471887,
        0.514629155527005,
        0.18183069706803714,
        0.5292772547076412,
        0.15104111143240528,
        0.7352852069698935,
        0.6531246709066553,
        0.5562492629531519,
        0.2716776573928602,
        0.11564462354136541,
        0.44768092261754133,
        0.6451101354682353,
        0.6012322460655496,
        0.6319927468335087,
        0.2391190879988629,
        0.5643077976977827,
        0.4459794219184161,
        0.7651891634539602,
        0.0,
        0.3664955959309124,
        0.044027467793530124,
        0.37928268679585087,
        0.1824079623169374,
        0.6445462215651412,
        0.6424795686521891,
        0.575089578017689,
        0.5718609259606195,
        0.3751480620032781,
        0.258470917868575,
        0.13930075739588563,
        0.27340144727819055,
        0.5281269760703224,
        0.40167490371546477,
        0.5318973891444597,
        0.30058692052847225,
        0.2666795174536,
        0.6532161210056424,
        0.5750688458655647,
        0.29903706443265965,
        0.45648780237327824,
        0.5837571376170896,
        0.13238489753828717,
        0.4921997544196548,
        0.557194222257398,
        0.9015038161347839
      ],
      [
        0.41187174779978675,
        0.7879739905502906,
        0.12801097482591053,
        0.5654693691539823,
        0.4381495530740438,
        0.8272849512876892,
        0.7255482982279223,
        0.18712087640956765,
        0.3920595249595729,
        0.43333496447828035,
        0.9484314671530426,
        0.8830436466769574,
        0.19215414109107418,
        0.49262457557647654,
        0.2557704950785168,
        0.7239559566753949,
        0.2812087125113145,
        0.4427620063788954,
        0.3208327639005176,
        0.502028887416647,
        0.228712303953412,
        0.12349124665934577,
        0.6084110110377678,
        0.3664955959309124,
        0.0,
        0.3719805719151357,
        0.44906381504742465,
        0.45952940986333557,
        0.8394884307539383,
        0.4456918223887534,
        0.21731180275453651,
        0.8480936890105624,
        0.6513808250532209,
        0.6016938855441821,
        0.24692243772393146,
        0.6321055963552997,
        0.3002195257729531,
        0.6872883435405206,
        0.7261106904248587,
        0.5519856298968147,
        0.5544088287282738,
        0.4935158760217859,
        0.22238391996325507,
        0.6650546867589768,
        0.20722523178985672,
        0.3639765284972788,
        0.3890701441211947,
        0.7684325174695976,
        0.37481880868815637,
        0.5434738667458622
      ],
      [
        0.781165131948775,
        0.6214114407954211,
        0.40520890702474743,
        0.21193782780475465,
        0.07643198188599806,
        0.8920440025219167,
        0.5582605193329192,
        0.19470101298610532,
        0.4882352819209725,
        0.10843471428848002,
        0.7793057907843288,
        0.6971499045813833,
        0.5637604233863879,
        0.23063568460619144,
        0.11624571997367232,
        0.4901022513252578,
        0.6528789677693236,
        0.6018333424978565,
        0.6744140755412251,
        0.19608403170263267,
        0.5248482876630653,
        0.46090553835287207,
        0.7901960767402405,
        0.044027467793530124,
        0.3719805719151357,
        0.0,
        0.4217040155035674,
        0.22482929102465388,
        0.687951498917262,
        0.6849008973599056,
        0.5853575804927147,
        0.591805591248317,
        0.41756939071099464,
        0.2355672104562878,
        0.1302106134546882,
        0.260245978242574,
        0.570548304778039,
        0.440231774804666,
        0.5751468478516851,
        0.2572606108060107,
        0.23081486002266796,
        0.6538172174379493,
        0.5722313240717937,
        0.29604579134379766,
        0.4570888988055852,
        0.626178466324806,
        0.17013588066835802,
        0.5346210831273713,
        0.5161522494707291,
        0.9117718186098096
      ],
      [
        0.7219696138676802,
        0.3649421703678124,
        0.5768986378828691,
        0.522413537891176,
        0.38676477752919014,
        0.6612075296498239,
        0.31365610896654605,
        0.46928325793268144,
        0.823734547866466,
        0.5193638321664997,
        0.546690937751098,
        0.4663548677741195,
        0.5253408294513107,
        0.6508803603345511,
        0.4539677840568622,
        0.41755012631073835,
        0.6031514040170514,
        0.35614082303399347,
        0.2527100600376577,
        0.6058496713749152,
        0.6434736145866176,
        0.3872053213070108,
        0.5414032501647218,
        0.37928268679585087,
        0.44906381504742465,
        0.4217040155035674,
        0.0,
        0.1968747244789135,
        0.4391837361658866,
        0.27124767495103336,
        0.5261606883782721,
        0.5478952699137069,
        0.35205251668888926,
        0.557076431767321,
        0.4869310062552056,
        0.5893418735645922,
        0.14884428927447158,
        0.33530739779236557,
        0.34324530993484303,
        0.667571014465763,
        0.642091003019082,
        0.40812469797408635,
        0.6268060464250721,
        0.613742704577311,
        0.6557066662948173,
        0.20548462489866196,
        0.3439480019487583,
        0.4631490715816118,
        0.8130383526619026,
        0.7508165897344791
      ],
      [
        0.8612561049127098,
        0.39959399086961006,
        0.5312271134478136,
        0.32553881341226243,
        0.18989005305027662,
        0.6761444825747712,
        0.33588734017394717,
        0.2724085334537679,
        0.6967263952577825,
        0.32248910768758626,
        0.5650403184249059,
        0.48125038463423775,
        0.6471652230547139,
        0.45400563585563763,
        0.25709305957794876,
        0.26527296030060393,
        0.7358777862199878,
        0.5530155475129069,
        0.44958478451657125,
        0.40897494689600167,
        0.6820534564991232,
        0.5386544291143561,
        0.7382779746436353,
        0.1824079623169374,
        0.45952940986333557,
        0.22482929102465388,
        0.1968747244789135,
        0.0,
        0.46420232490287444,
        0.4600716063352517,
        0.6657001932959029,
        0.3894529636436822,
        0.19274009968634073,
        0.3602017072884075,
        0.29005628177629206,
        0.3924671490856787,
        0.3457190137533851,
        0.22775893367718503,
        0.35103508560295427,
        0.4706962899868494,
        0.44521627854016843,
        0.6049994224529999,
        0.6762572915351126,
        0.41686798009839743,
        0.5872916922790435,
        0.4013491753001522,
        0.1470732774698448,
        0.3097917921027174,
        0.7359978356071646,
        0.9384755347441608
      ],
      [
        0.9923887667864213,
        0.07431240144582399,
        0.9286449623013568,
        0.786743976639529,
        0.6510952162775432,
        0.2813879297677983,
