{
  "sol": {
    "z": 2.831667398539507,
    "tours": [
      [
        0,
        16,
        15,
        2,
        8,
        19,
        12,
        17,
        5,
        10,
        3,
        4
      ],
      [
        6,
        9,
        18,
        11,
        13,
        14,
        7
      ],
      [
        1,
        49,
        0
      ]
    ]
  },
  "params": {
    "gm": [
      [
        0.0,
        0.356824012710143,
        0.38609395513033345,
        0.8834736059861843,
        0.24236974345644874,
        0.7192385195747829,
        0.3059950678981874,
        0.35981991079519776,
        0.5457852963524013,
        0.5240521329111705,
        0.5547987161951615,
        0.43138666790009905,
        0.7912714719234824,
        0.699344474940691,
        0.721663045035114,
        0.4308492575742616,
        0.3061878343561211,
        0.8032581948700369,
        0.6933492172543443,
        0.6431174166938798,
        0.42411583464938984,
        0.13301479964513446,
        0.4568606554163535,
        0.7432303716990323,
        0.6064910163343589,
        0.5191688036209383,
        0.45351269646880776,
        0.6551695630697336,
        0.39139250591392827,
        0.6042248021337276,
        0.6593913832715905,
        0.33568703196058747,
        0.23075763881752742,
        0.23048934284230194,
        0.3371173943787831,
        0.7298086886692944,
        0.2587379712341932,
        0.10812930845130846,
        0.3045119828706095,
        0.7181335792945946,
        0.07996463902548161,
        0.5580126996515493,
        0.5690287719893001,
        0.32010789559995756,
        0.43891814816327224,
        0.17081422995537773,
        0.8032728068897045,
        0.5228609263599068,
        0.4356634478354798,
        0.7519093894511988
      ],
      [
        0.356824012710143,
        0.0,
        0.7429179678404765,
        1.2402976186963275,
        0.5991937561665918,
        1.076062532284926,
        0.6628190806083305,
        0.7095489127657344,
        0.9026093090625442,
        0.8808761456213134,
        0.9116227289053045,
        0.788210680610242,
        1.1480954846336255,
        1.0100750464389046,
        1.0663966850427122,
        0.7876732702844047,
        0.6630118470662641,
        1.16008220758018,
        1.0501732299644873,
        0.9999414294040228,
        0.4287517317503816,
        0.4898388123552775,
        0.8136846681264965,
        1.1000543844091755,
        0.9633150290445018,
        0.8759928163310813,
        0.8103367091789508,
        1.0119935757798766,
        0.7482165186240712,
        0.9610488148438706,
        1.0162153959817335,
        0.6925110446707305,
        0.5875816515276705,
        0.5873133555524449,
        0.4160516091632004,
        1.0866327013794375,
        0.6155619839443363,
        0.4649533211614515,
        0.40880078110650914,
        1.0749575920047376,
        0.3455739288323459,
        0.9148367123616923,
        0.9258527846994432,
        0.6769319083101006,
        0.7957421608734152,
        0.5276382426655207,
        1.1600968195998476,
        0.8796849390700499,
        0.7924874605456228,
        1.1087334021613418
      ],
      [
        0.38609395513033345,
        0.7429179678404765,
        0.0,
        0.5197500855541869,
        0.17869703269293907,
        0.48732537628552863,
        0.40108251964154085,
        0.5383982984476439,
        0.15969134122206777,
        0.502929766017307,
        0.5124314819531698,
        0.5049013749376265,
        0.4051775167931489,
        0.7662721769494759,
        0.7938634597743168,
        0.2503060638777179,
        0.4453309774755192,
        0.4318577375104331,
        0.3423648074165327,
        0.25702346156354633,
        0.8102097897797234,
        0.5191087547754679,
        0.4312269815651389,
        0.5135112408396726,
        0.22039706120402539,
        0.24206447566758918,
        0.06744107442929198,
        0.521632641410927,
        0.400066873797157,
        0.21813084700339416,
        0.27329742814125707,
        0.290153457893191,
        0.39508285103625107,
        0.49060962024596044,
        0.7231222862794395,
        0.3437147335389609,
        0.3200913427671088,
        0.4408258911744181,
        0.6904633428705177,
        0.33203962416426114,
        0.4659132149124357,
        0.5152949410566218,
        0.5254925138958072,
        0.5433155894032804,
        0.4132200537915946,
        0.4335937501331533,
        0.5084033882208254,
        0.139277017164959,
        0.08557037771456358,
        0.5175800413493016
      ],
      [
        0.8834736059861843,
        1.2402976186963275,
        0.5197500855541869,
        0.0,
        0.683660015139319,
        0.16477803488999254,
        0.9180083556209477,
        0.7110469901374196,
        0.36673603114862335,
        0.8987179614060132,
        0.3310319838525958,
        0.5821555940119977,
        0.12961595938831116,
        0.8079643913188653,
        0.8009697042691557,
        0.6176122426508188,
        0.6291782311200006,
        0.1116066398847423,
        0.7234133193515042,
        0.29306535438950154,
        1.063615198135376,
        0.85695138468341,
        0.902520244366722,
        0.14024323428715205,
        0.3047377437678693,
        0.4688653136883205,
        0.4823386373553582,
        0.23347644851764673,
        0.8569648169826565,
        0.3246678516890803,
        0.6029284897487023,
        0.5496005473144623,
        0.652715967168657,
        0.9746268381115178,
        1.1124934130984125,
        0.17990054877504075,
        0.8346971019353638,
        0.7753442975348759,
        1.0978819291025619,
        0.23727499422075313,
        0.9277655630405179,
        0.4397462328664817,
        0.3144448339968842,
        1.0474909113610529,
        0.48102544829474214,
        0.9218664994528062,
        0.20718655850528978,
        0.48376208101143686,
        0.4918099802670811,
        0.8924524681047714
      ],
      [
        0.24236974345644874,
        0.5991937561665918,
        0.17869703269293907,
        0.683660015139319,
        0.0,
        0.6255179870019515,
        0.23776161289654596,
        0.5243101766554469,
        0.31701020459673585,
        0.3242327333243679,
        0.6204786306158243,
        0.5867654304529915,
        0.5655130596259238,
        0.8547232374935833,
        0.8770418075880063,
        0.35802939054218536,
        0.4619022874202941,
        0.5921932803432081,
        0.48901851071019053,
        0.43500753189085495,
        0.6348369806342684,
        0.3437359456300131,
        0.2525299488721998,
        0.6517038515560954,
        0.39451955957152374,
        0.36805811366430247,
        0.24112190959602284,
        0.6953134765776579,
        0.22136984110421792,
        0.39618127337470843,
        0.45199446083419614,
        0.39820060655584555,
        0.384757188847698,
        0.31381462772148644,
        0.5771488927474004,
        0.5040502763717358,
        0.15304018438162972,
        0.26212885848147904,
        0.5444899493384787,
        0.5098676923678915,
        0.31993982138039667,
        0.6270423580289879,
        0.6335396625584617,
        0.3668786107068913,
        0.5218478338272379,
        0.255828343727752,
        0.6687389310536003,
        0.2987982272645389,
        0.19329370437903104,
        0.5521222817897189
      ],
      [
        0.7192385195747829,
        1.076062532284926,
        0.48732537628552863,
        0.16477803488999254,
        0.6255179870019515,
        0.0,
        0.8632795998984975,
        0.547139845077266,
        0.3601806188031665,
        0.8921625490605564,
        0.16645670593666043,
        0.42552836224364415,
        0.12091013227739604,
        0.6435305991664682,
        0.6362061459456254,
        0.4741191645645677,
        0.48493009800614134,
        0.10162263801108151,
        0.7591441158780226,
        0.3296855601985332,
        0.9838173332762639,
        0.6927162982720085,
        0.8369449269848572,
        0.026185864554143998,
        0.31463237315408266,
        0.46235493528759647,
        0.4860780738275531,
        0.07278852093660637,
        0.8468878281061694,
        0.34719971446445796,
        0.6433553327044541,
        0.3848225124244698,
        0.4884808807572555,
        0.9029805867699099,
        0.9649338209247738,
        0.17263287759072965,
        0.7785581713835812,
        0.6111092111234745,
        0.9441040099747945,
        0.30788486996806735,
        0.7635304766291166,
        0.27606321516117127,
        0.1505376889367307,
        0.9868242067025577,
        0.31947935224447976,
        0.8438997494622009,
        0.08403428731492157,
        0.5023612358348946,
        0.4845517342634792,
        0.9334351623358992
      ],
      [
        0.3059950678981874,
        0.6628190806083305,
        0.40108251964154085,
        0.9180083556209477,
        0.23776161289654596,
        0.8632795998984975,
        0.0,
        0.655067644897036,
        0.5516659455150611,
        0.27316161589918264,
        0.8396007388506315,
        0.7175679030782909,
        0.8006763680361457,
        0.9855257101188826,
        1.0078442802133056,
        0.5953278512892362,
        0.5927047600455935,
        0.82735658875343,
        0.4630265371951094,
        0.6550018729388613,
        0.6454025056517572,
        0.35430147064750184,
        0.22900401747601115,
        0.8894654644526414,
        0.6214714215872534,
        0.6056674989721877,
        0.4519550638930411,
        0.9061466308746762,
        0.1422639583659415,
        0.6163695698780304,
        0.5285957720940309,
        0.6204890546160574,
        0.5155596614729974,
        0.2101986857745433,
        0.6035883254655283,
        0.7392135847819578,
        0.08478889832415717,
        0.3929313311067784,
        0.5709293820566065,
        0.7297357990375035,
        0.3463792540985245,
        0.8433289967277342,
        0.8538307946447701,
        0.16631408404564874,
        0.7237201708187422,
        0.1664048807298154,
        0.9039022394638223,
        0.5277330481361132,
        0.4305921651260819,
        0.5172906360116732
      ],
      [
        0.35981991079519776,
        0.7095489127657344,
        0.5383982984476439,
        0.7110469901374196,
        0.5243101766554469,
        0.547139845077266,
        0.655067644897036,
        0.0,
        0.48945712084185294,
        0.8389782593791598,
        0.41365722712828396,
        0.21857379240165203,
        0.6376142994397913,
        0.4865315994422439,
        0.508850169536667,
        0.28838585726803506,
        0.09336094367023375,
        0.610932534905492,
        0.8805379627249315,
        0.6334062415532032,
        0.4547056211604979,
        0.3437884053225019,
        0.7683202779590508,
        0.5708037558502675,
        0.5762633997375926,
        0.4160963915873966,
        0.5756614878517188,
        0.4849212791210645,
        0.7158721874054312,
        0.6117185628397993,
        0.802063243430648,
        0.24824484055445284,
        0.20926106563711497,
        0.5900518169344848,
        0.579176645053761,
        0.6770048620542898,
        0.5906198277830396,
        0.26218131817396784,
        0.5620646416527949,
        0.6919599298420405,
        0.36397498393338856,
        0.3626485716020542,
        0.39660215614053534,
        0.6796703696921405,
        0.26148444372732926,
        0.5303767040475607,
        0.6311741323921876,
        0.6497080319207484,
        0.4531215434311894,
        1.0450601469865095
      ],
      [
        0.5457852963524013,
        0.9026093090625442,
        0.15969134122206777,
        0.36673603114862335,
        0.31701020459673585,
        0.3601806188031665,
        0.5516659455150611,
        0.48945712084185294,
        0.0,
        0.5319819302573898,
        0.4648403516340818,
        0.43440941738061467,
        0.2490105244666248,
        0.7023668980389415,
        0.7216223611644386,
        0.25087621150219547,
        0.4006950132525936,
        0.275690745183909,
        0.45555034065608435,
        0.15424611888568537,
        0.8428281732361715,
        0.5517271382319161,
        0.5695401534689357,
        0.35905847501124044,
        0.09772603635441714,
        0.10217431648442998,
        0.14713521700735077,
        0.4060964600855961,
        0.5383800457009538,
        0.12501430729041668,
        0.3559127801060209,
        0.2425623275741031,
        0.3474917207171631,
        0.6096390782186378,
        0.8323504576454351,
        0.18754774121243684,
        0.4680659365554848,
        0.47012005108338206,
        0.8086498978036442,
        0.21873109161087112,
        0.6225413165890241,
        0.3981846349671675,
        0.47790138357671924,
        0.6821533290038827,
        0.32108696653768054,
        0.5572725093473369,
        0.35223639589430134,
        0.19545654387337177,
        0.12726973542011819,
        0.6294657594687418
      ],
      [
        0.5240521329111705,
        0.8808761456213134,
        0.502929766017307,
        0.8987179614060132,
        0.3242327333243679,
        0.8921625490605564,
        0.27316161589918264,
        0.8389782593791598,
        0.5319819302573898,
        0.0,
        0.9447113639401923,
        0.9014335131767044,
        0.7809924547240147,
        1.1693913202172963,
        1.1917098903117194,
        0.6822621238665534,
        0.776570370144007,
        0.807672675441299,
        0.22311607055650673,
        0.6284463902382342,
        0.8225122231930746,
        0.5314111881888193,
        0.07170304959744316,
        0.8824621120281564,
        0.629707966611807,
        0.6295676458903587,
        0.5364685922719079,
        0.9251894315140938,
        0.137943473931262,
        0.6079768944520435,
        0.3115868733466775,
        0.7224333398802135,
        0.699425271571411,
        0.48038218720759335,
        0.8429410336657526,
        0.7195296714698267,
        0.2719998966694827,
        0.576796941205192,
        0.8102820902568308,
        0.6774518490160021,
        0.5857319622987488,
        0.9301665652245573,
        0.9577723958828297,
        0.42716770200459997,
        0.8460805671516058,
        0.42954908294209726,
        0.8842183261516912,
        0.4723748309548514,
        0.517526437703399,
        0.2441644792040229
      ],
      [
        0.5547987161951615,
        0.9116227289053045,
        0.5124314819531698,
        0.3310319838525958,
        0.6204786306158243,
        0.16645670593666043,
        0.8396007388506315,
        0.41365722712828396,
        0.4648403516340818,
        0.9447113639401923,
        0.0,
        0.2763530287555278,
        0.25753878551577825,
        0.5223903227597477,
        0.5267224061252629,
        0.3076624586279073,
        0.3202962834580502,
        0.24854148169711024,
        0.8545711462304574,
        0.47006772077383374,
        0.8193775298966425,
        0.5282764948923871,
        0.8730085794880241,
        0.19078874956544378,
        0.4604885340342515,
        0.3870519401427893,
        0.554644416878442,
        0.100452849896807,
        0.8418484717200423,
        0.4912509215926225,
        0.7805061953701685,
        0.22227802405997873,
        0.3240410773776341,
        0.7385407833902884,
        0.7984884067058832,
        0.3190015687699662,
        0.7732754699729381,
        0.44666940774385305,
        0.7776834328411154,
        0.43711370405541095,
        0.5987623448150203,
        0.16583261324737797,
        0.019554431157178784,
        0.8558409489230058,
        0.15954154810348098,
        0.712916491682649,
        0.250490993251582,
        0.6268854345130912,
        0.42718492623679327,
        1.0191235297921133
      ],
      [
        0.43138666790009905,
        0.788210680610242,
        0.5049013749376265,
        0.5821555940119977,
        0.5867654304529915,
        0.42552836224364415,
        0.7175679030782909,
        0.21857379240165203,
        0.43440941738061467,
        0.9014335131767044,
        0.2763530287555278,
        0.0,
        0.47611883548569073,
        0.26795780704059186,
        0.2902763771350149,
        0.31010822559449064,
        0.1252128487314183,
        0.5008740293291764,
        0.8471777540832973,
        0.568375996963983,
        0.67327941356215,
        0.40624365912004645,
        0.8307755317565954,
        0.45169121727132205,
        0.5105178638460814,
        0.34639029392563014,
        0.5440087751178795,
        0.3527853975288731,
        0.7783274412029758,
        0.5492354402892171,
        0.7704096637997316,
        0.21494599998081645,
        0.23000062704457924,
        0.6445003330572336,
        0.6110285501149455,
        0.5375816187398788,
        0.6555623035030913,
        0.3246365719715124,
        0.5939165467139794,
        0.6325566731255701,
        0.45236834804330234,
        0.16820380193764695,
        0.29590718859790793,
        0.7490670890081617,
        0.12266117936799174,
        0.6004505443456494,
        0.5095626495585657,
        0.6137128971080368,
        0.41945460394517464,
        1.0113932075004948
      ],
      [
        0.7912714719234824,
        1.1480954846336255,
        0.4051775167931489,
        0.12961595938831116,
        0.5655130596259238,
        0.12091013227739604,
        0.8006763680361457,
        0.6376142994397913,
        0.2490105244666248,
        0.7809924547240147,
        0.25753878551577825,
        0.47611883548569073,
        0.0,
        0.7191927351254009,
        0.7275492300654841,
        0.4998867359688203,
        0.5442533557695576,
        0.026681764534299223,
        0.6455789280811061,
        0.21252893525805544,
        0.9830787790039299,
        0.7857332773859306,
        0.8180430084981236,
        0.11462383233835567,
        0.20294974851847325,
        0.3511848409510548,
        0.3747953895715606,
        0.15708593561897125,
        0.7660091013704204,
        0.23371213607684424,
        0.5286693549893648,
        0.4797333876391111,
        0.5814978598711775,
        0.8561984977713742,
        0.9940556475775597,
        0.061462783254187976,
        0.7170199562936701,
        0.7041261902373965,
        1.0129570537521186,
        0.18704376385733856,
        0.85629046582804,
        0.3636015337642411,
        0.24540505859950035,
        0.9290531458402002,
        0.40463493539606665,
        0.8034381591126626,
        0.10322587142767653,
        0.3904910335442645,
        0.3733816399269375,
        0.8193527734033974
      ],
      [
        0.699344474940691,
        1.0100750464389046,
        0.7662721769494759,
        0.8079643913188653,
        0.8547232374935833,
        0.6435305991664682,
        0.9855257101188826,
        0.4865315994422439,
        0.7023668980389415,
        1.1693913202172963,
        0.5223903227597477,
        0.26795780704059186,
        0.7191927351254009,
        0.0,
        0.056336336526225515,
        0.571280944669959,
        0.39317065577201016,
        0.7189068042929067,
        1.1084118412267636,
        0.8349403559745046,
        0.7871539302278043,
        0.6742014661606383,
        1.0987333387971872,
        0.6688981107237363,
        0.777082222856603,
        0.6129546529361517,
        0.8083694389087626,
        0.575181690984073,
        1.0462852482435676,
        0.816233984366708,
        1.0343466767305762,
        0.4761187190562849,
        0.4979584340851711,
        0.9124581400978254,
        0.598178652553603,
        0.7806555183795889,
        0.923520110543683,
        0.5925943790121042,
        0.6012742653323954,
        0.8991210321360916,
        0.7203261550838942,
        0.3687622661626368,
        0.5412369056786407,
        1.0129878043120972,
        0.38586892332491607,
        0.8684083513862413,
        0.7275648864813897,
        0.879605968541101,
        0.6810256212330994,
        1.2729642247884194
      ],
      [
        0.721663045035114,
        1.0663966850427122,
        0.7938634597743168,
        0.8009697042691557,
        0.8770418075880063,
        0.6362061459456254,
        1.0078442802133056,
        0.508850169536667,
        0.7216223611644386,
        1.1917098903117194,
        0.5267224061252629,
        0.2902763771350149,
        0.7275492300654841,
        0.056336336526225515,
        0.0,
        0.5671208831575341,
        0.4154892258664332,
        0.7162165494606401,
        1.135590535521856,
        0.850504200951969,
        0.8434755688316121,
        0.6965200362550613,
        1.1210519088916102,
        0.6609254782371902,
        0.7926460678340674,
        0.6285184979136161,
        0.8342650964393965,
        0.5704632944465129,
        1.0686038183379907,
        0.834311549197208,
        1.0606606319128913,
        0.5037967574547921,
        0.5202770041795941,
        0.9347767101922484,
        0.6544847114559865,
        0.7890120133196721,
        0.945838680638106,
        0.6149129491065273,
        0.6575959039362032,
        0.9071241486051168,
        0.7426447251783173,
        0.36636454495502796,
        0.5449163785190193,
        1.0393434661431766,
        0.40127626159701535,
        0.8907269214806643,
        0.720240433260547,
        0.9038551571953963,
        0.708703656835773,
        1.300642260391093
      ],
      [
        0.4308492575742616,
        0.7876732702844047,
        0.2503060638777179,
        0.6176122426508188,
        0.35802939054218536,
        0.4741191645645677,
        0.5953278512892362,
        0.28838585726803506,
        0.25087621150219547,
        0.6822621238665534,
        0.3076624586279073,
        0.31010822559449064,
        0.4998867359688203,
        0.571280944669959,
        0.5671208831575341,
        0.0,
        0.19502491359780133,
        0.5265669566861045,
        0.5926577897019925,
        0.4050408541682925,
        0.6954280712757426,
        0.4043270362714872,
        0.6105593394143851,
        0.4984512081933511,
        0.3484777694496048,
        0.2295990944770318,
        0.2967553731939693,
        0.40811530852471434,
        0.5793992316464033,
        0.37375649688041906,
        0.5197262942107471,
        0.09516222561367417,
        0.2000916187567342,
        0.6145913247693886,
        0.6808406149813286,
        0.4384239527146323,
        0.510826229899299,
        0.32271994912295315,
        0.6612497958432152,
        0.46795989148706035,
        0.47514121462859527,
        0.35780869491055267,
        0.3272168897850861,
        0.7205177168265491,
        0.23497287429357946,
        0.5947922053488794,
        0.5581534518794893,
        0.3724282099108252,
        0.16473568616315432,
        0.7566742897184744
      ],
      [
        0.3061878343561211,
        0.6630118470662641,
        0.4453309774755192,
        0.6291782311200006,
        0.4619022874202941,
        0.48493009800614134,
        0.5927047600455935,
        0.09336094367023375,
        0.4006950132525936,
        0.776570370144007,
        0.3202962834580502,
        0.1252128487314183,
        0.5442533557695576,
        0.39317065577201016,
        0.4154892258664332,
        0.19502491359780133,
        0.0,
        0.5175715912352583,
        0.7876827032997937,
        0.5479493465101409,
        0.5480665648307317,
        0.2813805160873491,
        0.705912388723898,
        0.5101026746635948,
        0.4903316308293231,
        0.3340971008747341,
        0.48249455314338313,
        0.41403723337557585,
        0.6534642981702785,
        0.5243330542406754,
        0.7088963087223124,
        0.15816155317427216,
        0.11989232472940257,
        0.5343920307420569,
        0.48581570138352725,
        0.5882427544650304,
        0.5306991604703939,
        0.19977342893881506,
        0.4687036979825611,
        0.6018766424618598,
        0.3294227279646672,
        0.2692876279318205,
        0.3383773265374619,
        0.6242039459754644,
        0.1681235000570955,
        0.47552737300298714,
        0.5689643853210629,
        0.5567439165580103,
        0.35976059976095565,
        0.9516992033162758
      ],
      [
        0.8032581948700369,
        1.16008220758018,
        0.4318577375104331,
        0.1116066398847423,
        0.5921932803432081,
        0.10162263801108151,
        0.82735658875343,
        0.610932534905492,
        0.275690745183909,
        0.807672675441299,
        0.24854148169711024,
        0.5008740293291764,
        0.026681764534299223,
        0.7189068042929067,
        0.7162165494606401,
        0.5265669566861045,
        0.5175715912352583,
        0.0,
        0.6714398379276152,
        0.23759492751421235,
        1.0081447712600868,
        0.7767359735672625,
        0.8447232292154079,
        0.09158806283827549,
        0.2295249422094045,
        0.377865061668339,
        0.4014771541058598,
        0.14808863180030324,
        0.792090730174456,
        0.25979376488087985,
        0.5541618815854235,
        0.47073608382044313,
        0.5725005560525095,
        0.8828787184886584,
        1.0033872926187857,
        0.08814300397147219,
        0.7437001770109544,
        0.6951288864187285,
        0.9862752892178195,
        0.20774487658857194,
        0.8469943191999255,
        0.35014453813026986,
        0.23640775478083237,
        0.9557333665574844,
        0.3956376315773986,
        0.8301183798299467,
        0.10309429841298759,
        0.4169752268568311,
        0.4000618606442217,
        0.8449946877395315
      ],
      [
        0.6933492172543443,
        1.0501732299644873,
        0.3423648074165327,
        0.7234133193515042,
        0.48901851071019053,
        0.7591441158780226,
        0.4630265371951094,
        0.8805379627249315,
        0.45555034065608435,
        0.22311607055650673,
        0.8545711462304574,
        0.8471777540832973,
        0.6455789280811061,
        1.1084118412267636,
        1.135590535521856,
        0.5926577897019925,
        0.7876827032997937,
        0.6714398379276152,
        0.0,
        0.43521002789560037,
        0.8685034748513327,
        0.5774024398470773,
        0.23648856183799075,
        0.7579971250158661,
        0.44633023939737115,
        0.5567448171991247,
        0.31335252171540123,
        0.7675440886970363,
        0.3219964328424139,
        0.4120262747010325,
        0.12098761951758454,
        0.6322931221704786,
        0.7372225153135387,
        0.6646217871036271,
        1.0149049720110506,
        0.5865112382872929,
        0.44779669515877896,
        0.6590095269956113,
        0.9822460286021286,
        0.48657183993178466,
        0.7576959006440467,
        0.8483491611002326,
        0.8558632116775654,
        0.6278066531772202,
        0.7535019544871954,
        0.6106369015097486,
        0.6918656390692055,
        0.2630333603441848,
        0.42792210353883814,
        0.17521523393276886
      ],
      [
        0.6431174166938798,
        0.9999414294040228,
        0.25702346156354633,
        0.29306535438950154,
        0.43500753189085495,
        0.3296855601985332,
        0.6550018729388613,
        0.6334062415532032,
        0.15424611888568537,
        0.6284463902382342,
        0.47006772077383374,
        0.568375996963983,
        0.21252893525805544,
        0.8349403559745046,
        0.850504200951969,
        0.4050408541682925,
        0.5479493465101409,
        0.23759492751421235,
        0.43521002789560037,
        0.0,
        0.7705498437458744,
        0.7003652809015489,
        0.6164512715095765,
        0.3268086772400059,
        0.05785813311790156,
        0.2219857030383528,
        0.2035511045400158,
        0.3696148708770267,
        0.5711913521094567,
        0.03889438681588056,
        0.3168595168915568,
        0.3912004702437359,
        0.49612986338679593,
        0.7430652349699421,
        0.9801457478429858,
        0.15722468915215906,
        0.5759266741411281,
        0.6187581937530149,
        0.9474868044340641,
        0.07503669596224884,
        0.722936676475982,
        0.5524307538528529,
        0.45793399385755584,
        0.8003213144724064,
        0.4494960950776611,
        0.6875612359753106,
        0.31575480668573197,
        0.1913673573284193,
        0.266442134366004,
        0.6078869666806812
      ],
      [
        0.42411583464938984,
        0.4287517317503816,
        0.8102097897797234,
        1.063615198135376,
        0.6348369806342684,
        0.9838173332762639,
        0.6454025056517572,
        0.4547056211604979,
        0.8428281732361715,
        0.8225122231930746,
        0.8193775298966425,
        0.67327941356215,
        0.9830787790039299,
        0.7871539302278043,
        0.8434755688316121,
        0.6954280712757426,
        0.5480665648307317,
        1.0081447712600868,
        0.8685034748513327,
        0.7705498437458744,
        0.0,
        0.2911010350042554,
        0.7713137415550937,
        1.0078091854005133,
        0.828407976863776,
        0.7837476173224193,
        0.8759588902302913,
        0.9197483767712147,
        0.6845687492618127,
        0.809444230561755,
        0.9894910943689172,
        0.6002658456620684,
        0.4953364525190084,
        0.6203024143968474,
        0.22087140062759208,
        0.9277745328980335,
        0.5729671978089244,
        0.3727081221527894,
        0.185879664895409,
        0.8455865397081233,
        0.410429792853491,
        0.8173541927625522,
        0.8336075856907812,
        0.5975932038751108,
        0.7034969618647532,
        0.5606273015099232,
        1.0678516205911854,
        0.9336352078988075,
        0.8051727478388829,
        1.0437187087841016
      ],
      [
        0.13301479964513446,
        0.4898388123552775,
        0.5191087547754679,
        0.85695138468341,
        0.3437359456300131,
        0.6927162982720085,
        0.35430147064750184,
        0.3437884053225019,
        0.5517271382319161,
        0.5314111881888193,
        0.5282764948923871,
        0.40624365912004645,
        0.7857332773859306,
        0.6742014661606383,
        0.6965200362550613,
        0.4043270362714872,
        0.2813805160873491,
        0.7767359735672625,
        0.5774024398470773,
        0.7003652809015489,
        0.2911010350042554,
        0.0,
        0.48021270655083836,
        0.7167081503962579,
        0.6425633532938929,
        0.4926465823181639,
        0.584857855226036,
        0.6286473417669592,
        0.3934677142575573,
        0.675681433488607,
        0.6983900593646618,
        0.30916481065781304,
        0.20423541751475302,
        0.3292013793925921,
        0.45156250593597796,
        0.739274879444353,
        0.2818661628046689,
        0.08160708714853405,
        0.4216849674244545,
        0.7528798999454007,
        0.20420785966831953,
        0.5320047527694899,
        0.5425065506865258,
        0.41724472939829205,
        0.4123959268604978,
        0.26952626650566786,
        0.7767505855869301,
        0.6425341728945521,
        0.5140717128346276,
        0.7526176737798461
      ],
      [
        0.4568606554163535,
        0.8136846681264965,
        0.4312269815651389,
        0.902520244366722,
        0.2525299488721998,
        0.8369449269848572,
        0.22900401747601115,
        0.7683202779590508,
        0.5695401534689357,
        0.07170304959744316,
        0.8730085794880241,
        0.8307755317565954,
        0.8180430084981236,
        1.0987333387971872,
        1.1210519088916102,
        0.6105593394143851,
        0.705912388723898,
        0.8447232292154079,
        0.23648856183799075,
        0.6164512715095765,
        0.7713137415550937,
        0.48021270655083836,
        0.0,
        0.8107590624307133,
        0.632601262848286,
        0.5578645962929156,
        0.4936518584682227,
        0.8739909498761129,
        0.08674499229328107,
        0.5959817757233856,
        0.2995917546180197,
        0.6507305554280454,
        0.628767290151302,
        0.4281332252656363,
        0.7784164101730597,
        0.7565802252439356,
        0.21130813332078824,
        0.5061389597850829,
        0.745757466764138,
        0.6654567302873442,
        0.521207338806056,
        0.8795723069011876,
        0.8860696114306615,
        0.3919895645940008,
        0.7743777826994377,
        0.3741483396717578,
        0.8892119909512143,
        0.46037971222619356,
        0.44582365325123086,
        0.29959233291751913
      ],
      [
        0.7432303716990323,
        1.1000543844091755,
        0.5135112408396726,
        0.14024323428715205,
        0.6517038515560954,
        0.026185864554143998,
        0.8894654644526414,
        0.5708037558502675,
        0.35905847501124044,
        0.8824621120281564,
        0.19078874956544378,
        0.45169121727132205,
        0.11462383233835567,
        0.6688981107237363,
        0.6609254782371902,
        0.4984512081933511,
        0.5101026746635948,
        0.09158806283827549,
        0.7579971250158661,
        0.3268086772400059,
        1.0078091854005133,
        0.7167081503962579,
        0.8107590624307133,
        0.0,
        0.312529635681853,
        0.4612327914956704,
        0.48495593003562704,
        0.09891964074828775,
        0.8730736926603133,
        0.34607584388366147,
        0.6420917785223557,
        0.4095406557123483,
        0.512472732881505,
        0.9269724388941593,
        0.9891445209013962,
        0.1715107337988036,
        0.8047440359377251,
        0.6351010632477239,
        0.9680149717839857,
        0.29927476140565057,
        0.7875223287533659,
        0.30185210544697516,
        0.17420159970973217,
        1.0104881174755591,
        0.345130251063301,
        0.8675636602352024,
        0.1020020959004076,
        0.50027065240908,
        0.48342959047155315,
        0.9323090248730886
      ],
      [
        0.6064910163343589,
        0.9633150290445018,
        0.22039706120402539,
        0.3047377437678693,
        0.39451955957152374,
        0.31463237315408266,
        0.6214714215872534,
        0.5762633997375926,
        0.09772603635441714,
        0.629707966611807,
        0.4604885340342515,
        0.5105178638460814,
        0.20294974851847325,
        0.777082222856603,
        0.7926460678340674,
        0.3484777694496048,
        0.4903316308293231,
        0.2295249422094045,
        0.44633023939737115,
        0.05785813311790156,
        0.828407976863776,
        0.6425633532938929,
        0.632601262848286,
        0.312529635681853,
        0.0,
        0.16412756992045124,
        0.17763912320663405,
        0.36003568413744447,
        0.5739624466567168,
        0.0416654813631406,
        0.33300950823026637,
        0.3333985426360798,
        0.43832793577913987,
        0.6975775861651293,
        0.9231866727074118,
        0.14199949556335303,
        0.5402586835187865,
        0.5609562661453589,
        0.8994861128656209,
        0.12203880927948872,
        0.6863102761164611,
        0.4959106713215846,
        0.4483548071179736,
        0.7613358340770067,
        0.39163796195975953,
        0.6433072252762081,
        0.3061756199461498,
        0.187741016727227,
        0.2163936723622768,
        0.6212120864514304
      ],
      [
        0.5191688036209383,
        0.8759928163310813,
        0.24206447566758918,
        0.4688653136883205,
        0.36805811366430247,
        0.46235493528759647,
        0.6056674989721877,
        0.4160963915873966,
        0.10217431648442998,
        0.6295676458903587,
        0.3870519401427893,
        0.34639029392563014,
        0.3511848409510548,
        0.6129546529361517,
        0.6285184979136161,
        0.2295990944770318,
        0.3340971008747341,
        0.377865061668339,
        0.5567448171991247,
        0.2219857030383528,
        0.7837476173224193,
        0.4926465823181639,
        0.5578645962929156,
        0.4612327914956704,
        0.16412756992045124,
        0.0,
        0.24524482046967286,
        0.4750593918164037,
        0.5894279547685204,
        0.20579305128359185,
        0.45807517131115094,
        0.18348177166035087,
        0.2884111648034109,
        0.6614715715383059,
        0.7732699017316829,
        0.2897220576968668,
        0.5208794335591678,
        0.41103949516962984,
        0.7495693418898919,
        0.28616637919994,
        0.563460760675272,
        0.3513220175109165,
        0.4063122884589424,
        0.7344367443572639,
        0.2275103920393083,
        0.6087112328795943,
        0.4544107123787313,
        0.2976149049925949,
        0.17865471369386915,
        0.7300043754139961
      ],
      [
        0.45351269646880776,
        0.8103367091789508,
        0.06744107442929198,
        0.4823386373553582,
        0.24112190959602284,
        0.4860780738275531,
        0.4519550638930411,
        0.5756614878517188,
        0.14713521700735077,
        0.5364685922719079,
        0.554644416878442,
        0.5440087751178795,
        0.3747953895715606,
        0.8083694389087626,
        0.8342650964393965,
        0.2967553731939693,
        0.48249455314338313,
        0.4014771541058598,
        0.31335252171540123,
        0.2035511045400158,
        0.8759588902302913,
        0.584857855226036,
        0.4936518584682227,
        0.48495593003562704,
        0.17763912320663405,
        0.24524482046967286,
        0.0,
        0.45419156698163504,
        0.46249175070024073,
        0.1653575195091973,
        0.22640175557892922,
        0.3323962163634363,
        0.43732560950649635,
        0.5546925410920711,
        0.7905179692471014,
        0.31344519623682343,
        0.37421505151676565,
        0.5032507680775019,
        0.7578590258381797,
        0.2779438510277075,
        0.5333088978800976,
        0.5350027523042434,
        0.5425106899621641,
        0.6007034100687116,
        0.4430682726128511,
        0.4969439593944988,
        0.47802126099923714,
        0.07577798424307211,
        0.13254076332653245,
        0.4852424466812961
      ],
      [
        0.6551695630697336,
        1.0119935757798766,
        0.521632641410927,
        0.23347644851764673,
        0.6953134765776579,
        0.07278852093660637,
        0.9061466308746762,
        0.4849212791210645,
        0.4060964600855961,
        0.9251894315140938,
        0.100452849896807,
        0.3527853975288731,
        0.15708593561897125,
        0.575181690984073,
        0.5704632944465129,
        0.40811530852471434,
        0.41403723337557585,
        0.14808863180030324,
        0.7675440886970363,
        0.3696148708770267,
        0.9197483767712147,
        0.6286473417669592,
        0.8739909498761129,
        0.09891964074828775,
        0.36003568413744447,
        0.4750593918164037,
        0.45419156698163504,
        0.0,
        0.7872459575828319,
        0.3907980716958155,
        0.6805933225605643,
        0.3226474520201399,
        0.42441192425220625,
        0.8389116302648606,
        0.8961481362309144,
        0.21854871887315921,
        0.8284066184984007,
        0.5470402546184252,
        0.8760873225165106,
        0.3366608541586039,
        0.6992045302090688,
        0.20651559814526987,
        0.08831912298052912,
        0.9246056407463561,
        0.2475489997770954,
        0.7816811835059994,
        0.15682280825152795,
        0.5299695512247071,
        0.5275543541969544,
        0.9394340136629311
      ],
      [
        0.39139250591392827,
        0.7482165186240712,
        0.400066873797157,
        0.8569648169826565,
        0.22136984110421792,
