{
  "sol": {
    "z": 1.2855277768629199,
    "tours": [
      [
        0,
        32,
        30
      ],
      [
        1,
        17,
        19
      ],
      [
        2,
        3,
        8,
        11,
        10,
        14,
        9,
        6
      ],
      [
        4,
        14
      ],
      [
        5,
        31
      ],
      [
        7,
        49,
        5
      ],
      [
        18,
        38,
        12
      ],
      [
        13,
        46
      ],
      [
        15,
        1
      ],
      [
        16,
        18
      ]
    ]
  },
  "params": {
    "gm": [
      [
        0.0,
        0.5921316943349781,
        0.19495909213195153,
        0.28151260317502685,
        0.9837485898160797,
        0.927804467842395,
        0.45556880797867094,
        1.0208220149774156,
        0.2574428679975765,
        0.33260559404601236,
        0.44050829542070197,
        0.32485062484171584,
        0.25353384784507293,
        1.0602988503302966,
        0.5290211953177126,
        0.68148761126641,
        0.6577879501233411,
        0.7164309873363961,
        0.44238436768993467,
        0.7265981817095754,
        0.4042962301139452,
        0.28085526679966777,
        0.062453630493029676,
        0.36533335909336706,
        0.2903725030806475,
        0.9074970396415671,
        0.6650772379859499,
        0.6772817291326934,
        0.6905657231815612,
        0.4160551506282121,
        0.054847623928042946,
        0.7756593634164133,
        0.1637032427373967,
        0.40260684684435616,
        0.8341142174754756,
        0.77813521325301,
        0.3636622035589329,
        1.0186061565919096,
        0.09389349640698087,
        0.26660591153619456,
        0.9940695360475504,
        0.7215526503007182,
        0.8610616983221377,
        0.19360489824868096,
        0.19894821008283603,
        0.2992102170197209,
        0.9497373352323859,
        0.9873113879551495,
        0.8851877179295267,
        1.1678673656768845
      ],
      [
        0.5921316943349781,
        0.0,
        0.46748213093118773,
        0.3809286198881124,
        0.6769056870796686,
        0.33567277350741687,
        0.20687241508446833,
        0.46588594602188965,
        0.4581783839784739,
        0.5096552431565523,
        0.4187399500648137,
        0.4890484801673515,
        0.7427710225653557,
        0.507436613522603,
        0.32444161742509775,
        0.43279121837220735,
        0.41715157485020277,
        0.1242992930014179,
        0.5526932308954126,
        0.13446648737459718,
        0.5324631363152628,
        0.6214708390896734,
        0.6514238965559556,
        0.7906398482566241,
        0.7106431687943895,
        0.6517661586114378,
        0.40933480609838424,
        0.5300377936764384,
        0.4444113308199541,
        0.5296200222761018,
        0.6469793182630211,
        0.18352766908143514,
        0.5550699597969704,
        0.4121970914467389,
        0.5622744578056974,
        0.5380934121301088,
        0.43322070771809523,
        0.5276784053919871,
        0.5931441797538629,
        0.4746540058738389,
        0.4272435361215805,
        0.13191016244209217,
        0.7066737655307621,
        0.49446412062848244,
        0.5965717988900833,
        0.7259373925006226,
        0.35760564089740776,
        0.39517969362017136,
        0.7012667601094535,
        0.7027399725248413
      ],
      [
        0.19495909213195153,
        0.46748213093118773,
        0.0,
        0.0865535110430753,
        0.8872313503114231,
        0.7592453869588665,
        0.2606097158467194,
        0.9141098046870895,
        0.15073065770725028,
        0.25767359710592913,
        0.32786417070656604,
        0.23897909231309597,
        0.2871012066154209,
        0.867757761453256,
        0.4221189527033722,
        0.4865285191344584,
        0.5314483881198151,
        0.5872062327192347,
        0.45506716329703667,
        0.590067602610568,
        0.37469868647228666,
        0.2901640015962937,
        0.18394176562476786,
        0.34971162864097965,
        0.32219643702973677,
        0.8232270793327889,
        0.5884462746474972,
        0.6022076971465148,
        0.6212757229136537,
        0.38577853280815755,
        0.22329454210423647,
        0.646940718634009,
        0.15659117561268537,
        0.26907844952038446,
        0.7590401854892971,
        0.7159667025858986,
        0.24304016686363164,
        0.8979841198966082,
        0.1256620488226753,
        0.17493658764650583,
        0.8913105082069974,
        0.5993922933732798,
        0.6685206094450971,
        0.02698198969729473,
        0.22009284772974644,
        0.258455261569435,
        0.7770935604480043,
        0.8192928568932907,
        0.692646629052486,
        1.0727148099555492
      ],
      [
        0.28151260317502685,
        0.3809286198881124,
        0.0865535110430753,
        0.0,
        0.8285354794052318,
        0.6756373782852034,
        0.17405620480364406,
        0.8453197139130928,
        0.13721345534144636,
        0.23610225027958992,
        0.27649342294070217,
        0.21426498916211356,
        0.37365471765849617,
        0.7812042504101807,
        0.3683035144842441,
        0.3999750080913831,
        0.4448948770767398,
        0.5006527216761594,
        0.5217379291701045,
        0.5035140915674927,
        0.36417384449644935,
        0.30577202697698,
        0.2704952766678432,
        0.43626513968405495,
        0.40874994807281206,
        0.7703627909192767,
        0.543305083133719,
        0.574585974340426,
        0.5786232437045887,
        0.3740663597852579,
        0.3098480531473118,
        0.5603872075909337,
        0.1979790502014412,
        0.21031823119948795,
        0.7314184626832083,
        0.677890741867969,
        0.19565103923859353,
        0.8505949922715701,
        0.21221555986575058,
        0.16277130349735153,
        0.804756997163922,
        0.5128387823302045,
        0.5819670984020218,
        0.11353550074037004,
        0.25353094460817405,
        0.3450087726125103,
        0.690540049404929,
        0.7327393458502154,
        0.6060931180094107,
        1.014018939049358
      ],
      [
        0.9837485898160797,
        0.6769056870796686,
        0.8872313503114231,
        0.8285354794052318,
        0.0,
        0.4581592466932387,
        0.8250477401516985,
        0.28703671105786127,
        0.7462480601175452,
        0.6527698371788637,
        0.5596908324494219,
        0.6639392825034902,
        1.0687988281054508,
        0.7671469263057638,
        0.46541863228415964,
        0.977535322885281,
        1.0522499482153758,
        0.5526063940782506,
        1.172729464518159,
        0.5625401142358164,
        0.5989152705845271,
        0.7223562338988045,
        1.021617394696141,
        1.2358216938009328,
        1.0435429150330888,
        0.09499659479126639,
        0.32272116861965916,
        0.4008033587826324,
        0.30617890837737066,
        0.5887824415817188,
        0.9567959892222773,
        0.499675270142279,
        0.8206223975640372,
        0.6197230637894279,
        0.5470393545963333,
        0.2752279066649641,
        0.6445229424999681,
        0.14922728168768146,
        0.9838050402373913,
        0.728360893976308,
        0.32358076801776664,
        0.6001458122759512,
        0.8921875131855861,
        0.91300175198219,
        0.7908497293852689,
        1.1444911550705925,
        0.5187029277526982,
        0.48996665648721954,
        0.8727691418459522,
        0.1854834596441262
      ],
      [
        0.927804467842395,
        0.33567277350741687,
        0.7592453869588665,
        0.6756373782852034,
        0.4581592466932387,
        0.0,
        0.5219067281321841,
        0.2118092798727755,
        0.7455975377727122,
        0.6616224506636051,
        0.5580527577399883,
        0.6679455434936477,
        1.031202575790968,
        0.3091371182970767,
        0.46375442510027237,
        0.7442747362664799,
        0.6910076915593008,
        0.21635044031899284,
        0.8411247841210248,
        0.20129601775223033,
        0.6723508104961947,
        0.7637350115864224,
        0.9431871525836343,
        1.0790714014822362,
        0.9990747220200018,
        0.5366210657366565,
        0.5290702155836152,
        0.6564223892254838,
        0.5597435409880236,
        0.6688015716300181,
        0.9280552170077581,
        0.16723511161745594,
        0.781040737061422,
        0.6218587402404678,
        0.6920325225458461,
        0.6642940823985635,
        0.6429154542981806,
        0.3331584857089498,
        0.8849074357815417,
        0.7294982284059572,
        0.16012572075506995,
        0.2733738797190804,
        0.43547937071747866,
        0.7862273766561612,
        0.813536765457057,
        1.0177006485283013,
        0.06199478528459075,
        0.06408027709876239,
        0.4160609993778448,
        0.4929352550387972
      ],
      [
        0.45556880797867094,
        0.20687241508446833,
        0.2606097158467194,
        0.17405620480364406,
        0.8250477401516985,
        0.5219067281321841,
        0.0,
        0.6712635091094488,
        0.2513059688940056,
        0.302782828072084,
        0.27492726820503227,
        0.2821760650828831,
        0.5377595160364036,
        0.7024280129118545,
        0.36342899150246605,
        0.22591880328773903,
        0.2708386722730957,
        0.3265965168725153,
        0.34768172436646044,
        0.3294578867638487,
        0.425204489927825,
        0.414598424005205,
        0.44455148147148726,
        0.585628341727672,
        0.5056316622654374,
        0.7653692360820592,
        0.5408533364046333,
        0.589158608768874,
        0.5774544850818737,
        0.43169969925875523,
        0.4692358694321148,
        0.3863310027872897,
        0.348197544712502,
        0.20532467636227053,
        0.7459910971116563,
        0.6792449593293802,
        0.2263482926336269,
        0.7299756292630845,
        0.3862717646693946,
        0.2677815907893705,
        0.630700792360278,
        0.3387825775265605,
        0.5860912990539625,
        0.2875917055440141,
        0.3896993838056149,
        0.5190649774161543,
        0.5293090423696734,
        0.5749371091689105,
        0.5868786241140735,
        0.9050371963959387
      ],
      [
        1.0208220149774156,
        0.46588594602188965,
        0.9141098046870895,
        0.8453197139130928,
        0.28703671105786127,
        0.2118092798727755,
        0.6712635091094488,
        0.0,
        0.7633791469798392,
        0.7437723473497024,
        0.6402026544260855,
        0.7500954401797448,
        1.1549549857817056,
        0.508987889692685,
        0.5459043217863696,
        0.8971823123971878,
        0.8355450562376758,
        0.34492562689843104,
        1.0106394296906673,
        0.34583338243060535,
        0.7539258406765346,
        0.8458849082725196,
        1.044796704953215,
        1.2485860470518788,
        1.1685893675896444,
        0.34915051109721984,
        0.5915818636102734,
        0.6352635304322805,
        0.5692699693702764,
        0.7510827266373736,
        1.0159384267277978,
        0.28551954861105594,
        0.871731892398869,
        0.7040086369265651,
        0.7637592997489197,
        0.5294118485401211,
        0.7250653509842778,
        0.14063830369626074,
        0.9941264484856304,
        0.7791674432015986,
        0.05170381869024267,
        0.353372866803364,
        0.6354991794902319,
        0.9410846666849491,
        0.8815430577707652,
        1.1724066785243934,
        0.262014594057344,
        0.22020012366875605,
        0.6160808081505981,
        0.28268035343438075
      ],
      [
        0.2574428679975765,
        0.4581783839784739,
        0.15073065770725028,
        0.13721345534144636,
        0.7462480601175452,
        0.7455975377727122,
        0.2513059688940056,
        0.7633791469798392,
        0.0,
        0.10713542958796296,
        0.18879777829726543,
        0.08831011635332918,
        0.3996471435508454,
        0.8675793339860113,
        0.2818431126724399,
        0.47722477218174464,
        0.49497649035072105,
        0.55116131341251,
        0.5871972903823293,
        0.5773179610682077,
        0.2296400987808036,
        0.17213894500894658,
        0.2814175579733758,
        0.4998774441460754,
        0.4347423739651613,
        0.6781217399840449,
        0.4403361653320104,
        0.45181141037890793,
        0.47210912238299574,
        0.24009776537886235,
        0.2525592797479585,
        0.58160394345205,
        0.10835274541902969,
        0.14516480875916893,
        0.6086438987216902,
        0.5655691764783224,
        0.10719699108128972,
        0.7621409441142664,
        0.23820798575809984,
        0.02599478159371111,
        0.7534584061050671,
        0.4743745676554455,
        0.7191805537434681,
        0.1777055197051098,
        0.13874188067178397,
        0.40902753154455423,
        0.7806150112636789,
        0.8095994027499509,
        0.743306573350857,
        0.9317315197616713
      ],
      [
        0.33260559404601236,
        0.5096552431565523,
        0.25767359710592913,
        0.23610225027958992,
        0.6527698371788637,
        0.6616224506636051,
        0.302782828072084,
        0.7437723473497024,
        0.10713542958796296,
        0.0,
        0.11793572198061018,
        0.022431361902847242,
        0.4272909075048078,
        0.7967172776693561,
        0.1978680255633328,
        0.5287016313598231,
        0.5669331253392592,
        0.4671862263034029,
        0.6173686991747509,
        0.4933428739591006,
        0.1298410727911574,
        0.12753229325992946,
        0.3689134773641354,
        0.6060106719561376,
        0.48931718488192966,
        0.5800429219113237,
        0.3392469061508699,
        0.34467613508668093,
        0.3690545558344525,
        0.1389514546283696,
        0.3122741308219092,
        0.49762885634294296,
        0.16890473635482095,
        0.11883270587943652,
        0.5015086234294632,
        0.45998001363427354,
        0.08065377876392742,
        0.735597731796904,
        0.3339004249793121,
        0.08291801689501761,
        0.7123849866145124,
        0.3903994805463384,
        0.8180693486816117,
        0.28461517253371577,
        0.15440477513467218,
        0.5156033571150083,
        0.7056336252637927,
        0.7256243156408438,
        0.8421953682890007,
        0.8382532968229899
      ],
      [
        0.44050829542070197,
        0.4187399500648137,
        0.32786417070656604,
        0.27649342294070217,
        0.5596908324494219,
        0.5580527577399883,
        0.27492726820503227,
        0.6402026544260855,
        0.18879777829726543,
        0.11793572198061018,
        0.0,
        0.11789179200321702,
        0.5227513376051776,
        0.6787815556887459,
        0.09429833263971595,
        0.5008460714927713,
        0.5457037187557748,
        0.363616533379786,
        0.6226089925714927,
        0.3897731810354837,
        0.18252766899326744,
        0.23823253361109467,
        0.469530010588023,
        0.6767617682246703,
        0.5847776149822994,
        0.49596102736862996,
        0.26710944039218115,
        0.31553901967789993,
        0.30318551086947493,
        0.18475040592085876,
        0.42573732665054914,
        0.39405916341932606,
        0.2789375678207183,
        0.06960259184276175,
        0.47237150802068223,
        0.4045024493942543,
        0.08486413001655745,
        0.7089181141371033,
        0.4268821015848702,
        0.17456431988172086,
        0.6088152936908956,
        0.28682978762272154,
        0.8584605213427239,
        0.35394182640592736,
        0.2720746031859097,
        0.5854312294943299,
        0.6020639323401759,
        0.622054622717227,
        0.8617436705967526,
        0.745174292093548
      ],
      [
        0.32485062484171584,
        0.4890484801673515,
        0.23897909231309597,
        0.21426498916211356,
        0.6639392825034902,
        0.6679455434936477,
        0.2821760650828831,
        0.7500954401797448,
        0.08831011635332918,
        0.022431361902847242,
        0.11789179200321702,
        0.0,
        0.4048595456019606,
        0.7966733476919629,
        0.2041911183933753,
        0.5080948683706221,
        0.5452085908405516,
        0.4735093191334454,
        0.5949373372719037,
        0.4996659667891431,
        0.15227058951514458,
        0.1411529062583554,
        0.35809639959076184,
        0.5881634884287029,
        0.46688582297908243,
        0.5931015142863489,
        0.35359911376373737,
        0.3643430818360581,
        0.38455982629847474,
        0.16133652192350792,
        0.30801084442052373,
        0.5039519491729855,
        0.16190583449214413,
        0.10590002109431018,
        0.5211755701788404,
        0.4772993823158329,
        0.06460019521865794,
        0.7195441482516345,
        0.3204993780906752,
        0.06588809662504298,
        0.718708079444555,
        0.3967225733763809,
        0.7962320875641353,
        0.2659603872416443,
        0.15620361818660017,
        0.49733354330598295,
        0.7119567180938352,
        0.7319474084708864,
        0.8203581071715242,
        0.8494227421476164
      ],
      [
        0.25353384784507293,
        0.7427710225653557,
        0.2871012066154209,
        0.37365471765849617,
        1.0687988281054508,
        1.031202575790968,
        0.5377595160364036,
        1.1549549857817056,
        0.3996471435508454,
        0.4272909075048078,
        0.5227513376051776,
        0.4048595456019606,
        0.0,
        0.8614471032643958,
        0.6090506639953359,
        0.6811744114616991,
        0.4042541022782682,
        0.8568876810420217,
        0.19007779166994312,
        0.8549421749306182,
        0.53984441693176,
        0.4474172895735067,
        0.20164592865051187,
        0.18830745951012628,
        0.062026277377121845,
        0.9979610598883095,
        0.7584586593656979,
        0.7692026274380187,
        0.7894193719004353,
        0.5510769395786999,
        0.3042607165182575,
        0.908811494774946,
        0.30617216735209246,
        0.5107595666962708,
        0.926035115780801,
        0.8821589279177935,
        0.46945974082061853,
        1.124403693853595,
        0.1614391577927456,
        0.41519519506457436,
        1.1235676250465156,
        0.8015821189783415,
        0.719506729059135,
        0.2759289596785968,
        0.36951507249286686,
        0.09608073137169514,
        1.0620643870381465,
        1.0952828528897303,
        0.720294054119246,
        1.254282287749577
      ],
      [
        1.0602988503302966,
        0.507436613522603,
        0.867757761453256,
        0.7812042504101807,
        0.7671469263057638,
        0.3091371182970767,
        0.7024280129118545,
        0.508987889692685,
        0.8675793339860113,
        0.7967172776693561,
        0.6787815556887459,
        0.7966733476919629,
        0.8614471032643958,
        0.0,
        0.664121896268164,
        0.7400177731067582,
        0.5093287217461249,
        0.4004178045848446,
        0.7723207542077412,
        0.3729701261480059,
        0.8613092246820133,
        0.9170140892998405,
        1.0407190085870899,
        1.005717534621742,
        0.9234733806415176,
        0.8360854937672888,
        0.7556305449508525,
        0.8811994492759476,
        0.7868198420026888,
        0.8635319616096047,
        1.0910523035574924,
        0.39432019293282117,
        0.9577191235094642,
        0.7483841475315076,
        0.9149355499387908,
        0.8845527282503067,
        0.7636456857053033,
        0.640013421619665,
        0.9811837539674669,
        0.8533458755704667,
        0.4595901487857023,
        0.4845712545751855,
        0.19923715200815895,
        0.8666939520816157,
        0.9508561588746556,
        0.9414408819322791,
        0.2499591264353987,
        0.2890276164875856,
        0.1938301465868504,
        0.7907635843093985
      ],
      [
        0.5290211953177126,
        0.32444161742509775,
        0.4221189527033722,
        0.3683035144842441,
        0.46541863228415964,
        0.46375442510027237,
        0.36342899150246605,
        0.5459043217863696,
        0.2818431126724399,
        0.1978680255633328,
        0.09429833263971595,
        0.2041911183933753,
        0.6090506639953359,
        0.664121896268164,
        0.0,
        0.5121166906011214,
        0.6342054420532086,
        0.26931820074007007,
        0.7111107158689265,
        0.29547484839576776,
        0.20860000355634234,
        0.29998058648615006,
        0.5610666307757526,
        0.7709482193887187,
        0.6710769413724578,
        0.4023960188631005,
        0.18062161719412387,
        0.2551178497255242,
        0.2187860284245782,
        0.20531764332052202,
        0.5101405409553745,
        0.29976083077961013,
        0.36575721212452156,
        0.15810431514019552,
        0.4119503380683065,
        0.3227808406737253,
        0.17916102919790824,
        0.6146459139718411,
        0.5200302520128193,
        0.2657438033056848,
        0.5145169610511796,
        0.19253145498300558,
        0.8633590482763229,
        0.44812827756997586,
        0.3497823403567846,
        0.6796176806583785,
        0.5077655997004599,
        0.527756290077511,
        0.8579520428550144,
        0.6509020919282859
      ],
      [
        0.68148761126641,
        0.43279121837220735,
        0.4865285191344584,
        0.3999750080913831,
        0.977535322885281,
        0.7442747362664799,
        0.22591880328773903,
        0.8971823123971878,
        0.47722477218174464,
        0.5287016313598231,
        0.5008460714927713,
        0.5080948683706221,
        0.6811744114616991,
        0.7400177731067582,
        0.5121166906011214,
        0.0,
        0.27692030918343097,
        0.5525031077717862,
        0.5437114890576347,
        0.5550491305004214,
        0.6511232932155641,
        0.640517227292944,
        0.6704702847592263,
        0.7810350025401323,
        0.7016614269566117,
        0.9145127094642219,
        0.6927383077952453,
        0.7672345403266456,
        0.7309027190256996,
        0.6576185025464942,
        0.6951546727198539,
        0.6122471446707864,
        0.574116348000241,
        0.43124347965000953,
        0.9240670286694279,
        0.8348975312748468,
        0.45226709592136594,
        0.9558822201623554,
        0.6121905679571337,
        0.49370039407710953,
        0.8566152450246324,
        0.5647013808142995,
        0.5538427158268162,
        0.5135105088317531,
        0.6156181870933539,
        0.7271657538558264,
        0.74665873696809,
        0.7946018865537506,
        0.5461876265199078,
        1.1309437872952097
      ],
      [
        0.6577879501233411,
        0.41715157485020277,
        0.5314483881198151,
        0.4448948770767398,
        1.0522499482153758,
        0.6910076915593008,
        0.2708386722730957,
        0.8355450562376758,
        0.49497649035072105,
        0.5669331253392592,
        0.5457037187557748,
        0.5452085908405516,
        0.4042541022782682,
        0.5093287217461249,
        0.6342054420532086,
        0.27692030918343097,
        0.0,
        0.5011828187590984,
        0.26679117987420375,
        0.4897116738070704,
        0.6931974156697132,
        0.6667049699550784,
        0.6059000309287801,
        0.5041146933567013,
        0.42474111777318074,
        1.0361456866328018,
        0.8116297869553757,
        0.8599350593196167,
        0.8482309356326163,
        0.7003378734536898,
        0.7085148187965257,
        0.5525975694795224,
        0.6033292357697507,
        0.47610112691301304,
        0.9759435225560915,
        0.9500214098801227,
        0.4945269734526323,
        0.9030226665276943,
        0.5656932600710138,
        0.5168218486123197,
        0.7923064109034843,
        0.5455792271924863,
        0.3152526267808668,
        0.5584303778171098,
        0.6337183710225051,
        0.4502454446723954,
        0.6701061659342318,
        0.7221400662055593,
        0.3160399518409778,
        1.078062271143373
      ],
      [
        0.7164309873363961,
        0.1242992930014179,
        0.5872062327192347,
        0.5006527216761594,
        0.5526063940782506,
        0.21635044031899284,
        0.3265965168725153,
        0.34492562689843104,
        0.55116131341251,
        0.4671862263034029,
        0.363616533379786,
        0.4735093191334454,
        0.8568876810420217,
        0.4004178045848446,
        0.26931820074007007,
        0.5525031077717862,
        0.5011828187590984,
        0.0,
        0.6668098893720786,
        0.02751295385284909,
        0.4779182042964124,
        0.5692987872262201,
        0.7711479983440026,
        0.9047565067332902,
        0.8247598272710557,
        0.6031442479512754,
        0.3607128954382218,
        0.4825395190604734,
        0.3948793743860648,
        0.4746358440605921,
        0.771278611264439,
        0.05979250229178963,
        0.6350754128645917,
        0.4274225158802656,
        0.5148293532857098,
        0.48560206310090165,
        0.4484792299379783,
        0.40337911239056917,
        0.7128682815419098,
        0.5350620040457549,
        0.3042501497536877,
        0.08446505792210451,
        0.5996549565930036,
        0.6141882224165294,
        0.6191005410968546,
        0.8456614942886695,
        0.24746820881844353,
        0.2784326542043711,
        0.594247951171695,
        0.5784406795234235
      ],
      [
        0.44238436768993467,
        0.5526932308954126,
        0.45506716329703667,
        0.5217379291701045,
        1.172729464518159,
        0.8411247841210248,
        0.34768172436646044,
        1.0106394296906673,
        0.5871972903823293,
        0.6173686991747509,
        0.6226089925714927,
        0.5949373372719037,
        0.19007779166994312,
        0.7723207542077412,
        0.7111107158689265,
        0.5437114890576347,
        0.26679117987420375,
        0.6668098893720786,
        0.0,
        0.6648643832606751,
        0.7227913513024651,
        0.5993503879881876,
        0.39172311351732286,
        0.23794661736121156,
        0.157949937898977,
        1.1064962581407995,
        0.8885350607710937,
        0.9368403331353345,
        0.9251362094483342,
        0.7345502718167319,
        0.49136848522943605,
        0.7254895715842793,
        0.4962499590220356,
        0.553006400728731,
        1.0936728214781168,
        1.0269266836958406,
        0.5740300170000874,
        1.0701890017626479,
        0.3489893046242294,
        0.6044691480622262,
        0.9670196336058078,
        0.6846033933375048,
        0.5799886079595916,
        0.4281013048160042,
        0.55959286416281,
        0.19661190172760165,
        0.8769907667361339,
        0.9052050612197872,
        0.5784906076208908,
        1.2452505688955022
      ],
      [
        0.7265981817095754,
        0.13446648737459718,
        0.590067602610568,
        0.5035140915674927,
        0.5625401142358164,
        0.20129601775223033,
        0.3294578867638487,
        0.34583338243060535,
        0.5773179610682077,
        0.4933428739591006,
        0.3897731810354837,
        0.4996659667891431,
        0.8549421749306182,
        0.3729701261480059,
        0.29547484839576776,
        0.5550491305004214,
        0.4897116738070704,
        0.02751295385284909,
        0.6648643832606751,
        0.0,
        0.4988565636192636,
        0.5954554348819179,
        0.774009368235336,
        0.9028110006218867,
        0.8228143211596521,
        0.6302691404064411,
        0.38783778789338746,
        0.5100051899752214,
        0.4217389385087065,
        0.5007924917162898,
        0.7814458056376183,
        0.06300760590111687,
        0.6612320605202893,
        0.4535791635359633,
        0.5423341412774508,
        0.5115826021023008,
        0.474635877593676,
        0.41331283254813495,
        0.7157296514332433,
        0.5612186517014526,
        0.30259473709641393,
        0.11196984591384564,
        0.5722072781561649,
        0.6170495923078627,
        0.6452571887525524,
        0.848522864180003,
        0.22722142657606395,
        0.2616033889645537,
        0.5668002727348563,
        0.5883603605696578
      ],
      [
        0.4042962301139452,
        0.5324631363152628,
        0.37469868647228666,
        0.36417384449644935,
        0.5989152705845271,
        0.6723508104961947,
        0.425204489927825,
        0.7539258406765346,
        0.2296400987808036,
        0.1298410727911574,
        0.18252766899326744,
        0.15227058951514458,
        0.53984441693176,
        0.8613092246820133,
        0.20860000355634234,
        0.6511232932155641,
        0.6931974156697132,
        0.4779182042964124,
        0.7227913513024651,
        0.4988565636192636,
        0.0,
        0.12344096331427744,
        0.4564485492974368,
        0.7198184039430139,
        0.6018706943088818,
        0.5155906343298544,
        0.27630842234828423,
        0.4071014840709444,
        0.29667155362635894,
        0.01175892051426686,
        0.3661736412425684,
        0.5079591744078821,
        0.26584816947590706,
        0.22446454375391342,
        0.5119147108917241,
        0.4012220950368988,
        0.19897611458682213,
        0.7395995179280419,
        0.4413284990715108,
        0.20368169030702443,
        0.7225384799413446,
        0.40055297387317057,
        0.9461409428984711,
        0.4009657770467694,
        0.20761148377040278,
        0.6275250322192868,
        0.7158574643437515,
        0.7363426746913545,
        0.97026696250586,
        0.7809207893667531
      ],
      [
        0.28085526679966777,
        0.6214708390896734,
        0.2901640015962937,
        0.30577202697698,
        0.7223562338988045,
        0.7637350115864224,
        0.414598424005205,
        0.8458849082725196,
        0.17213894500894658,
        0.12753229325992946,
        0.23823253361109467,
        0.1411529062583554,
        0.4474172895735067,
        0.9170140892998405,
        0.29998058648615006,
        0.640517227292944,
        0.6667049699550784,
        0.5692987872262201,
        0.5993503879881876,
        0.5954554348819179,
        0.12344096331427744,
        0.0,
        0.3330075859831593,
        0.612379323873191,
        0.5094435669506285,
        0.6390315976441319,
        0.3997493856625617,
        0.47220842834661036,
        0.4201125169406364,
        0.1351998838285443,
        0.24273267792829095,
        0.5997414172657602,
        0.1424072061616296,
        0.24599614896647037,
        0.6290409166893927,
        0.5246630583511762,
        0.2057267163491758,
        0.8606706693821524,
        0.31788753575723333,
        0.14994229948903331,
        0.8144975475373297,
        0.4925120414691556,
        0.8877391253790018,
        0.31395876625006314,
        0.08417052045612534,
        0.5284309138722612,
        0.80774618618661,
        0.827736876563661,
        0.9118651449863907,
        0.9043617526810306
      ],
      [
        0.062453630493029676,
        0.6514238965559556,
        0.18394176562476786,
        0.2704952766678432,
        1.021617394696141,
        0.9431871525836343,
        0.44455148147148726,
        1.044796704953215,
        0.2814175579733758,
        0.3689134773641354,
        0.469530010588023,
        0.35809639959076184,
        0.20164592865051187,
        1.0407190085870899,
        0.5610666307757526,
        0.6704702847592263,
        0.6059000309287801,
        0.7711479983440026,
        0.39172311351732286,
        0.774009368235336,
        0.4564485492974368,
        0.3330075859831593,
        0.0,
        0.3028876471790346,
        0.24600693549984676,
        0.9483101840148533,
        0.7064514809296027,
        0.7135896124508163,
        0.7338485416516756,
        0.46820746981170364,
        0.11718742776230925,
        0.8077567676348865,
        0.20342781073663804,
        0.4242911180720821,
        0.8704221007935986,
        0.8173133392268876,
        0.3885019500602549,
        1.0434459030932315,
        0.05958228724596275,
        0.2953697421823351,
        1.022321374996403,
        0.7003358689282291,
        0.8414818565789308,
        0.17402505650547406,
        0.24922014717235458,
        0.23847701529134013,
        0.9602075164913636,
        1.0032346225180586,
        0.8656078761863197,
        1.2071008543402673
      ],
      [
        0.36533335909336706,
        0.7906398482566241,
        0.34971162864097965,
        0.43626513968405495,
        1.2358216938009328,
        1.0790714014822362,
        0.585628341727672,
        1.2485860470518788,
        0.4998774441460754,
        0.6060106719561376,
        0.6767617682246703,
        0.5881634884287029,
        0.18830745951012628,
        1.005717534621742,
        0.7709482193887187,
        0.7810350025401323,
        0.5041146933567013,
        0.9047565067332902,
        0.23794661736121156,
        0.9028110006218867,
        0.7198184039430139,
        0.612379323873191,
        0.3028876471790346,
        0.0,
        0.23193921325001082,
        1.1723811411114902,
        0.938008952368527,
        0.9490442331217261,
        0.9709333047198981,
        0.7268595512286253,
        0.42005115118725966,
        0.9634361889454909,
        0.47040183101605715,
        0.6169807850842839,
        1.1058767214645084,
        1.0654458350501073,
        0.5920198927494671,
        1.2469638457824437,
        0.29673079401263086,
        0.5231202543222967,
        1.2049662509670194,
        0.9225500106987163,
        0.8148629097912269,
        0.32281994181874285,
        0.5297367523915678,
        0.09229337172372705,
        1.1149373840973453,
        1.1431516785809988,
        0.8118873880348915,
        1.4213051534450591
      ],
      [
        0.2903725030806475,
        0.7106431687943895,
        0.32219643702973677,
        0.40874994807281206,
        1.0435429150330888,
        0.9990747220200018,
        0.5056316622654374,
        1.1685893675896444,
        0.4347423739651613,
        0.48931718488192966,
        0.5847776149822994,
        0.46688582297908243,
        0.062026277377121845,
        0.9234733806415176,
        0.6710769413724578,
        0.7016614269566117,
        0.42474111777318074,
        0.8247598272710557,
        0.157949937898977,
        0.8228143211596521,
        0.6018706943088818,
        0.5094435669506285,
        0.24600693549984676,
        0.23193921325001082,
        0.0,
        0.9485463202418225,
        0.8204849367428197,
        0.8312289048151406,
        0.8514456492775572,
        0.6131032169558217,
        0.3367006477492779,
        0.8834395094832563,
        0.3681984447292143,
        0.5727858440733926,
        0.9880613931579229,
        0.9441852052949153,
        0.5314860181977403,
        1.17255520384001,
        0.19653438820706146,
        0.4520142316450583,
        1.1249695715047847,
        0.8372879698893279,
        0.7379385458585686,
        0.3110241900929127,
        0.43076529022251686,
        0.14391895639916208,
        1.034940704635111,
        1.063154999118764,
        0.7364405455198677,
        1.2272261933690018
      ],
      [
        0.9074970396415671,
        0.6517661586114378,
        0.8232270793327889,
        0.7703627909192767,
        0.09499659479126639,
        0.5366210657366565,
        0.7653692360820592,
        0.34915051109721984,
        0.6781217399840449,
        0.5800429219113237,
        0.49596102736862996,
        0.5931015142863489,
        0.9979610598883095,
        0.8360854937672888,
        0.4023960188631005,
        0.9145127094642219,
        1.0361456866328018,
        0.6031442479512754,
        1.1064962581407995,
        0.6302691404064411,
        0.5155906343298544,
        0.6390315976441319,
        0.9483101840148533,
        1.1723811411114902,
        0.9485463202418225,
        0.0,
        0.24243135251305362,
        0.30796268371377955,
        0.22011945827305654,
        0.5050320913851486,
        0.8777834753716106,
        0.5744568720527851,
        0.7456538261888503,
        0.5600445597197887,
        0.4574134699471677,
        0.18026133744290124,
        0.5804309935186852,
        0.2240088835981875,
        0.9135392858854523,
        0.658558477216877,
        0.37649534498158654,
        0.5198559961693456,
        0.9613160392622104,
        0.8495611992927474,
        0.711843115639279,
        1.08105060238115,
        0.5878314538293224,
        0.5483786880213015,
        0.9418976679225766,
        0.2786798731271794
      ],
      [
        0.6650772379859499,
        0.40933480609838424,
        0.5884462746474972,
        0.543305083133719,
        0.32272116861965916,
        0.5290702155836152,
        0.5408533364046333,
        0.5915818636102734,
        0.4403361653320104,
        0.3392469061508699,
        0.26710944039218115,
        0.35359911376373737,
        0.7584586593656979,
        0.7556305449508525,
        0.18062161719412387,
        0.6927383077952453,
        0.8116297869553757,
        0.3607128954382218,
        0.8885350607710937,
        0.38783778789338746,
        0.27630842234828423,
        0.3997493856625617,
        0.7064514809296027,
        0.938008952368527,
        0.8204849367428197,
        0.24243135251305362,
        0.0,
        0.13079306172266017,
        0.03928339238098742,
        0.26634356219181843,
        0.6356660169132223,
        0.3618351039661593,
        0.503485458798013,
        0.3355286600423627,
        0.23560628854343996,
        0.14371420939177748,
        0.34859473400537905,
        0.4664402361112411,
        0.6731471088097996,
        0.41944589288784107,
        0.5994101497244662,
        0.27742464365629205,
        0.925876038185236,
        0.6151890105497841,
        0.4696566385576953,
        0.8466784136381867,
        0.5523914527523481,
        0.5928939856159157,
        0.9064576668456021,
        0.5048199894199881
      ],
      [
        0.6772817291326934,
        0.5300377936764384,
        0.6022076971465148,
        0.574585974340426,
        0.4008033587826324,
        0.6564223892254838,
        0.589158608768874,
        0.6352635304322805,
        0.45181141037890793,
        0.34467613508668093,
        0.31553901967789993,
        0.3643430818360581,
        0.7692026274380187,
        0.8811994492759476,
        0.2551178497255242,
        0.7672345403266456,
        0.8599350593196167,
        0.4825395190604734,
        0.9368403331353345,
        0.5100051899752214,
        0.4071014840709444,
        0.47220842834661036,
        0.7135896124508163,
        0.9490442331217261,
        0.8312289048151406,
        0.30796268371377955,
        0.13079306172266017,
        0.0,
        0.1135437674628314,
        0.39713662391447857,
        0.6569502659085902,
        0.4891872776080278,
        0.5135808714415019,
        0.3838339324066036,
        0.1568324883427823,
        0.13716648127825617,
        0.38221989629699327,
        0.4946252267360198,
        0.678576560065993,
        0.42727116560366557,
        0.677768751879296,
        0.39812763123434625,
        1.0563208157399269,
        0.6291015251342789,
        0.49908091022135315,
        0.8594597942660106,
        0.6828362303070389,
        0.7202461592577842,
