{
  "sol": {
    "z": 3.134379895135914,
    "tours": [
      [
        0,
        5,
        3,
        19,
        8,
        12,
        2,
        6,
        14,
        7
      ],
      [
        18,
        4,
        16,
        15,
        13,
        11,
        17,
        1,
        10
      ],
      [
        9,
        49,
        5
      ]
    ]
  },
  "params": {
    "gm": [
      [
        0.0,
        0.9729946259229285,
        0.3958188373688692,
        0.10209574839006977,
        0.5840925614155583,
        0.25466578614400365,
        0.3311320525707694,
        0.5084151997609467,
        0.32512568692923877,
        0.4746700936224141,
        0.25807744454389037,
        0.789339052294102,
        0.5432765404782113,
        0.994280206460129,
        0.37617323923039975,
        0.8832601630297364,
        0.650146419098532,
        0.8797902170562252,
        0.6011118018620746,
        0.25140083713803296,
        0.8720970584837762,
        0.32650218488984983,
        0.5731581803741109,
        0.6660840059305455,
        0.9871242195277582,
        0.8624748272750482,
        0.2692493299740612,
        0.929740678960693,
        0.335041203334648,
        0.8002394442968452,
        0.8407880206786617,
        0.2553441374726378,
        0.9040775851820646,
        0.6841520192643769,
        0.1287146115378861,
        0.2593182844778641,
        0.5747902286649715,
        0.254082023201012,
        0.7127039292661022,
        0.48962381678889266,
        0.9093635498470533,
        0.4344715550155111,
        0.832602535683035,
        0.7677514787091018,
        0.9515355589403498,
        0.07597204515259137,
        0.352003833249841,
        0.6549355673890647,
        0.685730810655453,
        1.0883591982975809
      ],
      [
        0.9729946259229285,
        0.0,
        0.6163557221449687,
        1.0016161566401827,
        0.752579251028851,
        1.0275607841888423,
        0.7409480115009641,
        0.7318441029974786,
        0.6912282090491064,
        1.1246288505538495,
        0.9825022682012481,
        0.32496273173958523,
        0.5115215325566917,
        0.6547344273176359,
        0.7143676117457153,
        0.622588807584823,
        0.6002265795510097,
        0.17164961047971264,
        0.88476411640026,
        0.7615538567546851,
        0.267611715409333,
        0.9764873648888903,
        0.5299071328257958,
        0.4643718564874164,
        0.08792041406258642,
        0.38722662559685456,
        0.7394733293395184,
        0.7022348794160449,
        0.7167794879693357,
        0.20848321501673436,
        0.38737247856168827,
        0.9090728280584391,
        0.15417720043023347,
        0.4725631749843411,
        0.8870519538053608,
        0.766885885896997,
        0.5089382446180535,
        1.153583840096171,
        0.48833146874173583,
        1.1298893811970092,
        0.5698177707045602,
        0.7229731029870706,
        0.17719018377918563,
        0.24442308080473604,
        0.6801417995166135,
        0.9599948238440337,
        0.6812759782189348,
        0.41559737863096646,
        0.5063737004115546,
        0.3045073320711664
      ],
      [
        0.3958188373688692,
        0.6163557221449687,
        0.0,
        0.38585766076914607,
        0.5075478538766863,
        0.4112050620438736,
        0.12459228935599546,
        0.4327734435786925,
        0.0756930775501465,
        0.5082731284088807,
        0.3671187613681924,
        0.49902016923930365,
        0.14854933299489836,
        0.7081947231556179,
        0.2579780204266433,
        0.7485626683780098,
        0.5143427627948731,
        0.5028541108690444,
        0.5293309058981949,
        0.14519813460971645,
        0.4828044876069911,
        0.4373530529478378,
        0.45797638609397207,
        0.5302669497399266,
        0.5913053821588891,
        0.6404824376369811,
        0.12945165469794204,
        0.805784616659222,
        0.25145789014762626,
        0.42345560241866953,
        0.47054017173682366,
        0.2927171059134705,
        0.5271734757787215,
        0.31384768296941556,
        0.27069623166039214,
        0.1515023790639413,
        0.18257847095483007,
        0.5372281179512025,
        0.3578050501070303,
        0.7096583625565706,
        0.7931113797686936,
        0.36269065905163134,
        0.4504270439529792,
        0.37193264134023263,
        0.8187356489071255,
        0.37465171209370396,
        0.06761232369115168,
        0.34671333625265166,
        0.5678681232468081,
        0.6991175913628227
      ],
      [
        0.10209574839006977,
        1.0016161566401827,
        0.38585766076914607,
        0.0,
        0.6477551194098267,
        0.34806687263156055,
        0.35307530265745113,
        0.5752938392749236,
        0.31038794759107613,
        0.5762898316991282,
        0.16235215614827025,
        0.8151271400348672,
        0.5262630373472169,
        1.060543549055019,
        0.43070131364304104,
        0.9435110938853009,
        0.7092987056448791,
        0.8844529415627006,
        0.6707600870458856,
        0.24431671801245927,
        0.8492054738067698,
        0.23241869087232658,
        0.6181516451710397,
        0.7133741201731328,
        0.976565816654103,
        0.907468292071977,
        0.27391205448053674,
        0.995803766781336,
        0.3908984492131815,
        0.8049021688033207,
        0.7982883838054291,
        0.18953838303352608,
        0.90874030968854,
        0.6603373618066369,
        0.1273543444501714,
        0.2355036270201242,
        0.5549253404743454,
        0.35570176127772607,
        0.6888892718083622,
        0.5917194528849894,
        0.9790118350308643,
        0.5041198401993221,
        0.83599061269043,
        0.7571930758354466,
        1.0150401156851878,
        0.17020759477326505,
        0.33040302494353674,
        0.6333347590827604,
        0.73366850893939,
        1.0652842582255724
      ],
      [
        0.5840925614155583,
        0.752579251028851,
        0.5075478538766863,
        0.6477551194098267,
        0.0,
        0.335301923708413,
        0.38988027025102434,
        0.07573874709755382,
        0.510927450818854,
        0.6114355880205553,
        0.7329654046984174,
        0.4283834690376668,
        0.601261624234858,
        0.4610744706896488,
        0.24956983345004305,
        0.3440420155199307,
        0.1629220143699939,
        0.5867870481588767,
        0.17966296796426134,
        0.5002833238880575,
        0.92485530328332,
        0.7730439527051811,
        0.23403618828234302,
        0.2885931835157571,
        0.7437762604595703,
        0.5233528351832804,
        0.4645977716169302,
        0.3702649880774353,
        0.2773416088700892,
        0.5470851050403264,
        0.9187063346360709,
        0.6450841454209152,
        0.6103400949291435,
        0.7609393912232387,
        0.5396855781620569,
        0.5408025389674512,
        0.6246261309649286,
        0.4868003824614522,
        0.8246889801758155,
        0.4100503538728654,
        0.38108102690429485,
        0.1496210064000472,
        0.5765773585869455,
        0.5249509554354708,
        0.39808112179376043,
        0.5122005494340347,
        0.5364895028727978,
        0.4030976209771047,
        0.2547553445901747,
        1.0067957057582837
      ],
      [
        0.25466578614400365,
        1.0275607841888423,
        0.4112050620438736,
        0.34806687263156055,
        0.335301923708413,
        0.0,
        0.29181239548576116,
        0.41104067080596685,
        0.37371334547302026,
        0.37208652917444135,
        0.4753353175113189,
        0.7636853927460798,
        0.5462972689227115,
        0.7963763943980618,
        0.43397900881972384,
        0.6793439392283437,
        0.4982239380784069,
        0.9118625801905091,
        0.5149648916726743,
        0.3173000506139853,
        0.8839208767302831,
        0.5333948381897207,
        0.569338111990756,
        0.6238951072241701,
        1.0025104442027628,
        0.8586547588916933,
        0.3013216931083452,
        0.7055669117858483,
        0.4203138098448584,
        0.8323118074311292,
        0.879453110154063,
        0.42154851883379857,
        0.9361499483163486,
        0.7242201595708726,
        0.2774188329318584,
        0.3528411798807595,
        0.5836917044118916,
        0.15149845875303922,
        0.7688131574407538,
        0.3905625650424994,
        0.7163829506127078,
        0.4849229301084602,
        0.8616321059968528,
        0.7831377033841063,
        0.7333830455021735,
        0.1793804908411305,
        0.4079183637292815,
        0.7108500978685051,
        0.5900572682985876,
        1.1002339804861148
      ],
      [
        0.3311320525707694,
        0.7409480115009641,
        0.12459228935599546,
        0.35307530265745113,
        0.38988027025102434,
        0.29181239548576116,
        0.0,
        0.31613969288897825,
        0.12106395115945202,
        0.3836808390528853,
        0.374912284328998,
        0.5583458509212824,
        0.25472294206782486,
        0.7410028341917324,
        0.14216661333396266,
        0.6239703790220144,
        0.3897504734388777,
        0.6274464002250398,
        0.41349299133040573,
        0.12667716353893232,
        0.5922182001122338,
        0.44514657590864337,
        0.34216497900129145,
        0.43708367080360966,
        0.7158976715148846,
        0.6314816259022288,
        0.08843222382243543,
        0.6811923273032265,
        0.12850141435909723,
        0.548047891774665,
        0.5877850317315209,
        0.27242924091638054,
        0.651765765134717,
        0.43331585965393055,
        0.22585916531576372,
        0.16198969244193584,
        0.2919890277938424,
        0.4266305336060678,
        0.4805972975697018,
        0.5850660732005751,
        0.6836218157238432,
        0.24685274448384226,
        0.5750193333089747,
        0.4965249306962281,
        0.69414335955113,
        0.29005479168959286,
        0.14824212726213265,
        0.4511738614013563,
        0.45205671615412746,
        0.8085313038680655
      ],
      [
        0.5084151997609467,
        0.7318441029974786,
        0.4327734435786925,
        0.5752938392749236,
        0.07573874709755382,
        0.41104067080596685,
        0.31613969288897825,
        0.0,
        0.4371637859681835,
        0.6043661082292558,
        0.657475891817421,
        0.4133936485506566,
        0.5694064494646786,
        0.5106775960922753,
        0.1747954231520492,
        0.39364514092255715,
        0.17936258599590724,
        0.5720817490983346,
        0.1583425228377027,
        0.4247395944299542,
        0.8930001285131406,
        0.6973665910505696,
        0.20218101351216353,
        0.2769699290583277,
        0.7145903384776039,
        0.49149766041310083,
        0.389272751995824,
        0.4304114860276632,
        0.20161968355352752,
        0.5236706612594798,
        0.8868511598658914,
        0.5693570825315519,
        0.5970182341021145,
        0.7290842164530592,
        0.4651234602877501,
        0.46533590694761556,
        0.5927709561947491,
        0.5625391295590061,
        0.7673649309943075,
        0.402980874081566,
        0.45329657762438597,
        0.07394364474543567,
        0.554655090999677,
        0.4954290610476446,
        0.45509532304976885,
        0.4365231877794232,
        0.46359082099399973,
        0.37124244620692526,
        0.25738080242736866,
        0.9772738113704575
      ],
      [
        0.32512568692923877,
        0.6912282090491064,
        0.0756930775501465,
        0.31038794759107613,
        0.510927450818854,
        0.37371334547302026,
        0.12106395115945202,
        0.4371637859681835,
        0.0,
        0.4869615294637666,
        0.29148164051291636,
        0.5189473367223268,
        0.21869439439756458,
        0.7783397845582841,
        0.2628345015861683,
        0.7450343301814664,
        0.5108144245983297,
        0.5775062411894644,
        0.529899347593274,
        0.0741513329381024,
        0.54788259858132,
        0.3617159320925618,
        0.46283286725349704,
        0.5207121554530785,
        0.6661778690630269,
        0.6616061492550087,
        0.07294761982782696,
        0.8022562784626786,
        0.24463794446068926,
        0.49825041593425967,
        0.5248020228393215,
        0.22167030424185646,
        0.6020539090465006,
        0.3670486776042492,
        0.19792724095597375,
        0.0758652582086653,
        0.24966457456326063,
        0.487019099736988,
        0.402848035068672,
        0.6883467636114564,
        0.8046857668832952,
        0.3673059204132679,
        0.5256026650993538,
        0.4468051282443704,
        0.8152073107105821,
        0.3112171883215921,
        0.034223221630996316,
        0.33715495577022,
        0.572724604406333,
        0.7641864194757861
      ],
      [
        0.4746700936224141,
        1.1246288505538495,
        0.5082731284088807,
        0.5762898316991282,
        0.6114355880205553,
        0.37208652917444135,
        0.3836808390528853,
        0.6043661082292558,
        0.4869615294637666,
        0.0,
        0.731027389969809,
        0.9420266899741677,
        0.6384037811207102,
        1.0538447994453115,
        0.5258474523868479,
        0.9368123442755935,
        0.7722472076029816,
        1.0111272392779251,
        0.446510498944439,
        0.5103580025918176,
        0.9758990391651192,
        0.797763579803336,
        0.7258458180541767,
        0.8207645098564949,
        1.09957851056777,
        1.015162464955114,
        0.47211306287532073,
        0.9382132230479578,
        0.5121822534119825,
        0.9317287308275503,
        0.9714658707844062,
        0.6561100799692658,
        1.0354466041876023,
        0.8169966987068158,
        0.5590632239700376,
        0.5456705314948211,
        0.6756698668467277,
        0.22058807042140213,
        0.8642781366225871,
        0.20138523414768983,
        0.9825237395929234,
        0.6131507457910025,
        0.95870017236186,
        0.8802057697491135,
        0.9727416876188514,
        0.4236706231948858,
        0.5211847510947629,
        0.8241164852339866,
        0.8357375552070128,
        1.1922121429209507
      ],
      [
        0.25807744454389037,
        0.9825022682012481,
        0.3671187613681924,
        0.16235215614827025,
        0.7329654046984174,
        0.4753353175113189,
        0.374912284328998,
        0.657475891817421,
        0.29148164051291636,
        0.731027389969809,
        0.0,
        0.768043404936151,
        0.5063757926313438,
        0.9156740376319473,
        0.49166284429835155,
        0.9964962817145357,
        0.7622763761313992,
        0.8686495721920778,
        0.7039894350305218,
        0.2482414203753503,
        0.7791099410592027,
        0.0702342915796454,
        0.6916612099656804,
        0.7865799017679985,
        0.9574519282151684,
        0.9211999755467359,
        0.2865885227760704,
        1.0540009931002625,
        0.45762343542309536,
        0.7894788431053533,
        0.7084777085533867,
        0.10881315106441675,
        0.877055223165425,
        0.6366160971280801,
        0.2008495561541446,
        0.2156163823042511,
        0.5350380957584723,
        0.5104393195484068,
        0.5718379575103497,
        0.7410925850221096,
        1.0005906942450231,
        0.5835658557410932,
        0.8169879576052134,
        0.738079187396512,
        1.068266081260751,
        0.3119533281587336,
        0.31051578022766363,
        0.6134475143668873,
        0.8015529471185163,
        0.9831555813037132
      ],
      [
        0.789339052294102,
        0.32496273173958523,
        0.49902016923930365,
        0.8151271400348672,
        0.4283834690376668,
        0.7636853927460798,
        0.5583458509212824,
        0.4133936485506566,
        0.5189473367223268,
        0.9420266899741677,
        0.768043404936151,
        0.0,
        0.3504708362444053,
        0.42339382676259074,
        0.4161792375873198,
        0.3981286068513439,
        0.2756754202884433,
        0.15900741157473067,
        0.5700551377063963,
        0.5888577772341652,
        0.5117413115476604,
        0.8382776965157964,
        0.21618087191999102,
        0.13979104530192446,
        0.3274747642156693,
        0.153156570610585,
        0.5918262894398227,
        0.4697779474771192,
        0.45674533844007126,
        0.12714183778727578,
        0.6301447850467415,
        0.7363767485379193,
        0.18363853226100474,
        0.5104106165365303,
        0.70834225462216,
        0.579623513014743,
        0.3604808260386531,
        0.9151838514991191,
        0.5689960662585107,
        0.8151334087354308,
        0.33847717014951506,
        0.41609300394022786,
        0.15226663881499733,
        0.1291466472926013,
        0.4510103628051001,
        0.7279474210313387,
        0.4847241150913305,
        0.18179238095210687,
        0.18274042691585568,
        0.5969953695532715
      ],
      [
        0.5432765404782113,
        0.5115215325566917,
        0.14854933299489836,
        0.5262630373472169,
        0.601261624234858,
        0.5462972689227115,
        0.25472294206782486,
        0.5694064494646786,
        0.21869439439756458,
        0.6384037811207102,
        0.5063757926313438,
        0.3504708362444053,
        0.0,
        0.5596453901607196,
        0.3968895554017875,
        0.6766778453304377,
        0.4937052208745032,
        0.3949528004528279,
        0.6682159333982307,
        0.291894185968621,
        0.3379080353964093,
        0.5766100842109891,
        0.367225435952515,
        0.3817176167450283,
        0.4864711925706122,
        0.5032060695430709,
        0.2779665155041548,
        0.7606560841953544,
        0.3832243564269221,
        0.3168825418619533,
        0.33519655808013016,
        0.43941315727237507,
        0.41629397888246295,
        0.1864369058207041,
        0.41661213632952443,
        0.2907594103270927,
        0.037678863078017835,
        0.67985728673145,
        0.2431912903291688,
        0.8397890152684,
        0.6445620467737952,
        0.5015756865516672,
        0.33819312145009245,
        0.26709845175195573,
        0.7503856866297619,
        0.5230808728992248,
        0.1961359419116049,
        0.19816400325775327,
        0.43680168245318024,
        0.5542211391522409
      ],
      [
        0.994280206460129,
        0.6547344273176359,
        0.7081947231556179,
        1.060543549055019,
        0.4610744706896488,
        0.7963763943980618,
        0.7410028341917324,
        0.5106775960922753,
        0.7783397845582841,
        1.0538447994453115,
        0.9156740376319473,
        0.42339382676259074,
        0.5596453901607196,
        0.0,
        0.6298704008750846,
        0.11703245516971812,
        0.3512523607528547,
        0.49292385677214473,
        0.639614184457284,
        0.8515395761293405,
        0.8669333137289912,
        0.9859083292115928,
        0.4840388790800089,
        0.49083211473703936,
        0.6911407176486365,
        0.2702372561520058,
        0.8279762247834133,
        0.20101069403463478,
        0.6697419917715215,
        0.5142309720692296,
        0.8948419482408497,
        0.9990585474330945,
        0.5033106516965098,
        0.7460822959814237,
        0.9388141777081314,
        0.8504048004878122,
        0.5973242532387374,
        0.9478748531511011,
        0.8028366804898883,
        0.8524595652976218,
        0.0849166566130757,
        0.5598086514446179,
        0.5224934831241994,
        0.5387870524487541,
        0.19074029646904236,
        0.9223881944786054,
        0.7557813320723245,
        0.5946884496367946,
        0.4457603757014196,
        0.9559923446156103
      ],
      [
        0.37617323923039975,
        0.7143676117457153,
        0.2579780204266433,
        0.43070131364304104,
        0.24956983345004305,
        0.43397900881972384,
        0.14216661333396266,
        0.1747954231520492,
        0.2628345015861683,
        0.5258474523868479,
        0.49166284429835155,
        0.4161792375873198,
        0.3968895554017875,
        0.6298704008750846,
        0.0,
        0.5128379457053664,
        0.27866045245784626,
        0.5427180012660027,
        0.2713528854715515,
        0.2518395646666694,
        0.7343848134461965,
        0.561897135877997,
        0.1999983656673288,
        0.29491705746964697,
        0.7132528078657887,
        0.48931501256826615,
        0.21541230777233342,
        0.5673054281860203,
        0.041152142971317786,
        0.5215785874960472,
        0.7285181921634669,
        0.39828562086602814,
        0.5693820596064941,
        0.5718257033960589,
        0.3097987544252467,
        0.2919281474500645,
        0.434155641127805,
        0.5153987146641769,
        0.6157830705336735,
        0.5164781502683007,
        0.5724893824071953,
        0.104712638624988,
        0.5527370566718751,
        0.493887111420389,
        0.5850662767846891,
        0.31231616189069317,
        0.2903341947805698,
        0.36905979836209046,
        0.30989010282016477,
        0.9506979172020281
      ],
      [
        0.8832601630297364,
        0.622588807584823,
        0.7485626683780098,
        0.9435110938853009,
        0.3440420155199307,
        0.6793439392283437,
        0.6239703790220144,
        0.39364514092255715,
        0.7450343301814664,
        0.9368123442755935,
        0.9964962817145357,
        0.3981286068513439,
        0.6766778453304377,
        0.11703245516971812,
        0.5128379457053664,
        0.0,
        0.2342199055831366,
        0.46765863686089787,
        0.5225817292875659,
        0.7493285780059549,
        0.8416680938177443,
        1.0667305732941812,
        0.3670064239102908,
        0.3737996595673212,
        0.6658754977373896,
        0.24497203624075892,
        0.7109437696136952,
        0.0840155553612981,
        0.5527095366018033,
        0.48896575215798277,
        0.9617613128095321,
        0.8962473477458599,
        0.4780454317852629,
        0.8631147511511419,
        0.8217817225384132,
        0.7859369557958518,
        0.7143567084084556,
        0.8308423979813829,
        0.9198691356596065,
        0.7354271101279036,
        0.05965143670182884,
        0.45169532734537543,
        0.49722826321295255,
        0.5135218325375073,
        0.0795977946769553,
        0.8132659946848336,
        0.772212506284147,
        0.5297611231998864,
        0.32872792053170147,
        0.9270961396559895
      ],
      [
        0.650146419098532,
        0.6002265795510097,
        0.5143427627948731,
        0.7092987056448791,
        0.1629220143699939,
        0.4982239380784069,
        0.3897504734388777,
        0.17936258599590724,
        0.5108144245983297,
        0.7722472076029816,
        0.7622763761313992,
        0.2756754202884433,
        0.4937052208745032,
        0.3512523607528547,
        0.27866045245784626,
        0.2342199055831366,
        0.0,
        0.4310819772788715,
        0.33195912066904665,
        0.5151086724228182,
        0.7845460802090692,
        0.8325106677110446,
        0.1327865183271542,
        0.13957975398418462,
        0.600279532877078,
        0.42210316522809155,
        0.4767238640305586,
        0.2917530707851819,
        0.3184949273012564,
        0.4000825480293913,
        0.8111374657763737,
        0.6620274421627234,
        0.45342701029125587,
        0.6533705223635415,
        0.5879622675075764,
        0.5517170502127151,
        0.5170697276045737,
        0.6497223968314462,
        0.7171069000576153,
        0.5708619734552918,
        0.2938713422849654,
        0.22381741184193937,
        0.4274096291403888,
        0.38614333247501226,
        0.3070512369833889,
        0.5813378634340424,
        0.5379926007010103,
        0.2955412176167499,
        0.09450801494856485,
        0.8673550179922558
      ],
      [
        0.8797902170562252,
        0.17164961047971264,
        0.5028541108690444,
        0.8844529415627006,
        0.5867870481588767,
        0.9118625801905091,
        0.6274464002250398,
        0.5720817490983346,
        0.5775062411894644,
        1.0111272392779251,
        0.8686495721920778,
        0.15900741157473067,
        0.3949528004528279,
        0.49292385677214473,
        0.5427180012660027,
        0.46765863686089787,
        0.4310819772788715,
        0.0,
        0.7281380518799335,
        0.6480522454787608,
        0.3826723085635135,
        0.9388838637717233,
        0.37289791058998883,
        0.29839023714733254,
        0.1984057612315223,
        0.22277242912317233,
        0.6105408870821639,
        0.5393288767168027,
        0.5838701442373204,
        0.07955077275937998,
        0.5010757820625945,
        0.7949061304414997,
        0.026664058340491466,
        0.48082277715914606,
        0.7602613659761963,
        0.6530331898878268,
        0.3893787783882814,
        1.025285642535236,
        0.5456009167768764,
        0.9730341740143489,
        0.40800720015906905,
        0.5714267499978694,
        0.05789609091655181,
        0.1311135315263372,
        0.5202702981557662,
        0.8407007309813999,
        0.5679533781754221,
        0.2920977961047707,
        0.33672958530277897,
        0.46426493752211956
      ],
      [
        0.6011118018620746,
        0.88476411640026,
        0.5293309058981949,
        0.6707600870458856,
        0.17966296796426134,
        0.5149648916726743,
        0.41349299133040573,
        0.1583425228377027,
        0.529899347593274,
        0.446510498944439,
        0.7039894350305218,
        0.5700551377063963,
        0.6682159333982307,
        0.639614184457284,
        0.2713528854715515,
        0.5225817292875659,
        0.33195912066904665,
        0.7281380518799335,
        0.0,
        0.45574801465517156,
        1.0057111914426395,
        0.7054349504887516,
        0.35567047713567107,
        0.43497965537274597,
        0.8622022146368178,
        0.6449871240366084,
        0.4833066096469729,
        0.5420270103041104,
        0.2947080849224463,
        0.6762842439923376,
        0.9970478180008647,
        0.6032669859589256,
        0.753424867687706,
        0.8431785888676104,
        0.5585955105698396,
        0.4967866924052975,
        0.7054820191242481,
        0.4841893710862094,
        0.8600615330954353,
        0.24512526479674918,
        0.5607392978834023,
        0.1666402468465635,
        0.7078279597175036,
        0.6445915838635563,
        0.5723320701488501,
        0.5292197898805511,
        0.5598816767980064,
        0.5247319098304328,
        0.41500230037360264,
        1.1264363341863692
      ],
      [
        0.25140083713803296,
        0.7615538567546851,
        0.14519813460971645,
        0.24431671801245927,
        0.5002833238880575,
        0.3173000506139853,
        0.12667716353893232,
        0.4247395944299542,
        0.0741513329381024,
        0.5103580025918176,
        0.2482414203753503,
        0.5888577772341652,
        0.291894185968621,
        0.8515395761293405,
        0.2518395646666694,
        0.7493285780059549,
        0.5151086724228182,
        0.6480522454787608,
        0.45574801465517156,
        0.0,
        0.6220339300506837,
        0.3184757119549957,
        0.4518379303339982,
        0.5467566221363164,
        0.7365035167686055,
        0.7315165897668472,
        0.038425820845804454,
        0.8068230424766684,
        0.22366205055914481,
        0.568653737028386,
        0.5973789955442669,
        0.14751897130375405,
        0.672371610388438,
        0.4397678188341703,
        0.1255128520465739,
        0.04103867775012595,
        0.32356542500967683,
        0.41981396498486606,
        0.4730511887025733,
        0.6588780712743263,
        0.8089800147077837,
        0.35161194943527957,
        0.5956251785626957,
        0.517130775949949,
        0.8203996177982394,
        0.2380304141838147,
        0.10413366214283477,
        0.4070653962820584,
        0.5617296674868342,
        0.8383374711230778
      ],
      [
        0.8720970584837762,
        0.267611715409333,
        0.4828044876069911,
        0.8492054738067698,
        0.92485530328332,
        0.8839208767302831,
        0.5922182001122338,
        0.8930001285131406,
        0.54788259858132,
        0.9758990391651192,
        0.7791099410592027,
        0.5117413115476604,
        0.3379080353964093,
        0.8669333137289912,
        0.7343848134461965,
        0.8416680938177443,
        0.7845460802090692,
        0.3826723085635135,
        1.0057111914426395,
        0.6220339300506837,
        0.0,
        0.7088756494795573,
        0.690819115000977,
        0.6452569283020834,
        0.1842665473319912,
        0.5978094095486062,
        0.611996452828334,
        0.9140618765635903,
        0.720719614471331,
        0.3849136632089257,
        0.12009321899178788,
        0.7288432197636909,
        0.3636226620324814,
        0.20495145957500807,
        0.7436565909863643,
        0.6137018467866456,
        0.30022917231839147,
        1.0167026406889799,
        0.22071975333240282,
        1.177284273312809,
        0.7820166571159155,
        0.839070944596076,
        0.36066701054922723,
        0.40363928815064765,
        0.8935339476026132,
        0.857132816656811,
        0.520096449976642,
        0.5217576823062153,
        0.6936458453239461,
        0.21631310375583168
      ],
      [
        0.32650218488984983,
        0.9764873648888903,
        0.4373530529478378,
        0.23241869087232658,
        0.7730439527051811,
        0.5333948381897207,
        0.44514657590864337,
        0.6973665910505696,
        0.3617159320925618,
        0.797763579803336,
        0.0702342915796454,
        0.8382776965157964,
        0.5766100842109891,
        0.9859083292115928,
        0.561897135877997,
        1.0667305732941812,
        0.8325106677110446,
        0.9388838637717233,
        0.7054349504887516,
        0.3184757119549957,
        0.7088756494795573,
        0.0,
        0.7482831669241351,
        0.8435056419262281,
        0.8931421968115485,
        0.9914342671263814,
        0.3568228143557158,
        1.1187037895406808,
        0.5276200573881563,
        0.8597131346849988,
        0.6382434169737412,
        0.17904744264406214,
        0.9472895147450704,
        0.5663818055484346,
        0.2560472780955321,
        0.2858506738838965,
        0.6052723873381176,
        0.5771755093819338,
        0.5016036659307043,
        0.8051941136185115,
        1.0708249858246686,
        0.623422946305134,
        0.8872222491848588,
        0.8083134789761575,
        1.1385003728403964,
        0.37655208306186644,
        0.380750071807309,
        0.6836818059465326,
        0.8641689639278527,
        0.9129212897240677
      ],
      [
        0.5731581803741109,
        0.5299071328257958,
        0.45797638609397207,
        0.6181516451710397,
        0.23403618828234302,
        0.569338111990756,
        0.34216497900129145,
        0.20218101351216353,
        0.46283286725349704,
        0.7258458180541767,
        0.6916612099656804,
        0.21618087191999102,
        0.367225435952515,
        0.4840388790800089,
        0.1999983656673288,
        0.3670064239102908,
        0.1327865183271542,
        0.37289791058998883,
        0.35567047713567107,
        0.4518379303339982,
        0.690819115000977,
        0.7482831669241351,
        0.0,
        0.09522247500209313,
        0.51325444219846,
        0.28931664690093734,
        0.4154106734396622,
        0.42453958911233614,
        0.24056446652008026,
        0.3215802218287185,
        0.6846701463537278,
        0.5982839865333569,
        0.3984855642410356,
        0.5269032029408957,
        0.492235888828603,
        0.4919265131173933,
        0.3905899426825855,
        0.7148491018848313,
        0.5906527918934724,
        0.6002692954282889,
        0.42665786061211963,
        0.20010463353741234,
        0.3527386910045463,
        0.2938887457530602,
        0.4398377553105431,
        0.5117665491113477,
        0.47199316683398534,
        0.1690614326947617,
        0.11624547325924632,
        0.7757334960758732
      ],
      [
        0.6660840059305455,
        0.4643718564874164,
        0.5302669497399266,
        0.7133741201731328,
        0.2885931835157571,
        0.6238951072241701,
        0.43708367080360966,
        0.2769699290583277,
        0.5207121554530785,
        0.8207645098564949,
        0.7865799017679985,
        0.13979104530192446,
        0.3817176167450283,
        0.49083211473703936,
        0.29491705746964697,
        0.3737996595673212,
        0.13957975398418462,
        0.29839023714733254,
        0.43497965537274597,
        0.5467566221363164,
        0.6452569283020834,
        0.8435056419262281,
        0.09522247500209313,
        0.0,
        0.46099038097009215,
        0.29294761591250945,
        0.5103293652419804,
        0.4313328247693665,
        0.33522303350721167,
        0.26125679145996233,
        0.6907998416927336,
        0.6932026783356751,
        0.32235575630585794,
        0.5330328982799014,
        0.587458363830696,
        0.5813883317454946,
        0.40395880794616795,
        0.7753935659772093,
        0.5976762558633949,
        0.6799174953966233,
        0.43345109626915,
        0.28932423607796115,
        0.28946543469403024,
        0.24676047696960549,
        0.4466309909675735,
        0.6060273516755207,
        0.48648893382208214,
        0.1835571996828585,
        0.05744271108054861,
        0.7277752677896729
      ],
      [
        0.9871242195277582,
        0.08792041406258642,
        0.5913053821588891,
        0.976565816654103,
        0.7437762604595703,
        1.0025104442027628,
        0.7158976715148846,
        0.7145903384776039,
        0.6661778690630269,
        1.09957851056777,
        0.9574519282151684,
        0.3274747642156693,
        0.4864711925706122,
        0.6911407176486365,
        0.7132528078657887,
        0.6658754977373896,
        0.600279532877078,
        0.1984057612315223,
        0.8622022146368178,
        0.7365035167686055,
        0.1842665473319912,
        0.8931421968115485,
        0.51325444219846,
        0.46099038097009215,
        0.0,
        0.42090690911954215,
        0.7207570368568311,
        0.7375282859860763,
        0.7089433888295358,
        0.20064711587693457,
        0.30267002083107225,
        0.8840224880723595,
        0.19177439574033917,
        0.38921800690699926,
        0.8620016138192812,
        0.7418355459109174,
        0.48449571965038263,
        1.1285335001100916,
        0.404986300664394,
        1.107327479433567,
        0.6062240610355608,
        0.6970659591806131,
        0.17640046321723607,
        0.21937274081865646,
        0.7186150546966584,
        0.9592051032820841,
        0.6562256382328553,
        0.37807853239998906,
        0.5093792979919549,
        0.2701503122374184
      ],
      [
        0.8624748272750482,
        0.38722662559685456,
        0.6404824376369811,
        0.907468292071977,
        0.5233528351832804,
        0.8586547588916933,
        0.6314816259022288,
        0.49149766041310083,
        0.6616061492550087,
        1.015162464955114,
        0.9211999755467359,
        0.153156570610585,
        0.5032060695430709,
        0.2702372561520058,
        0.48931501256826615,
        0.24497203624075892,
        0.42210316522809155,
        0.22277242912317233,
        0.6449871240366084,
        0.7315165897668472,
        0.5978094095486062,
        0.9914342671263814,
        0.28931664690093734,
        0.29294761591250945,
        0.42090690911954215,
        0.0,
        0.7047273203405995,
        0.3166213768665342,
        0.5298811134210176,
        0.24399371591722385,
        0.717902628540394,
        0.8790355610706012,
        0.23418674751612478,
        0.6635576627401281,
        0.7815525357295403,
        0.7222823255474249,
        0.5136278722422508,
        1.0041657487857687,
        0.7221431124621085,
        0.8895859423292263,
        0.18532059953893007,
        0.48942128043834965,
        0.2537132656149074,
        0.2685497962967484,
        0.2978537921945151,
        0.8010831960122851,
        0.6273829276240124,
        0.3244511934847888,
        0.33589699752644064,
        0.6864771960029784
      ],
      [
        0.2692493299740612,
        0.7394733293395184,
        0.12945165469794204,
        0.27391205448053674,
        0.4645977716169302,
        0.3013216931083452,
        0.08843222382243543,
        0.389272751995824,
        0.07294761982782696,
        0.47211306287532073,
        0.2865885227760704,
        0.5918262894398227,
        0.2779665155041548,
        0.8279762247834133,
        0.21541230777233342,
        0.7109437696136952,
        0.4767238640305586,
        0.6105408870821639,
        0.4833066096469729,
        0.038425820845804454,
        0.611996452828334,
        0.3568228143557158,
        0.4154106734396622,
        0.5103293652419804,
        0.7207570368568311,
        0.7047273203405995,
        0.0,
        0.7684249537113554,
        0.18932177217625204,
        0.530990114322784,
        0.5947303329152269,
        0.18561668739889842,
        0.6348282552080033,
        0.43703707315327567,
        0.14972047889403242,
        0.07668230560370981,
        0.31186164573793373,
        0.4147447554530719,
        0.47488241957312083,
        0.6538088617425322,
        0.770595206315524,
        0.31666636280040944,
        0.5633532057089737,
        0.5013842960381747,
        0.7819745370768051,
        0.24522526112988563,
        0.1071021743484923,
        0.4100339084877159,
        0.5253024105924982,
        0.8283095565841657
      ],
      [
        0.929740678960693,
        0.7022348794160449,
        0.805784616659222,
        0.995803766781336,
        0.3702649880774353,
        0.7055669117858483,
        0.6811923273032265,
        0.4304114860276632,
        0.8022562784626786,
        0.9382132230479578,
        1.0540009931002625,
        0.4697779474771192,
        0.7606560841953544,
        0.20101069403463478,
        0.5673054281860203,
        0.0840155553612981,
        0.2917530707851819,
        0.5393288767168027,
        0.5420270103041104,
        0.8068230424766684,
        0.9140618765635903,
        1.1187037895406808,
        0.42453958911233614,
        0.4313328247693665,
        0.7375282859860763,
        0.3166213768665342,
        0.7684249537113554,
        0.0,
        0.6057353013924883,
        0.5606150927837581,
        1.0341550955553782,
        0.9535919927808028,
        0.5504392145311089,
        0.9451235931487234,
        0.8770437567911323,
        0.8431796272169533,
        0.7983349472733722,
        0.8570653705388875,
        1.003847374524523,
        0.736827988900268,
        0.13247616473294138,
        0.49528084323554683,
        0.570052991244065,
        0.5851711731632826,
        0.03762861653379867,
        0.8578603862695344,
        0.8294344545653591,
        0.5872942884019319,
        0.3862610857337468,
        1.00302077679683
      ],
      [
        0.335041203334648,
        0.7167794879693357,
        0.25145789014762626,
        0.3908984492131815,
        0.2773416088700892,
        0.4203138098448584,
