{
  "sol": {
    "z": 1.2822229224551245,
    "tours": [
      [
        0,
        43,
        2
      ],
      [
        1,
        33
      ],
      [
        3,
        23
      ],
      [
        4,
        17,
        23
      ],
      [
        5,
        7,
        8,
        6,
        14
      ],
      [
        9,
        16,
        31
      ],
      [
        10,
        13,
        11,
        49
      ],
      [
        12,
        0,
        15
      ],
      [
        13,
        17,
        19,
        18,
        16
      ]
    ]
  },
  "params": {
    "gm": [
      [
        0.0,
        0.15204771411065857,
        0.1069338607992687,
        0.5387617928994028,
        0.3217490698953524,
        0.4754249936140278,
        0.47702991427286945,
        0.3931932611889276,
        0.41096962001329795,
        0.7352633891509845,
        0.9445547306319309,
        1.0011254047460345,
        0.2706816140306359,
        0.5113730736313491,
        0.5475350343157266,
        0.19615028707932228,
        0.6258258378431072,
        0.39809709371420376,
        0.6100223455820455,
        0.47991313828313736,
        0.7294681515170949,
        0.5991272295747653,
        0.8771582407463696,
        0.23762247548194743,
        0.8014770782682115,
        0.6635910286795975,
        0.3080348834490987,
        0.5385910252471369,
        0.152209822710193,
        0.7780993552379006,
        0.7427179876224175,
        0.40308049594288053,
        0.11669741747165104,
        0.3378154636671654,
        0.5936771504623879,
        0.768697074198983,
        0.7127439011899462,
        0.28781210586057726,
        0.7836325932284811,
        0.7688024201036501,
        0.9852585715512444,
        0.8609909858452927,
        0.6948162884723795,
        0.2239382734119758,
        0.19336296593497895,
        0.3488326031511553,
        0.6941806611785357,
        0.7153544532237606,
        0.1908774056192767,
        1.1242869909966822
      ],
      [
        0.15204771411065857,
        0.0,
        0.20534365970509794,
        0.5579774215857249,
        0.2797822713322749,
        0.3775476265750269,
        0.3249822001622109,
        0.3243062220922098,
        0.2589219059026394,
        0.6131150807329727,
        0.8227849653148843,
        0.8792712724739423,
        0.4227293281412945,
        0.3892247652133372,
        0.39548732020506805,
        0.34819800118998084,
        0.5036775294250954,
        0.27594878529619193,
        0.5038513467626055,
        0.3794329318453549,
        0.6386320494153135,
        0.4470795154641067,
        0.7251105266357111,
        0.2590995271714142,
        0.6494293641575528,
        0.511543314568939,
        0.41575831745513625,
        0.4164427168291251,
        0.30425753682085155,
        0.6562452229658086,
        0.6205696792044056,
        0.251032781832222,
        0.13033527681272214,
        0.18576774955650682,
        0.5875775008847068,
        0.6949963162793114,
        0.6122636947521638,
        0.4398598199712358,
        0.6774615944090411,
        0.6466541116856381,
        0.8332108574405858,
        0.7089432717346341,
        0.5943360820345971,
        0.2841565905610995,
        0.04131525182432038,
        0.19678488904049674,
        0.5937004547407533,
        0.6148742467859781,
        0.2915908503339686,
        1.0024328587245899
      ],
      [
        0.1069338607992687,
        0.20534365970509794,
        0.0,
        0.4325070165885904,
        0.24161964780775508,
        0.48752495688570935,
        0.5303258598673088,
        0.47813332231811795,
        0.4127490061285476,
        0.7043427754677808,
        0.9023769630920099,
        0.9607419468231745,
        0.3717906614198908,
        0.4804524599481453,
        0.5981433030627263,
        0.28342148576930964,
        0.5949052241599034,
        0.367176480031,
        0.5551721488445692,
        0.42537291836666163,
        0.6850529795225624,
        0.6368486438506437,
        0.930454186340809,
        0.1371474251124225,
        0.8547730238626507,
        0.6675651174114807,
        0.4091105485447499,
        0.5076704115639332,
        0.2532854878058442,
        0.7377158973150407,
        0.7117973739392137,
        0.45616708328772976,
        0.07500838289237578,
        0.339594849782415,
        0.49101707630545927,
        0.6660370000420545,
        0.6440429749379101,
        0.3840234420056888,
        0.7287823964910048,
        0.7378818064204462,
        0.9665825261682324,
        0.9115992545922924,
        0.6045872290097082,
        0.11705184469389336,
        0.22400047647129212,
        0.36361312116366074,
        0.63964044126206,
        0.6289549647406425,
        0.09561841444746737,
        1.0839035330738223
      ],
      [
        0.5387617928994028,
        0.5579774215857249,
        0.4325070165885904,
        0.0,
        0.3004902049361526,
        0.895662617160907,
        0.8722121211040564,
        0.8440683499980539,
        0.7786840338084836,
        0.8227479512577409,
        0.801640858674459,
        0.8863631270700815,
        0.8018932651429701,
        0.609402037788285,
        0.9186941489300121,
        0.7041910046940665,
        0.7116565713473213,
        0.5062301633058929,
        0.49892760880748754,
        0.49830601442333333,
        0.47800989453766113,
        0.9637859890879562,
        1.1978682518825927,
        0.3065671029475824,
        1.1321875978349616,
        0.9549632807819755,
        0.840291038206118,
        0.5854223702639485,
        0.6844659774672123,
        0.6797177184559707,
        0.8362194223012566,
        0.7953239653082433,
        0.445584457483412,
        0.7055298774623511,
        0.1039840926499666,
        0.27675716100917214,
        0.3084125768172669,
        0.8165121231233682,
        0.4015155175444221,
        0.8622676163812046,
        1.0836772422795384,
        1.227996449721593,
        0.34539390474783865,
        0.3176828687589984,
        0.5610773797301646,
        0.7141642249678543,
        0.284038491527935,
        0.33113550708823575,
        0.37301247275021593,
        1.004998225905836
      ],
      [
        0.3217490698953524,
        0.2797822713322749,
        0.24161964780775508,
        0.3004902049361526,
        0.0,
        0.6085135349602133,
        0.5767928570078172,
        0.5554975037253214,
        0.49011318753575106,
        0.5222577463215883,
        0.6814717661479687,
        0.7450070497266029,
        0.5924306839259883,
        0.3089118328521323,
        0.6185813130030043,
        0.5164533591311431,
        0.4228816016571208,
        0.20573995836974027,
        0.3268702954238085,
        0.20443876314869755,
        0.4641188243045984,
        0.6855078779098785,
        0.9133638652132013,
        0.12660342615778264,
        0.9012400210031593,
        0.6544730758458228,
        0.6297839533444511,
        0.28493216532779586,
        0.4739588926055454,
        0.5223316296976502,
        0.5357292173651039,
        0.4998959997190941,
        0.2055411115486705,
        0.41695903118961847,
        0.4044742975861192,
        0.5200021475826541,
        0.43726952605550645,
        0.6095611757559296,
        0.5004805430702441,
        0.561777411445052,
        0.7831870373433859,
        0.9320372645325704,
        0.4193419133379397,
        0.19230585393817565,
        0.27250653345743203,
        0.427962381407668,
        0.41870628604409593,
        0.4398800780893208,
        0.25742655793958774,
        0.868097225478383
      ],
      [
        0.4754249936140278,
        0.3775476265750269,
        0.48752495688570935,
        0.895662617160907,
        0.6085135349602133,
        0.0,
        0.12968113691845912,
        0.08363619686750462,
        0.17536236106820408,
        0.5314259903416385,
        1.1250649188657145,
        1.1815512260247725,
        0.30333975967611077,
        0.6915047187641672,
        0.23092368020700493,
        0.37868043946617785,
        0.6593844896353025,
        0.578228738847022,
        0.8057475170750777,
        0.6752569995095126,
        0.9349370606654134,
        0.5398893637158844,
        0.512094655422952,
        0.5962035468042686,
        0.4377390601219339,
        0.4439487335185819,
        0.2033876131957986,
        0.7187226703799552,
        0.3232151709038348,
        0.9585251765166387,
        0.5979918942414439,
        0.15741629454042746,
        0.45700550854754973,
        0.19241904165751053,
        0.9465289329029091,
        0.988789466716389,
        0.9080877624163215,
        0.24894506017854298,
        0.9793577647215134,
        0.6052941702544277,
        0.6215205534049668,
        0.5257085901975908,
        0.8692433773484158,
        0.6045768015796027,
        0.3362323747507065,
        0.1814983921930527,
        0.889524522404911,
        0.89361111307935,
        0.5831433713331767,
        1.116410778437472
      ],
      [
        0.47702991427286945,
        0.3249822001622109,
        0.5303258598673088,
        0.8722121211040564,
        0.5767928570078172,
        0.12968113691845912,
        0.0,
        0.17773411245156023,
        0.2249347600732886,
        0.4096637260149404,
        1.081986831576097,
        1.1172691939188326,
        0.41293176422079386,
        0.6335540415345758,
        0.10729743364132209,
        0.46894385648309034,
        0.5297033527168433,
        0.55473578292039,
        0.752832965210345,
        0.6635549697589432,
        0.8858195632090691,
        0.531039811037703,
        0.40012832647350016,
        0.5825823261674833,
        0.32444716399534196,
        0.33685822865478826,
        0.31625962597135204,
        0.6469893070087328,
        0.40409418083659965,
        0.9169847051208522,
        0.4758804194876803,
        0.07695753894920267,
        0.4553174769749331,
        0.19492297806333633,
        0.9125597010469177,
        0.9791183541928997,
        0.8963857326657522,
        0.3611844374887666,
        0.9264432128567807,
        0.48126011903942667,
        0.5082286572783749,
        0.41758024427002577,
        0.8634948505744322,
        0.6091387907233103,
        0.3127394188240745,
        0.17264883951487142,
        0.8778224926543416,
        0.8878625863053664,
        0.6165730504961795,
        0.9944550923338816
      ],
      [
        0.3931932611889276,
        0.3243062220922098,
        0.47813332231811795,
        0.8440683499980539,
        0.5554975037253214,
        0.08363619686750462,
        0.17773411245156023,
        0.0,
        0.09861375434423542,
        0.5429105694643772,
        1.0718235143828974,
        1.1283098215419554,
        0.23525228422699315,
        0.6382633142813501,
        0.2850315421073368,
        0.2993894905428125,
        0.7074374651684036,
        0.5249873343642049,
        0.7515012516139733,
        0.6210107340484081,
        0.8806907952043089,
        0.4957955269853095,
        0.5764637240680398,
        0.542322977682461,
        0.5009997291100019,
        0.4397789998179529,
        0.13907939144221917,
        0.6654812658971381,
        0.24098343847873457,
        0.9052837720338216,
        0.6089167654629337,
        0.16754025031953762,
        0.4031249394257422,
        0.13853847253570295,
        0.8926483637811015,
        0.9365741184823646,
        0.853841496955217,
        0.18359346257711356,
        0.925111499260409,
        0.619550321400241,
        0.6847812223930348,
        0.5925453386725089,
        0.8282505665220387,
        0.5573948825592134,
        0.2829909702678894,
        0.13740455546247785,
        0.8352782569438065,
        0.8526183022529729,
        0.5602509895655898,
        1.1275204802200656
      ],
      [
        0.41096962001329795,
        0.2589219059026394,
        0.4127490061285476,
        0.7786840338084836,
        0.49011318753575106,
        0.17536236106820408,
        0.2249347600732886,
        0.09861375434423542,
        0.0,
        0.5185267558650303,
        1.006439198193327,
        1.062925505352385,
        0.22653936476275843,
        0.5728789980917798,
        0.32536056631708765,
        0.33921113418255866,
        0.6853397382244447,
        0.4596030181746345,
        0.6864826317636998,
        0.5559921141981345,
        0.8156721753540355,
        0.44331040019367024,
        0.6250630865467888,
        0.4769386614928906,
        0.5493819240686306,
        0.4011240891638568,
        0.15811739328677515,
        0.6000969497075677,
        0.31394245402568083,
        0.8398994558442512,
        0.5821211358920345,
        0.17875092675226806,
        0.3377406232361718,
        0.07315415634613259,
        0.8272640475915312,
        0.871555498632091,
        0.7888228771049435,
        0.1892718782786483,
        0.8600928794101355,
        0.5963869820656826,
        0.7331634173516636,
        0.6388004083712032,
        0.7708952643873768,
        0.4920105663696431,
        0.21760665407831903,
        0.08922304969162355,
        0.7702596370935331,
        0.7914334291387579,
        0.4989961967574183,
        1.1007248506491665
      ],
      [
        0.7352633891509845,
        0.6131150807329727,
        0.7043427754677808,
        0.8227479512577409,
        0.5222577463215883,
        0.5314259903416385,
        0.4096637260149404,
        0.5429105694643772,
        0.5185267558650303,
        0.0,
        0.6723231055611567,
        0.7081498145675461,
        0.7449917983429118,
        0.22389031551963548,
        0.44177102862725987,
        0.8091391324733999,
        0.1668129823594144,
        0.3371662954367808,
        0.3845285125166604,
        0.3719947447915269,
        0.5225752993336911,
        0.19177463844973625,
        0.3911061188916131,
        0.6307028871018713,
        0.4461763107062182,
        0.1322153295242346,
        0.668952547107185,
        0.2373255809937924,
        0.7838940079431118,
        0.5073209791059119,
        0.06657346699235021,
        0.37850042381187055,
        0.6357340830318858,
        0.4460983616275206,
        0.7776699504304448,
        0.6719045712652203,
        0.5855880936169933,
        0.7059322745804971,
        0.558138760163096,
        0.0778632289151141,
        0.2623948174231853,
        0.4210805738565967,
        0.5560161100764816,
        0.6972353110428094,
        0.5791626595330963,
        0.4297466096129803,
        0.5763682256187095,
        0.5800651563467308,
        0.7604354364562954,
        0.5849847880958333
      ],
      [
        0.9445547306319309,
        0.8227849653148843,
        0.9023769630920099,
        0.801640858674459,
        0.6814717661479687,
        1.1250649188657145,
        1.081986831576097,
        1.0718235143828974,
        1.006439198193327,
        0.6723231055611567,
        0.0,
        0.09670571664915087,
        1.1616775807242565,
        0.4484327900415212,
        1.0231408031020768,
        1.1387902491337767,
        0.5636841953681929,
        0.5468361800186924,
        0.35524031326412114,
        0.4794815464210294,
        0.32677766957279286,
        0.8260911444591903,
        0.885011533735395,
        0.8079224912597409,
        0.8895277465726416,
        0.8045384350853912,
        1.1108312255011439,
        0.4731082917859526,
        1.0674394251148023,
        0.16654312073856456,
        0.6797777040325896,
        1.0253689927682894,
        0.8401113906581612,
        0.9332850418471943,
        0.7134779547893046,
        0.5511027347965708,
        0.49493986806245044,
        1.1564644187102533,
        0.5230012935407847,
        0.7058621365138222,
        0.7191431153610418,
        0.9095391182838389,
        0.4567466198826414,
        0.8737636118475931,
        0.7888325441150079,
        0.9443021813311843,
        0.5176115892201268,
        0.4732616238048219,
        0.9378976187739249,
        0.2041683928474802
      ],
      [
        1.0011254047460345,
        0.8792712724739423,
        0.9607419468231745,
        0.8863631270700815,
        0.7450070497266029,
        1.1815512260247725,
        1.1172691939188326,
        1.1283098215419554,
        1.062925505352385,
        0.7081498145675461,
        0.09670571664915087,
        0.0,
        1.1917904429039394,
        0.5064567130944102,
        1.0796271102611348,
        1.1954113933578183,
        0.6217081184210819,
        0.6033224871777504,
        0.4244124885206067,
        0.5406739062381095,
        0.4168096416574666,
        0.8841150675120792,
        0.7883058170862441,
        0.8702979129998967,
        0.7928220299234907,
        0.8288028733471763,
        1.167314154270713,
        0.5304772351649918,
        1.1240605693388437,
        0.22302604950813376,
        0.6417687412288448,
        1.0818552999273474,
        0.8973959537388227,
        0.9897713490062523,
        0.8013375521238079,
        0.6426771403330256,
        0.5824335112568527,
        1.2129473474798225,
        0.5967654182941475,
        0.637318859982828,
        0.622437398711891,
        0.8128334016346881,
        0.5435641985311961,
        0.9367118580703807,
        0.8453188512740659,
        1.0007884884902423,
        0.6028229985294585,
        0.5614773185616249,
        0.9983850730741197,
        0.12316502647171276
      ],
      [
        0.2706816140306359,
        0.4227293281412945,
        0.3717906614198908,
        0.8018932651429701,
        0.5924306839259883,
        0.30333975967611077,
        0.41293176422079386,
        0.23525228422699315,
        0.22653936476275843,
        0.7449917983429118,
        1.1616775807242565,
        1.1917904429039394,
        0.0,
        0.7132447906827353,
        0.5202148299267355,
        0.11267176941980023,
        0.828496196009407,
        0.6687787077448397,
        0.8807039596126813,
        0.7505947523137733,
        1.0001497655477307,
        0.6698497649564287,
        0.811287514307798,
        0.5072490506242167,
        0.7359649657648355,
        0.6257146459116562,
        0.10001970848986488,
        0.7131092838326782,
        0.11877815050382862,
        0.9966754542690117,
        0.8082994236102984,
        0.3916448364283046,
        0.3873790315022869,
        0.29897397481730825,
        0.8627015949850396,
        1.0330834878849704,
        0.9467556185114506,
        0.05487917684213836,
        1.054314207259117,
        0.8228550270162912,
        0.9197464590478684,
        0.826680293018808,
        0.9654979025030154,
        0.48423870211981596,
        0.4434264725494947,
        0.3156471637980382,
        0.9648622752091717,
        0.9700678692780048,
        0.43345808684382964,
        1.3149554693756522
      ],
      [
        0.5113730736313491,
        0.3892247652133372,
        0.4804524599481453,
        0.609402037788285,
        0.3089118328521323,
        0.6915047187641672,
        0.6335540415345758,
        0.6382633142813501,
        0.5728789980917798,
        0.22389031551963548,
        0.4484327900415212,
        0.5064567130944102,
        0.7132447906827353,
        0.0,
        0.5895806030005297,
        0.6928999089636121,
        0.11525140532667172,
        0.11327597991714528,
        0.18746798246467933,
        0.14816159874167117,
        0.3385533109102367,
        0.3776583544176691,
        0.6149964344112486,
        0.41930526030218374,
        0.66991155950312,
        0.3561056450438701,
        0.6666007281758799,
        0.027217951615787887,
        0.6215490849446376,
        0.2834306635862764,
        0.23134491399106846,
        0.5918087926667422,
        0.4118437675122503,
        0.4997248417456472,
        0.5566175203729273,
        0.45354941495253226,
        0.3678063029073545,
        0.7122339213849893,
        0.36107823011111495,
        0.257429346472301,
        0.4861300662200871,
        0.6449708893762321,
        0.34188705516897405,
        0.4842330741523277,
        0.35527234401346075,
        0.5107419812296371,
        0.355315795561192,
        0.36513021204790175,
        0.53654512093666,
        0.6296182993450579
      ],
      [
        0.5475350343157266,
        0.39548732020506805,
        0.5981433030627263,
        0.9186941489300121,
        0.6185813130030043,
        0.23092368020700493,
        0.10729743364132209,
        0.2850315421073368,
        0.32536056631708765,
        0.44177102862725987,
        1.0231408031020768,
        1.0796271102611348,
        0.5202148299267355,
        0.5895806030005297,
        0.0,
        0.5737123776256473,
        0.49113511925062747,
        0.4763046230833844,
        0.7080914988862065,
        0.5988836514640218,
        0.8472513297428532,
        0.5238267703257435,
        0.3435841493685665,
        0.6438860662781499,
        0.40983695909940043,
        0.3095556991030253,
        0.42344601788280917,
        0.6167985546163175,
        0.5073507242510047,
        0.856601060753001,
        0.4965898312213568,
        0.15212080170742487,
        0.5254962306878446,
        0.28273443872438636,
        0.9830648210897749,
        0.9143885243194599,
        0.8280606549459402,
        0.46844719750190766,
        0.8817017465326421,
        0.5156113618042061,
        0.5043522705690002,
        0.31345595152956607,
        0.8129695833474901,
        0.6779608944999732,
        0.3741428265914343,
        0.25883769802108625,
        0.8131511743594202,
        0.8326650619015059,
        0.686751804209091,
        1.0151935459784887
      ],
      [
        0.19615028707932228,
        0.34819800118998084,
        0.28342148576930964,
        0.7041910046940665,
        0.5164533591311431,
        0.37868043946617785,
        0.46894385648309034,
        0.2993894905428125,
        0.33921113418255866,
        0.8091391324733999,
        1.1387902491337767,
        1.1954113933578183,
        0.11267176941980023,
        0.6928999089636121,
        0.5737123776256473,
        0.0,
        0.7813016504603222,
        0.594247380793526,
        0.8043735287586705,
        0.6738830111931053,
        0.9253793122715458,
        0.7825215343762288,
        0.8690721829565905,
        0.4205215325355957,
        0.7933910204784322,
        0.7171723471456335,
        0.18976052454316397,
        0.6656819573478242,
        0.0713508240189745,
        0.9723853438496844,
        0.8755845197875314,
        0.43063870866152926,
        0.31260818759308684,
        0.4116457442371085,
        0.7713968774757837,
        0.9464168012123788,
        0.9067137740999143,
        0.15453116747770118,
        0.9779837764051063,
        0.8848120667986724,
        0.9771725137614652,
        0.8864218437763183,
        0.8761309385676352,
        0.38859555425182035,
        0.38951325301430123,
        0.4283189332178384,
        0.8881505340885038,
        0.8913912153930372,
        0.33182003043361474,
        1.318572979608466
      ],
      [
        0.6258258378431072,
        0.5036775294250954,
        0.5949052241599034,
        0.7116565713473213,
        0.4228816016571208,
        0.6593844896353025,
        0.5297033527168433,
        0.7074374651684036,
        0.6853397382244447,
        0.1668129823594144,
        0.5636841953681929,
        0.6217081184210819,
        0.828496196009407,
        0.11525140532667172,
        0.49113511925062747,
        0.7813016504603222,
        0.0,
        0.22772874412890345,
        0.22312961249350172,
        0.24423921633840254,
        0.3561162104922258,
        0.3534253593608687,
        0.5566854042156659,
        0.5345564029041936,
        0.6016230517457232,
        0.299028311883649,
        0.7808870266726943,
        0.14150425011260226,
        0.7358353834414519,
        0.3986820689129481,
        0.1431119470915604,
        0.545313406171285,
        0.5262965317240085,
        0.612911343986935,
        0.6289198046311216,
        0.5177608529198092,
        0.4318804552430508,
        0.8265202198818037,
        0.39673986013993734,
        0.16717542497293342,
        0.4178415584626902,
        0.5864998683259879,
        0.399275403351807,
        0.5994430824306753,
        0.46972510822521896,
        0.5965595919723947,
        0.4276180798193863,
        0.42362074043134673,
        0.6511480331776471,
        0.6617156618486923
      ],
      [
        0.39809709371420376,
        0.27594878529619193,
        0.367176480031,
        0.5062301633058929,
        0.20573995836974027,
        0.578228738847022,
        0.55473578292039,
        0.5249873343642049,
        0.4596030181746345,
        0.3371662954367808,
        0.5468361800186924,
        0.6033224871777504,
        0.6687787077448397,
        0.11327597991714528,
        0.4763046230833844,
        0.594247380793526,
        0.22772874412890345,
        0.0,
        0.23178687580282212,
        0.12257902838063739,
        0.3758547638385457,
        0.49093433433481437,
        0.7282724143283938,
        0.3082499275367791,
        0.7831875394202653,
        0.4693816249610154,
        0.6164394297271314,
        0.14049393153293316,
        0.5503069164243968,
        0.3802964376696166,
        0.3446208939082137,
        0.478532812749597,
        0.29856778759510505,
        0.3864488618285019,
        0.5381482760877712,
        0.43808390123607543,
        0.3517560318625557,
        0.6488453694650222,
        0.40539712344925777,
        0.37070532638944625,
        0.5994060461372324,
        0.7582468692933775,
        0.3366649602641058,
        0.37234882785468115,
        0.24199636409631547,
        0.3974660013124918,
        0.3368465512760358,
        0.35636043881812146,
        0.4234192890487437,
        0.726484073428398
      ],
      [
        0.6100223455820455,
        0.5038513467626055,
        0.5551721488445692,
        0.49892760880748754,
        0.3268702954238085,
        0.8057475170750777,
        0.752832965210345,
        0.7515012516139733,
        0.6864826317636998,
        0.3845285125166604,
        0.35524031326412114,
        0.4244124885206067,
        0.8807039596126813,
        0.18746798246467933,
        0.7080914988862065,
        0.8043735287586705,
        0.22312961249350172,
        0.23178687580282212,
        0.0,
        0.1304905175655652,
        0.151516470704792,
        0.5582174035497985,
        0.7754122855268893,
        0.45347053011483873,
        0.8245929486144956,
        0.516743842040895,
        0.8357492106754782,
        0.1963664341153862,
        0.7622321682922385,
        0.2024218474502764,
        0.36603894062109776,
        0.7088545288903639,
        0.49877214879969356,
        0.6133284754175672,
        0.41180865464376654,
        0.2971048062651869,
        0.21268024560318,
        0.8757249830540874,
        0.17361024764643565,
        0.38945558370227307,
        0.6408114553314627,
        0.8054450638461456,
        0.1776641004178861,
        0.5189669273799751,
        0.4723180802370824,
        0.6277877174532587,
        0.21488911727955257,
        0.2020012471995544,
        0.5840513609452791,
        0.5473034340581795
      ],
      [
        0.47991313828313736,
        0.3794329318453549,
        0.42537291836666163,
        0.49830601442333333,
        0.20443876314869755,
        0.6752569995095126,
        0.6635549697589432,
        0.6210107340484081,
        0.5559921141981345,
        0.3719947447915269,
        0.4794815464210294,
        0.5406739062381095,
        0.7505947523137733,
        0.14816159874167117,
        0.5988836514640218,
        0.6738830111931053,
        0.24423921633840254,
        0.12257902838063739,
        0.1304905175655652,
        0.0,
        0.2596800611559008,
        0.5258199531593403,
        0.76310086368314,
        0.32973073182324136,
        0.8178467593166305,
        0.5042100743157615,
        0.7128285257506314,
        0.13720926351694765,
        0.6321229609933303,
        0.3182703040797227,
        0.37655386590984535,
        0.5873519995881502,
        0.36828298425871586,
        0.482837957852002,
        0.4155692477071337,
        0.3155633844339565,
        0.2328307629068089,
        0.7452344654885223,
        0.30410076521200086,
        0.4024678367708485,
        0.6340652660335976,
        0.7930753186481236,
        0.21490315018924214,
        0.3960771852416959,
        0.3508155509348687,
        0.5062851881510451,
        0.21426752289539838,
        0.23544131494062323,
        0.4587689682299758,
        0.6637234343546358
      ],
      [
        0.7294681515170949,
        0.6386320494153135,
        0.6850529795225624,
        0.47800989453766113,
        0.4641188243045984,
        0.9349370606654134,
        0.8858195632090691,
        0.8806907952043089,
        0.8156721753540355,
        0.5225752993336911,
        0.32677766957279286,
        0.4168096416574666,
        1.0001497655477307,
        0.3385533109102367,
        0.8472513297428532,
        0.9253793122715458,
        0.3561162104922258,
        0.3758547638385457,
        0.151516470704792,
        0.2596800611559008,
        0.0,
        0.703498454426086,
        0.9127443532408936,
        0.5894107929791421,
        0.9534461166660416,
        0.6547906288579257,
        0.9725085869065322,
        0.3478371513233316,
        0.8816779742272879,
        0.2331103334343307,
        0.49380648475208827,
        0.8470315147064288,
        0.6140624516485454,
        0.7425180190079028,
        0.38705097630071933,
        0.22628783220639498,
        0.16963766136020134,
        1.004914526644423,
        0.24018215296299478,
        0.5146051740289287,
        0.7696646233830087,
        0.9425126625567116,
        0.13327201445489767,
        0.6208073987707126,
        0.6104950660531473,
        0.7659647032693236,
        0.19617381928664998,
        0.14723633316374654,
        0.6909480977886964,
        0.5309428270079098
      ],
      [
        0.5991272295747653,
        0.4470795154641067,
        0.6368486438506437,
        0.9637859890879562,
        0.6855078779098785,
        0.5398893637158844,
        0.531039811037703,
        0.4957955269853095,
        0.44331040019367024,
        0.19177463844973625,
        0.8260911444591903,
        0.8841150675120792,
        0.6698497649564287,
        0.3776583544176691,
        0.5238267703257435,
        0.7825215343762288,
        0.3534253593608687,
        0.49093433433481437,
        0.5582174035497985,
        0.5258199531593403,
        0.703498454426086,
        0.0,
        0.5828807573413494,
        0.6572188861403738,
        0.6142659157335666,
        0.21427107122271827,
        0.6000394232336632,
        0.404876306033457,
        0.736778965464044,
        0.6610890180039455,
        0.2473936179367234,
        0.46511678646656834,
        0.565420629470086,
        0.3807608191719963,
        0.9342758747905965,
        0.8312077693702014,
        0.7454646573250236,
        0.6325822784723185,
        0.7318276511962342,
        0.26963786736485035,
        0.45416945587292157,
        0.6128552123063329,
        0.7195454095866431,
        0.7050552722984408,
        0.4130013444524465,
        0.3583909715228316,
        0.7329741499788611,
        0.7427885664655709,
        0.7265332008191325,
        0.7659973326938554
      ],
      [
        0.8771582407463696,
        0.7251105266357111,
        0.930454186340809,
        1.1978682518825927,
        0.9133638652132013,
        0.512094655422952,
        0.40012832647350016,
        0.5764637240680398,
        0.6250630865467888,
        0.3911061188916131,
        0.885011533735395,
        0.7883058170862441,
        0.811287514307798,
        0.6149964344112486,
        0.3435841493685665,
        0.8690721829565905,
        0.5566854042156659,
        0.7282724143283938,
        0.7754122855268893,
        0.76310086368314,
        0.9127443532408936,
        0.5828807573413494,
        0.0,
        0.8913011489350102,
        0.07572717878667853,
        0.45059304745633705,
        0.7127470604887496,
        0.6284316998854055,
        0.8042225073100998,
        0.8984270979975251,
        0.42228623941249377,
        0.4770858654227028,
        0.8554458034484332,
        0.5950513045368365,
        1.168776069322058,
        1.0630106901568335,
        0.9766942125086064,
        0.7582591054578256,
        0.9148472309297724,
        0.40524734928332956,
        0.16587721737124694,
        0.030128197839000424,
        0.9445964650551801,
        0.9578335728759484,
        0.7128677452975747,
        0.5727771659883716,
        0.9674743445103227,
        0.9683564956175299,
        1.0167013769696798,
        0.8417724394640056
      ],
      [
        0.23762247548194743,
        0.2590995271714142,
        0.1371474251124225,
        0.3065671029475824,
        0.12660342615778264,
        0.5962035468042686,
        0.5825823261674833,
        0.542322977682461,
        0.4769386614928906,
        0.6307028871018713,
        0.8079224912597409,
        0.8702979129998967,
        0.5072490506242167,
        0.41930526030218374,
        0.6438860662781499,
        0.4205215325355957,
        0.5345564029041936,
        0.3082499275367791,
        0.45347053011483873,
        0.32973073182324136,
        0.5894107929791421,
        0.6572188861403738,
        0.8913011489350102,
        0.0,
        0.8256204948873793,
        0.7317547727758238,
        0.5442992718252502,
        0.39337730610807886,
        0.3884742110863445,
        0.6479960333146787,
        0.6441743581453869,
        0.50708139719261,
        0.13919803825671878,
        0.403784505146758,
        0.35605850612394824,
        0.5310784298605434,
        0.5625614947300502,
        0.5211708671181112,
        0.6270807777612744,
        0.670222552225335,
        0.8916321781236689,
        0.9214293467740107,
        0.5446338820124835,
        0.0665324239409382,
        0.27105009737974894,
        0.4265197345959253,
        0.5439982547186397,
        0.5651720467638646,
        0.1311344568826862,
        0.9932673500894428
      ],
      [
        0.8014770782682115,
        0.6494293641575528,
        0.8547730238626507,
        1.1321875978349616,
        0.9012400210031593,
        0.4377390601219339,
        0.32444716399534196,
        0.5009997291100019,
        0.5493819240686306,
        0.4461763107062182,
        0.8895277465726416,
        0.7928220299234907,
        0.7359649657648355,
        0.66991155950312,
        0.40983695909940043,
        0.7933910204784322,
        0.6016230517457232,
        0.7831875394202653,
        0.8245929486144956,
        0.8178467593166305,
        0.9534461166660416,
        0.6142659157335666,
        0.07572717878667853,
        0.8256204948873793,
        0.0,
        0.3999948445108483,
        0.6376393364348085,
        0.682036365298623,
        0.7285413448319416,
        0.9533422230893964,
        0.4599461083984898,
        0.4014047029445446,
        0.779764640970275,
        0.5193701420586783,
        1.1816790010113276,
        1.1164448409736327,
        1.0301395609513728,
        0.683101996941879,
        0.9485207430811632,
        0.4389208614347204,
        0.18378149328303292,
        0.09638100756983439,
        0.9993157114310653,
        0.8921529188283175,
        0.6371865828194165,
        0.4970960035102134,
        1.022048595138906,
        1.0235459565227232,
        0.9410202144915214,
        0.8562281105056425
      ],
      [
        0.6635910286795975,
        0.511543314568939,
        0.6675651174114807,
        0.9549632807819755,
        0.6544730758458228,
        0.4439487335185819,
        0.33685822865478826,
        0.4397789998179529,
        0.4011240891638568,
        0.1322153295242346,
        0.8045384350853912,
        0.8288028733471763,
        0.6257146459116562,
        0.3561056450438701,
        0.3095556991030253,
        0.7171723471456335,
        0.299028311883649,
        0.4693816249610154,
        0.516743842040895,
        0.5042100743157615,
        0.6547906288579257,
        0.21427107122271827,
        0.45059304745633705,
        0.7317547727758238,
        0.3999948445108483,
        0.0,
        0.5564068762717396,
        0.36954091051802695,
        0.6807624382966875,
        0.6395363086301464,
        0.18703413211833153,
        0.2865336384841042,
        0.592556734519105,
        0.3279702676290658,
        0.9098852799546794,
        0.8041199007894548,
        0.7178034231412278,
        0.5903352898193881,
        0.6903540896873306,
        0.2060556627011808,
        0.3581197367008456,
        0.4807212452953375,
        0.6882314396007161,
        0.7468266776525763,
        0.4702280627446186,
        0.31475842552844224,
        0.708583555142944,
        0.7122804858709655,
        0.7538123080403515,
        0.7056378468754635
      ],
      [
        0.3080348834490987,
        0.41575831745513625,
        0.4091105485447499,
        0.840291038206118,
        0.6297839533444511,
        0.2033876131957986,
        0.31625962597135204,
        0.13907939144221917,
        0.15811739328677515,
        0.668952547107185,
        1.1108312255011439,
        1.167314154270713,
        0.10001970848986488,
        0.6666007281758799,
        0.42344601788280917,
        0.18976052454316397,
        0.7808870266726943,
        0.6164394297271314,
        0.8357492106754782,
        0.7128285257506314,
        0.9725085869065322,
        0.6000394232336632,
        0.7127470604887496,
        0.5442992718252502,
        0.6376393364348085,
        0.5564068762717396,
        0.0,
        0.639382776560092,
        0.15582506073890567,
        0.9442881047625793,
        0.7338459007480714,
        0.30257705770099697,
        0.4247323009207497,
        0.2299905678986294,
        0.8998475404893708,
        1.0238375042519414,
        0.9375096348784216,
        0.04563319320910943,
        1.0093594583219139,
        0.7465197571224582,
        0.8214208297178415,
        0.7276152124919116,
        0.9277316759398735,
        0.5226641100467653,
        0.37444306563081586,
        0.24164845171083155,
        0.9270960486460298,
        0.9482698406912546,
        0.4679228325583245,
        1.2524496155052034
      ],
      [
        0.5385910252471369,
        0.4164427168291251,
        0.5076704115639332,
        0.5854223702639485,
        0.28493216532779586,
        0.7187226703799552,
        0.6469893070087328,
        0.6654812658971381,
        0.6000969497075677,
        0.2373255809937924,
        0.4731082917859526,
        0.5304772351649918,
        0.7131092838326782,
        0.027217951615787887,
        0.6167985546163175,
        0.6656819573478242,
        0.14150425011260226,
        0.14049393153293316,
        0.1963664341153862,
        0.13720926351694765,
        0.3478371513233316,
        0.404876306033457,
        0.6284316998854055,
        0.39337730610807886,
        0.682036365298623,
        0.36954091051802695,
        0.639382776560092,
        0.0,
        0.5943311333288497,
        0.307451185656858,
        0.25079705203730807,
        0.615826004805663,
        0.4390617191280382,
        0.526942793361435,
        0.5505921473363088,
        0.44914863530403104,
        0.3642578258276743,
        0.6850159697692014,
        0.36997668176182186,
        0.27684524611725614,
        0.49825487201559004,
        0.6584061548503891,
        0.34069529215219935,
        0.45990973004901703,
        0.38249029562924863,
        0.537959932845425,
        0.34929042252457343,
        0.36330579998153545,
        0.5245117629907651,
        0.6536388214156394
      ],
      [
