{
  "sol": {
    "z": 2.120286506630813,
    "tours": [
      [
        0,
        14,
        12,
        20,
        4,
        1,
        5,
        11,
        21
      ],
      [
        7,
        13,
        2,
        3,
        23
      ],
      [
        8,
        19,
        28,
        6,
        9
      ],
      [
        10,
        22,
        17,
        16,
        15,
        4,
        59,
        18
      ]
    ]
  },
  "params": {
    "gm": [
      [
        0.0,
        0.21312490378957738,
        0.7322188748261136,
        0.8039643749600374,
        0.5037151066745887,
        0.3266088900359673,
        0.9994354829342129,
        0.4559106719409841,
        0.9717649364774461,
        1.1547485633350636,
        0.8158883148039382,
        0.39627788133191943,
        0.14825238249824088,
        0.5776176209893544,
        0.1214384690149075,
        0.8866181833502009,
        0.8248455313811235,
        0.8078687676169451,
        0.700539195653038,
        1.0469710874753397,
        0.32457169782109074,
        0.5394244862699122,
        0.8840687972461871,
        0.9233419975799105,
        0.25342550831799404,
        0.40498862667193114,
        0.8030396571248106,
        0.31094071378517624,
        0.9340626641749736,
        1.0040718906217212,
        1.278441863318765,
        0.6657535995284646,
        0.9376880500775562,
        0.12652926352342742,
        0.535727839080195,
        0.27896806210903347,
        0.6652274426226426,
        0.39611245408563,
        0.4034423339190905,
        0.7392585425612168,
        0.11443165472665881,
        0.8267014189237926,
        1.0117501752018072,
        0.43585450859568925,
        0.9972542048015481,
        0.9826807066583344,
        0.7490662246807867,
        0.21762183241180746,
        0.9475227600257721,
        0.40870977842954553,
        0.6053366686388346,
        0.5200748984165389,
        0.9077753937940702,
        0.7694576480812023,
        1.2836580630507002,
        0.8773963794541044,
        0.6779612878083988,
        1.1059626032362075,
        0.17581189338550757,
        0.8700931709820479
      ],
      [
        0.21312490378957738,
        0.0,
        0.5345736921516735,
        0.59083947117046,
        0.6002096751800381,
        0.11487766328229171,
        0.801746396652075,
        0.24289478855900482,
        0.7586400326878687,
        0.9416236595454862,
        0.8913809660856566,
        0.18315297754234208,
        0.27309117452882126,
        0.364492717199777,
        0.2784867490491932,
        1.004441614166765,
        0.8951118467279855,
        0.9204845731483037,
        0.7769002668402277,
        0.842986470336263,
        0.39466746663327046,
        0.3263154092767315,
        0.8232004836434077,
        0.7102170937903332,
        0.040300604528416634,
        0.4694860735338835,
        0.5900079683058196,
        0.3810247431468061,
        0.7309222917966318,
        0.8058343350655377,
        1.0802405844857486,
        0.7421146707156543,
        0.7326805947651134,
        0.09067748197468525,
        0.6005592849457757,
        0.06585898511585281,
        0.45210253883306517,
        0.2090490557392293,
        0.21560841978962633,
        0.8084786806022185,
        0.19267778511431502,
        0.7731262610228807,
        1.0342338822139356,
        0.2336649211011199,
        0.7841293010119708,
        1.0117666766782891,
        0.592610920581961,
        0.061166528312981694,
        0.8992993695168137,
        0.216622666904957,
        0.39221176484925724,
        0.30694999462696154,
        0.8606594949869848,
        0.8593873418484372,
        1.087816482434985,
        0.810822547033315,
        0.47113608649801075,
        1.1488231472290318,
        0.3293305473259528,
        0.9346210229689396
      ],
      [
        0.7322188748261136,
        0.5345736921516735,
        0.0,
        0.2071371928855142,
        0.6400929186668525,
        0.4481780345356044,
        0.26721660810809933,
        0.32624751993194956,
        0.27693054851832116,
        0.42899752546980424,
        0.6833276479331643,
        0.3543166818107602,
        0.7003970576502793,
        0.1814663576064022,
        0.7826392872838008,
        0.5344373902303277,
        0.3770144302142295,
        0.45498302770897914,
        0.7877536688060809,
        0.3147522126492261,
        0.6879774751071591,
        0.26969431874866767,
        0.6159839928472784,
        0.2693024022902197,
        0.5083688485844042,
        0.7332527974006116,
        0.2839419562961501,
        0.6860983784719927,
        0.20184378934886002,
        0.2718530157956076,
        0.5969679218778821,
        0.8225392649306543,
        0.20546917525144265,
        0.6252511741263588,
        0.8081755907542987,
        0.4754164693329446,
        0.3960200251536368,
        0.48984842038277193,
        0.4863644489436125,
        0.8555043416012735,
        0.7272514772659886,
        0.2789112138582625,
        0.5440365400362666,
        0.4293273205070326,
        0.30138706895488704,
        0.5631722812406272,
        0.28434102847623477,
        0.5675301721354971,
        0.6560562173117912,
        0.4729376870335291,
        0.4723573233564933,
        0.2503293192774776,
        0.6153795809251623,
        0.38304634687961453,
        0.6022588227574097,
        0.27624885488164147,
        0.44364250245745196,
        0.6361970131533499,
        0.7635073764672056,
        0.9560959873119319
      ],
      [
        0.8039643749600374,
        0.59083947117046,
        0.2071371928855142,
        0.0,
        0.8472301115523667,
        0.5537272427224815,
        0.31884253513753036,
        0.49142647893257085,
        0.47890126167951375,
        0.5377050621447692,
        0.8904648408186784,
        0.5614538746962744,
        0.8639306456992812,
        0.3886035504919164,
        0.8693262202196532,
        0.7415745831158418,
        0.5841516230997437,
        0.6621202205944934,
        0.9948908616915951,
        0.40635809492368846,
        0.8951146679926734,
        0.47683151163418186,
        0.8231211857327927,
        0.11937762261987317,
        0.6311400756988766,
        0.9403899902861258,
        0.07680476341063591,
        0.893235571357507,
        0.14008282062617183,
        0.312054205587833,
        0.7434461827731336,
        1.0296764578161686,
        0.2266365204976694,
        0.6815169531451453,
        1.0153127836398128,
        0.6010853181968063,
        0.4451932307018466,
        0.5226235504527743,
        0.5160840776780629,
        1.0626415344867877,
        0.783517256284775,
        0.4860484067437767,
        0.7511737329217807,
        0.46379781018562893,
        0.4939165373479259,
        0.7703094741261415,
        0.0772038355907206,
        0.6086482278596999,
        0.8631934101973054,
        0.5048087412191866,
        0.6794945162420074,
        0.4574665121629918,
        0.8225167738106764,
        0.5901835397651287,
        0.7389176851854586,
        0.48338604776715566,
        0.23650530957193777,
        0.7449045498283149,
        0.9201700184964128,
        1.1632331801974463
      ],
      [
        0.5037151066745887,
        0.6002096751800381,
        0.6400929186668525,
        0.8472301115523667,
        0.0,
        0.5259995014801425,
        0.793895484860568,
        0.5521228508804449,
        0.9045022032840624,
        0.905240734825508,
        0.44311626168494467,
        0.47902863530445133,
        0.35559102258478664,
        0.5422531226803144,
        0.415197439250781,
        0.5174227182963684,
        0.4080990387816114,
        0.42704860083397367,
        0.37234952471713595,
        0.7737968826267391,
        0.20808105672876773,
        0.37039859991818486,
        0.5112967441271936,
        0.9093953209570722,
        0.5599090706516214,
        0.1756140109800992,
        0.9240348749630027,
        0.21918493203323197,
        0.8333077180861006,
        0.8077100115008076,
        0.836739803518265,
        0.3674728317755957,
        0.7906662875611885,
        0.511891454691485,
        0.18019248510194932,
        0.5785574535547245,
        0.6931752167637053,
        0.6486921810204768,
        0.6530479989973353,
        0.2709395680168354,
        0.4098911515518552,
        0.49134882877450087,
        0.609111235392944,
        0.6348959638657654,
        0.8786620182882272,
        0.5804418884165716,
        0.9244339471430874,
        0.5917794298344659,
        0.5747507069067787,
        0.648427507323258,
        0.5736168009283049,
        0.5474845108875461,
        0.5350033406750767,
        0.34890223969601436,
        0.8631026546655121,
        0.3814647860082054,
        0.7936353283916181,
        0.7829773622793077,
        0.34744329660630535,
        0.42670414035964704
      ],
      [
        0.3266088900359673,
        0.11487766328229171,
        0.4481780345356044,
        0.5537272427224815,
        0.5259995014801425,
        0.0,
        0.7127731684498245,
        0.13397949603076825,
        0.6932793689652292,
        0.8688719124561239,
        0.8094943496925374,
        0.09916084933167954,
        0.3834492400928238,
        0.26952898320145396,
        0.3933644123314849,
        0.9204494859561024,
        0.7914318935351415,
        0.8364924449376411,
        0.8548232966632722,
        0.7620362975180641,
        0.47259049645631485,
        0.25916625027398443,
        0.7560513246406606,
        0.6316868664429454,
        0.11822363435146105,
        0.5474091033569279,
        0.47692247931184567,
        0.4589477729698505,
        0.6500218238844644,
        0.7153280774035726,
        1.014879920763109,
        0.8200377005386987,
        0.653647209787047,
        0.20103554753868771,
        0.6595769259600739,
        0.05255795207458206,
        0.3466495480210829,
        0.12269267954033428,
        0.12704849751719285,
        0.7969390694969779,
        0.3030358506783175,
        0.6694463078300368,
        0.9345716340080408,
        0.12564473653756972,
        0.7191021254903489,
        0.916802942679966,
        0.5262921109116782,
        0.12328419477436484,
        0.8205823449794039,
        0.1224280058431155,
        0.30821963663859464,
        0.20524677804467897,
        0.7935103359842377,
        0.7753952136377746,
        1.022630885189655,
        0.7244268894172459,
        0.3570174657414061,
        1.0760714001396696,
        0.4396886128899552,
        0.9527036418397896
      ],
      [
        0.9994354829342129,
        0.801746396652075,
        0.26721660810809933,
        0.31884253513753036,
        0.793895484860568,
        0.7127731684498245,
        0.0,
        0.5858473644488285,
        0.209506784987206,
        0.22192168320152952,
        0.799387318539455,
        0.6208203508900557,
        0.9623169177266155,
        0.4433862176827384,
        1.044559147360137,
        0.5982927515265031,
        0.45067453851582856,
        0.5358362832674819,
        0.8686069243645836,
        0.09272466353735064,
        0.946019718840613,
        0.5277365624821215,
        0.7394453521683501,
        0.2622387221945882,
        0.775468528781383,
        0.9569263300974236,
        0.38918910641911536,
        0.9441406222054467,
        0.18377688696645364,
        0.016533098472478885,
        0.4315074996281977,
        0.9033925204891571,
        0.09220616424361595,
        0.8924238786267603,
        0.9687680277882103,
        0.7420908763796131,
        0.6557728449073057,
        0.7513868908522023,
        0.7485325129584435,
        0.9700168810648842,
        0.9944241817663901,
        0.3295377589578442,
        0.5409949225168688,
        0.6934126547606129,
        0.21349251491872626,
        0.5117126447903817,
        0.39604637072825094,
        0.833529434994363,
        0.7645025081233201,
        0.7352253771901494,
        0.7304076305517392,
        0.5100821390311464,
        0.7415518286034859,
        0.4892766812783975,
        0.42500291252022504,
        0.41243069885236266,
        0.5553478447094682,
        0.4291211708850751,
        1.0254272365435417,
        1.0792558044354732
      ],
      [
        0.4559106719409841,
        0.24289478855900482,
        0.32624751993194956,
        0.49142647893257085,
        0.5521228508804449,
        0.13397949603076825,
        0.5858473644488285,
        0.0,
        0.5868991069577925,
        0.7536765631222234,
        0.7742304894013432,
        0.08153300728656984,
        0.5148451795072156,
        0.14479752784193603,
        0.521381537608198,
        0.8042218043679272,
        0.6574523975043732,
        0.7424709309769661,
        0.8898213138210482,
        0.6408227957490858,
        0.5874044204757731,
        0.20916493259241808,
        0.7060500069590943,
        0.5903343640442629,
        0.2330375583709193,
        0.6021016115799681,
        0.4356343491807597,
        0.5737616969893088,
        0.5280913092808096,
        0.5905982302446167,
        0.9084996587556722,
        0.8839001176624826,
        0.5317166951833923,
        0.3324314869530796,
        0.7016438665331601,
        0.1770516755978888,
        0.21276373424582484,
        0.16856035124801658,
        0.1665261522100248,
        0.8230624188972803,
        0.4344317900927094,
        0.5354668117992685,
        0.8005921379772725,
        0.1154106406905651,
        0.6126382986375373,
        0.7920714873204481,
        0.42419581453090516,
        0.25708428613024936,
        0.6914253476438015,
        0.15357582539028428,
        0.29035565295123694,
        0.07608978070907663,
        0.7321019840304306,
        0.6969602660469056,
        0.9162009332028452,
        0.602496374813591,
        0.2549211693606331,
        0.960876050805769,
        0.5710845523043471,
        0.978826991240092
      ],
      [
        0.9717649364774461,
        0.7586400326878687,
        0.27693054851832116,
        0.47890126167951375,
        0.9045022032840624,
        0.6932793689652292,
        0.209506784987206,
        0.5868991069577925,
        0.0,
        0.19105807117472112,
        0.7050124743981954,
        0.5943188407533636,
        0.9649612110896711,
        0.44603051104579405,
        1.037126781737062,
        0.4552828999033224,
        0.5102181658938886,
        0.5027483001048998,
        0.8206032988179004,
        0.15486339934871374,
        0.9649080236254803,
        0.5466248672669889,
        0.6739362412129454,
        0.4297728024459311,
        0.758416076329189,
        1.0101833459189329,
        0.544989668649848,
        0.9630289269903141,
        0.3388184410533419,
        0.2259672998289,
        0.3216005517978797,
        0.8551471896736689,
        0.25606679842475455,
        0.849317514662554,
        1.0422295448789802,
        0.7087931492187479,
        0.6597279343211291,
        0.754987512633004,
        0.7523743912247238,
        0.8766808022264632,
        0.9513178178021837,
        0.5390445439450502,
        0.3533425925939779,
        0.6971977676478945,
        0.025840184995835336,
        0.3240603148674908,
        0.5561050972702344,
        0.8027439111674662,
        0.7135273309886132,
        0.7391130488967297,
        0.7492878718748144,
        0.5140372284449699,
        0.6990371675360085,
        0.5555999635880481,
        0.32935151622442577,
        0.5473062524442165,
        0.7139675239738086,
        0.39825755885826675,
        1.0280715299065974,
        0.9704125119736533
      ],
      [
        1.1547485633350636,
        0.9416236595454862,
        0.42899752546980424,
        0.5377050621447692,
        0.905240734825508,
        0.8688719124561239,
        0.22192168320152952,
        0.7536765631222234,
        0.19105807117472112,
        0.0,
        0.741572128794423,
        0.7710677040303627,
        1.1281620109203772,
        0.6092313108765002,
        1.2052285660863604,
        0.5174523609290695,
        0.537559700212956,
        0.564917761130647,
        0.8571629532141279,
        0.13144385219876903,
        1.1041674815158575,
        0.6858843251573661,
        0.7361057022386925,
        0.4839433380150625,
        0.9351649396061881,
        1.0683823365393326,
        0.6077603529080996,
        1.1022883848806913,
        0.40454127531805806,
        0.23353111537336652,
        0.21291355664552908,
        0.8917068440698966,
        0.3110685416470998,
        1.0323011415201715,
        1.0787891992752079,
        0.8887814863832821,
        0.8240217623663026,
        0.9187526835399946,
        0.9153356328134915,
        0.9137488224625323,
        1.1343014446598012,
        0.5514594421593737,
        0.37844894954185615,
        0.8583167794179173,
        0.16874985108843762,
        0.3862297758932379,
        0.6149088977354897,
        0.982711058274241,
        0.7756967920143604,
        0.9019121875192078,
        0.8891025261674861,
        0.6783310564901434,
        0.7612066285617557,
        0.5970418727509473,
        0.20377821884460384,
        0.5238867052942717,
        0.774210371716707,
        0.2071994876835456,
        1.1373501975342457,
        1.0224991972876596
      ],
      [
        0.8158883148039382,
        0.8913809660856566,
        0.6833276479331643,
        0.8904648408186784,
        0.44311626168494467,
        0.8094943496925374,
        0.799387318539455,
        0.7742304894013432,
        0.7050124743981954,
        0.741572128794423,
        0.0,
        0.7103335003608579,
        0.668274966461439,
        0.7376452679821235,
        0.7159741746376037,
        0.2524827493000984,
        0.34902403543166816,
        0.2668809332334248,
        0.11559082441970496,
        0.7551398834458551,
        0.4979614124675721,
        0.5650655568089252,
        0.06818048244224896,
        0.9455982864104338,
        0.8519487814627112,
        0.43138971663130304,
        0.9672696042293143,
        0.5112246428443218,
        0.8632099411644383,
        0.8149279874340204,
        0.6938066586015433,
        0.1501347152754736,
        0.8132032672100522,
        0.850688659015575,
        0.3372170704807848,
        0.8255219809698039,
        0.8925464343997975,
        0.9021277902863973,
        0.9032849978845517,
        0.1721766936681093,
        0.7496353558252353,
        0.4698949527724028,
        0.402931297628296,
        0.8703538035554257,
        0.67917228940236,
        0.38095215953070455,
        0.967668676409399,
        0.9174274595067157,
        0.13163444522183393,
        0.8905883284066747,
        0.7682837578190451,
        0.7468557285236384,
        0.09188707899013204,
        0.3133485262361022,
        0.7216744888306139,
        0.41080352880442916,
        0.9921968515932404,
        0.5767974245146597,
        0.6487566552256725,
        0.2809270684932366
      ],
      [
        0.39627788133191943,
        0.18315297754234208,
        0.3543166818107602,
        0.5614538746962744,
        0.47902863530445133,
        0.09916084933167954,
        0.6208203508900557,
        0.08153300728656984,
        0.5943188407533636,
        0.7710677040303627,
        0.7103335003608579,
        0.0,
        0.4560604978847592,
        0.18133998709670468,
        0.4616397265915353,
        0.821288636624423,
        0.7119591166249132,
        0.7373315956059616,
        0.8259243247805628,
        0.666411474280447,
        0.5184640976806792,
        0.16621234243088015,
        0.6630974167975564,
        0.6236190841009799,
        0.1640972355758254,
        0.5932827045812923,
        0.5171355586232926,
        0.5048213741942149,
        0.5561604711596202,
        0.6243073617279835,
        0.9159193925512433,
        0.8105641027018579,
        0.5597858570622029,
        0.2736468053306232,
        0.6232837560282115,
        0.12130378793344296,
        0.27224377607987565,
        0.1917942899255395,
        0.1929514975236939,
        0.7499682033212867,
        0.37564710847025296,
        0.5899735309198084,
        0.8510811521108632,
        0.1600203031945678,
        0.6201314192896814,
        0.8286139465752167,
        0.5056970239734382,
        0.21338414229613212,
        0.7391963026709623,
        0.182807260334399,
        0.20905878730691513,
        0.12667413481108752,
        0.7005564281411335,
        0.6762343643060951,
        0.9236703569777893,
        0.6305655366924017,
        0.33642237880316606,
        0.9782671917139083,
        0.5122998706818906,
        0.9047872876169916
      ],
      [
        0.14825238249824088,
        0.27309117452882126,
        0.7003970576502793,
        0.8639306456992812,
        0.35559102258478664,
        0.3834492400928238,
        0.9623169177266155,
        0.5148451795072156,
        0.9649612110896711,
        1.1281620109203772,
        0.668274966461439,
        0.4560604978847592,
        0.0,
        0.5189307000438771,
        0.08765990095054864,
        0.7467984711910535,
        0.6765931488828826,
        0.6714186505135012,
        0.5529258473105388,
        1.01506593264262,
        0.18322206344178707,
        0.5863519439112478,
        0.736455448903688,
        0.969699459940499,
        0.3133917790572379,
        0.2661942506172096,
        0.8478229587057764,
        0.1699478841879227,
        0.9022408469991393,
        0.9647314024465578,
        1.141991746215321,
        0.5181402511859654,
        0.905866232901722,
        0.18241369255413603,
        0.39700905761080524,
        0.3381512949060784,
        0.7250137684447311,
        0.4352548008652806,
        0.44202996803878586,
        0.5941588576333967,
        0.08136038936379632,
        0.7826987198305986,
        0.8777256331569175,
        0.46082991193078343,
        0.9905052477967617,
        0.8484837015264748,
        0.7940584901740934,
        0.26261409790511414,
        0.7999094116832729,
        0.44373095320153866,
        0.6651192851916743,
        0.5799971854223477,
        0.7601620454515711,
        0.6212052655829614,
        1.1354056805524593,
        0.7291439969558635,
        0.7034837650317527,
        0.9932610286676263,
        0.06311031881692632,
        0.7296207776319562
      ],
      [
        0.5776176209893544,
        0.364492717199777,
        0.1814663576064022,
        0.3886035504919164,
        0.5422531226803144,
        0.26952898320145396,
        0.4433862176827384,
        0.14479752784193603,
        0.44603051104579405,
        0.6092313108765002,
        0.7376452679821235,
        0.18133998709670468,
        0.5189307000438771,
        0.0,
        0.6011729296773987,
        0.6773885363917626,
        0.5306191295282086,
        0.6156376630008014,
        0.8532360924018285,
        0.49613523259874287,
        0.5806842064406401,
        0.1725797111731983,
        0.6694647855398745,
        0.4507687598966219,
        0.3435839363656379,
        0.6322099683013469,
        0.44865019274814116,
        0.5771567268855835,
        0.3833101469552622,
        0.44580070240268066,
        0.7676310628436738,
        0.8877799832575971,
        0.3869355328578449,
        0.45494374326525144,
        0.7109830765620286,
        0.3018304862529025,
        0.21479045858409335,
        0.3101356874448254,
        0.30710818422664266,
        0.8131926906971498,
        0.5569440464048812,
        0.40863354382310374,
        0.6697411650141586,
        0.2512621576880764,
        0.4715745477528847,
        0.6472739594785121,
        0.43721165809828666,
        0.3912231746427217,
        0.684435319642659,
        0.29375131726246695,
        0.3445474317736388,
        0.0690997527079341,
        0.7069237968834516,
        0.5645127044860168,
        0.7752004178271807,
        0.4577152124880437,
        0.26793701292801453,
        0.8164307985600457,
        0.5820410188608034,
        0.9689572630399614
      ],
      [
        0.1214384690149075,
        0.2784867490491932,
        0.7826392872838008,
        0.8693262202196532,
        0.415197439250781,
        0.3933644123314849,
        1.044559147360137,
        0.521381537608198,
        1.037126781737062,
        1.2052285660863604,
        0.7159741746376037,
        0.4616397265915353,
        0.08765990095054864,
        0.6011729296773987,
        0.0,
        0.8211290283501486,
        0.758389165912603,
        0.7488890249296563,
        0.6006250554867035,
        1.0973081622761416,
        0.21825902340746928,
        0.6048021583259247,
        0.7841546570798527,
        0.9887038428395264,
        0.3187873535776098,
        0.2935634247936105,
        0.8684947173550128,
        0.20485222168285722,
        0.9844830766326609,
        1.0469736320800793,
        1.1954436573240084,
        0.5658394593621301,
        0.9881084625352435,
        0.2136950389145861,
        0.42240094266214906,
        0.344345734165046,
        0.7305892878822584,
        0.48275616254349263,
        0.48976576499615754,
        0.6319715394213622,
        0.13413706226622704,
        0.8464068264633607,
        0.956222664599909,
        0.5121246575497911,
        1.0626160500611639,
        0.9269416167022946,
        0.8365771953306893,
        0.30513280306171003,
        0.8476086198594376,
        0.49254782392379354,
        0.6706985138984505,
        0.5854367436761547,
        0.8078612536277358,
        0.7020322784318322,
        1.2148031170306486,
        0.7966622252589863,
        0.7496228355472039,
        0.9980290784028147,
        0.06787836855211477,
        0.7564838704807102
      ],
      [
        0.8866181833502009,
        1.004441614166765,
        0.5344373902303277,
        0.7415745831158418,
        0.5174227182963684,
        0.9204494859561024,
        0.5982927515265031,
        0.8042218043679272,
        0.4552828999033224,
        0.5174523609290695,
        0.2524827493000984,
        0.821288636624423,
        0.7467984711910535,
        0.6773885363917626,
        0.8211290283501486,
        0.0,
        0.1574630839834531,
        0.09115816173272859,
        0.36807357371980337,
        0.5635789319976401,
        0.6301236296217374,
        0.7155384164367933,
        0.21865334207011705,
        0.7708547918205259,
        0.9807703996437066,
        0.6838724659314015,
        0.8183793465264777,
        0.6400462610253171,
        0.6819008648347328,
        0.6137901029394934,
        0.4439645642708351,
        0.402617464575572,
        0.6153607914180145,
        0.9292121637451896,
        0.5896998197808831,
        0.9425924245578658,
        0.8847121269137841,
        0.9714198844468855,
        0.9700689153397353,
        0.4230233652227889,
        0.8281588605548498,
        0.2687549925686588,
        0.15653581054960583,
        0.919197915895362,
        0.42944271490748703,
        0.13122258503583156,
        0.8187784187065624,
        1.0094125690961677,
        0.2612905210919109,
        0.9574053298879937,
        0.6122298493175078,
        0.7390214210376249,
        0.24434701445387036,
        0.16852047860035407,
        0.4712622822009284,
        0.27067905791461844,
        0.945325549319777,
        0.33040193743596946,
        0.7558911708703564,
        0.5251492768807267
      ],
      [
        0.8248455313811235,
        0.8951118467279855,
        0.3770144302142295,
        0.5841516230997437,
        0.4080990387816114,
        0.7914318935351415,
        0.45067453851582856,
        0.6574523975043732,
        0.5102181658938886,
        0.537559700212956,
        0.34902403543166816,
        0.7119591166249132,
        0.6765931488828826,
        0.5306191295282086,
        0.758389165912603,
        0.1574630839834531,
        0.0,
        0.08516174475165332,
        0.4179323858487551,
        0.40611584801418693,
        0.5943958440001135,
        0.6467087489628971,
        0.29133431524925774,
        0.6181522058410683,
        0.8742030658938463,
        0.5821339958725771,
        0.6609563865103796,
        0.6017052890642955,
        0.5306531297230703,
        0.4663607431418679,
        0.49937578399964544,
        0.4527179819733286,
        0.4705380377421237,
        0.8590068414370187,
        0.5882915238835608,
        0.832449615781111,
        0.7379427200502302,
        0.8246504775833315,
        0.8232995084761812,
        0.5193423425490556,
        0.7579535382466789,
        0.12198558570510479,
        0.21340410410907215,
        0.772428509031808,
        0.4843779808980533,
        0.18615785102639779,
        0.6613554586904643,
        0.9145366836346226,
        0.3138279696074916,
        0.8106359230244395,
        0.5177572966942519,
        0.5922520141740709,
        0.2986714749491079,
        0.05948217253799139,
        0.5269992200030856,
        0.12030449782620456,
        0.798556142456223,
        0.3872702309954358,
        0.6979400178648217,
        0.6295781274258015
      ],
      [
        0.8078687676169451,
        0.9204845731483037,
        0.45498302770897914,
        0.6621202205944934,
        0.42704860083397367,
        0.8364924449376411,
        0.5358362832674819,
        0.7424709309769661,
        0.5027483001048998,
        0.564917761130647,
        0.2668809332334248,
        0.7373315956059616,
        0.6714186505135012,
        0.6156376630008014,
        0.7488890249296563,
        0.09115816173272859,
        0.08516174475165332,
        0.0,
        0.33277064109710175,
        0.49127759276584027,
        0.5681126930548691,
        0.7100980668356897,
        0.21321299246901343,
        0.7016948051000512,
        0.901428831181787,
        0.6008576469769094,
        0.7389249840051293,
        0.5769473055602437,
        0.6148348348652072,
        0.5515224878935212,
        0.47057309570181993,
        0.36755623722167524,
        0.5556861974613463,
        0.8538323430676373,
        0.5544014325260217,
        0.8586353835394045,
        0.822961253522823,
        0.8999619452064693,
        0.8951467497336187,
        0.4341805977974023,
        0.7527790398772976,
        0.20700411917769762,
        0.2079146561465174,
        0.857447042504401,
        0.4769081151090645,
        0.17868798523740903,
        0.739324056185214,
        0.9340327484186154,
        0.22866622485583826,
        0.8817131278443916,
        0.5282728082990464,
        0.6772705476466637,
        0.2261256731535489,
        0.0781463611379593,
        0.49549212162804684,
        0.18382637364044646,
        0.8835746759288159,
        0.3817807830328811,
        0.6852482081481891,
        0.5478066661615212
      ],
      [
        0.700539195653038,
        0.7769002668402277,
        0.7877536688060809,
        0.9948908616915951,
        0.37234952471713595,
        0.8548232966632722,
        0.8686069243645836,
        0.8898213138210482,
        0.8206032988179004,
        0.8571629532141279,
        0.11559082441970496,
        0.8259243247805628,
        0.5529258473105388,
        0.8532360924018285,
        0.6006250554867035,
        0.36807357371980337,
        0.4179323858487551,
        0.33277064109710175,
        0.0,
        0.8090965146682769,
        0.382612293316672,
        0.6806563812286301,
        0.18377130686195392,
        1.015811094000507,
        0.7365996623118111,
        0.31579889221159807,
        1.071695625102231,
        0.3958755236934217,
        0.9246429339143734,
        0.884293128990623,
        0.8033437367989217,
        0.03478559612457348,
        0.888456838558448,
        0.7353395398646748,
        0.22163079142891995,
        0.8025057980665083,
        0.983385319665639,
        0.9651256238945426,
        0.9710579671699081,
        0.10140995670030056,
        0.6342862366743351,
        0.5397747602747993,
        0.518522122048001,
        0.979930578796541,
        0.794763113822065,
        0.4965429839504095,
        1.0720946972823158,
        0.815539945215653,
        0.2472252696415389,
        0.9699111605051994,
        0.8610434493961482,
        0.8624465529433434,
        0.20747790340983702,
        0.41091700223506106,
        0.8282627627251486,
        0.5165970147375483,
        1.1077876760129455,
        0.6923882489343647,
        0.5334075360747724,
        0.2549813574554098
      ],
      [
        1.0469710874753397,
        0.842986470336263,
        0.3147522126492261,
        0.40635809492368846,
        0.7737968826267391,
        0.7620362975180641,
        0.09272466353735064,
        0.6408227957490858,
        0.15486339934871374,
        0.13144385219876903,
        0.7551398834458551,
        0.666411474280447,
        1.01506593264262,
        0.49613523259874287,
        1.0973081622761416,
        0.5635789319976401,
        0.40611584801418693,
        0.49127759276584027,
        0.8090965146682769,
        0.0,
        0.9727236293170884,
        0.554440472958597,
        0.6974501632634447,
        0.354558118145716,
        0.813686334696911,
        0.9369384843405636,
        0.47635005712552514,
        0.9708445326819222,
        0.27334183264194095,
        0.10636147322119274,
        0.33891688771533407,
        0.8438821107928504,
        0.17972157442601908,
        0.9336639523109482,
        0.9487801820313503,
        0.7865433000755203,
        0.7104788728968798,
        0.8024868043228263,
        0.7986129734527591,
        0.9105064713685775,
        1.035664255450578,
        0.42226242249519486,
        0.47615158627785525,
        0.7440795331562586,
        0.1486491786797127,
        0.4468693085513682,
        0.4835619305144091,
        0.8797055061464181,
        0.7199438176216786,
        0.7851863768460758,
        0.757658673968717,
        0.5647881670207205,
        0.7047873229632948,
        0.4655980205521783,
        0.33304798055267537,
        0.39244285309550275,
        0.6428634044956263,
        0.33864333988231465,
        1.0781762514595463,
        1.0356939754399885
      ],
      [
        0.32457169782109074,
        0.39466746663327046,
        0.6879774751071591,
        0.8951146679926734,
        0.20808105672876773,
        0.47259049645631485,
        0.946019718840613,
        0.5874044204757731,
        0.9649080236254803,
        1.1041674815158575,
        0.4979614124675721,
        0.5184640976806792,
        0.18322206344178707,
        0.5806842064406401,
        0.21825902340746928,
        0.6301236296217374,
        0.5943958440001135,
        0.5681126930548691,
        0.382612293316672,
        0.9727236293170884,
        0.0,
        0.41828315635849145,
        0.5661418949098211,
        0.9289622404709209,
        0.3543668621048538,
        0.08334517478846935,
        0.8645026483562045,
        0.01364272348646432,
        0.8786655096585484,
        0.9532808219345951,
        1.038685788756689,
        0.3478266971920985,
        0.8931012798014581,
        0.36012339845383146,
        0.2138052523329992,
        0.42027299785955097,
        0.7061728794731568,
        0.5828928236875852,
        0.5888251669629508,
        0.41521370843050287,
        0.2586181962067605,
        0.6575289124984566,
        0.775216194769887,
        0.5976977785895837,
        0.9893645440620462,
        0.7462016002404686,
        0.9427034430731689,
        0.4405064744893712,
        0.6295958576894061,
        0.5876783602982422,
        0.6215013573686115,
        0.5604821735969975,
        0.5898484914577041,
        0.5352299967772688,
        1.0494304117467665,
        0.5895458427369731,
        0.8068293228537282,
        0.9490823216562507,
        0.1517659102100738,
        0.5467650795047663
      ],
      [
        0.5394244862699122,
        0.3263154092767315,
        0.26969431874866767,
        0.47683151163418186,
        0.37039859991818486,
        0.25916625027398443,
        0.5277365624821215,
        0.20916493259241808,
        0.5466248672669889,
        0.6858843251573661,
        0.5650655568089252,
        0.16621234243088015,
        0.5863519439112478,
        0.1725797111731983,
        0.6048021583259247,
        0.7155384164367933,
        0.6467087489628971,
        0.7100980668356897,
        0.6806563812286301,
        0.554440472958597,
        0.41828315635849145,
        0.0,
        0.4968850743666762,
        0.5389967210388873,
        0.3263625599155759,
        0.46355847865194394,
        0.5536362750448178,
        0.4164040597233251,
        0.46290911816791575,
        0.5349976655761036,
        0.8666622406265497,
        0.7152002720843988,
        0.47481812344296664,
        0.4161940265128211,
        0.538481272005631,
        0.2604564241608787,
        0.3274808775908724,
        0.35708653485544983,
        0.35769022921204624,
        0.6413381679350203,
        0.5181943296524509,
        0.5486055326069301,
        0.8137308587849341,
        0.3178374495596594,
        0.5710813877035548,
        0.8198536706517103,
        0.5540353472249024,
        0.3523619026977905,
        0.5729839602400821,
        0.3467466818923076,
        0.20321820101012,
        0.18179017171471315,
        0.5343440857102533,
        0.6527406656282821,
        0.8719531415060774,
        0.5459431736303091,
        0.42713129478431533,
        0.8930838128409117,
        0.554610380993931,
        0.7971027402778319
      ],
      [
        0.8840687972461871,
        0.8232004836434077,
        0.6159839928472784,
        0.8231211857327927,
        0.5112967441271936,
        0.7560513246406606,
        0.7394453521683501,
        0.7060500069590943,
        0.6739362412129454,
        0.7361057022386925,
        0.06818048244224896,
        0.6630974167975564,
        0.736455448903688,
        0.6694647855398745,
        0.7841546570798527,
        0.21865334207011705,
        0.29133431524925774,
        0.21321299246901343,
        0.18377130686195392,
        0.6974501632634447,
        0.5661418949098211,
        0.4968850743666762,
        0.0,
        0.8792666173710846,
        0.8232476342822521,
        0.499570199073552,
        0.8999259491434286,
        0.5794051252865708,
        0.7976702045582997,
        0.7547382781519669,
        0.6622446275569741,
        0.21831519771772256,
        0.7498523472751479,
        0.9130791008794973,
        0.40539755292303375,
        0.757341498527555,
        0.8243659519575486,
        0.8533015864203246,
        0.8484863909474739,
        0.24035717611035828,
        0.8178158382674843,
        0.4101667793991639,
        0.3747063830688411,
        0.8147225239263356,
        0.6480960562171101,
        0.34987592634545456,
        0.9003250213235133,
        0.8492469770644667,
        0.07609888587340591,
        0.8350527690582468,
        0.7001032753767962,
        0.6786752460813894,
        0.03745901134357705,
        0.25080123683955285,
        0.689258060563771,
        0.34484753054478434,
        0.9240163691509915,
        0.5485725099552048,
        0.7169371376679214,
        0.34011199446465346
      ],
      [
        0.9233419975799105,
        0.7102170937903332,
        0.2693024022902197,
        0.11937762261987317,
        0.9093953209570722,
        0.6316868664429454,
        0.2622387221945882,
        0.5903343640442629,
        0.4297728024459311,
        0.4839433380150625,
        0.9455982864104338,
        0.6236190841009799,
        0.969699459940499,
        0.4507687598966219,
        0.9887038428395264,
        0.7708547918205259,
        0.6181522058410683,
        0.7016948051000512,
        1.015811094000507,
        0.354558118145716,
        0.9289622404709209,
        0.5389967210388873,
        0.8792666173710846,
        0.0,
        0.7449510776719672,
