{
  "sol": {
    "z": 3.673472487943219,
    "tours": [
      [
        0,
        19,
        23,
        17,
        8,
        7,
        5,
        3,
        10,
        20,
        11,
        14,
        15,
        18
      ],
      [
        1,
        16,
        2,
        0,
        12,
        13,
        6,
        22,
        21,
        9,
        59,
        4
      ]
    ]
  },
  "params": {
    "gm": [
      [
        0.0,
        0.16707347065922476,
        0.17638972444386503,
        0.6726333057432685,
        0.5423479568923397,
        0.6086725720355586,
        0.2671419586169337,
        0.5450335359793269,
        0.5777545293000199,
        0.3975359222618412,
        0.797674841188035,
        0.4550264836279525,
        0.12780649061745536,
        0.15783252895551986,
        0.48431869257179033,
        0.7265954548082356,
        0.38529860213623185,
        0.48304048680930617,
        0.2133117412920345,
        0.3311848927742042,
        0.8569393284327212,
        0.49358233663840995,
        0.33413659950883834,
        0.40243619399776326,
        0.5499526637741109,
        0.3157927400610118,
        0.3719211504928038,
        0.4645162019372395,
        0.2606797221768673,
        0.1956811349360666,
        0.4771537039258434,
        0.5356135761898416,
        0.3321706079110768,
        0.8174734894214801,
        0.527789801595957,
        0.3859425599466064,
        0.8393334757486279,
        0.5590190454366841,
        0.2113566461990338,
        0.3568204547373959,
        0.47609946797043445,
        0.5072945791968861,
        0.41495246568001104,
        0.6812365769677378,
        0.4095884645894259,
        0.6493241490417628,
        0.10215793920579239,
        0.6337185962753642,
        0.3926728549130583,
        0.5738016315677447,
        0.9459573089830637,
        0.6248908030533221,
        0.616913031052529,
        0.7080497183800885,
        0.6346984612481065,
        0.4831903760049395,
        0.27571454207325924,
        0.4127921472236544,
        0.4668709837620605,
        0.8180530915635308
      ],
      [
        0.16707347065922476,
        0.0,
        0.052354630374269275,
        0.8108194038977795,
        0.7094214275515645,
        0.7333317843651226,
        0.43421542927615847,
        0.6851041329515213,
        0.7448279999592446,
        0.564609392921066,
        0.9358609393425461,
        0.5969181445379788,
        0.29487996127668015,
        0.32490599961474464,
        0.650573600663272,
        0.8928503628997173,
        0.2529963419456967,
        0.6111346724378689,
        0.1830565776742982,
        0.47307655368423046,
        0.9924075238494339,
        0.40656573496431175,
        0.5012100701680632,
        0.5379043894144758,
        0.7170261344333356,
        0.16857846164666074,
        0.5389946211520286,
        0.6315896725964643,
        0.09402173200867525,
        0.3627546055952914,
        0.6442271745850682,
        0.521324296739749,
        0.4992440785703015,
        0.9556595875759911,
        0.6948632722551817,
        0.5530160306058312,
        1.0064069464078527,
        0.6580408674290892,
        0.35741541720474146,
        0.4992483101112755,
        0.4369680414826739,
        0.6743680498561109,
        0.5561747820213384,
        0.8483100476269625,
        0.5766619352486506,
        0.6364787285910716,
        0.12036121061569978,
        0.7661433743005078,
        0.5055721005356859,
        0.5642605678903378,
        1.0814255043997762,
        0.7915624786632224,
        0.6895849804303362,
        0.8743046264715701,
        0.800953369339588,
        0.33597609759058844,
        0.442788012732484,
        0.5798656178828792,
        0.6339444544212852,
        0.9851265622227555
      ],
      [
        0.17638972444386503,
        0.052354630374269275,
        0.0,
        0.8399065725255619,
        0.7187376813362047,
        0.7671503851914965,
        0.4435316830607987,
        0.713107633695495,
        0.7541442537438849,
        0.5739256467057062,
        0.9649481079703284,
        0.6232886784853315,
        0.3041962150613204,
        0.3342222533993849,
        0.6607084170156554,
        0.9029851792521008,
        0.20890887769236682,
        0.6433831054297107,
        0.23426952648205837,
        0.49944708763158324,
        1.0216929530266028,
        0.377813909251835,
        0.5105263239527034,
        0.5671898185916447,
        0.7263423882179759,
        0.13982663593418398,
        0.5483108749366687,
        0.6409059263811046,
        0.11170873910409325,
        0.3720708593799316,
        0.6535434283697084,
        0.5736255354438061,
        0.5085603323549418,
        0.9847467562037735,
        0.704179526039822,
        0.5623322843904714,
        1.015723200192493,
        0.6962015852808668,
        0.38107006552889067,
        0.47049648439879876,
        0.48917392468213894,
        0.6836843036407512,
        0.5832503092943218,
        0.8576263014116028,
        0.5859781890332909,
        0.6876287786045914,
        0.1585459388074539,
        0.8043281024922619,
        0.49541366524961655,
        0.6165160224961294,
        1.1107109335769452,
        0.8012805274971871,
        0.7418862191343933,
        0.8844394428239536,
        0.8110881856919716,
        0.30722427187811174,
        0.45210426651712426,
        0.5891818716675195,
        0.6432607082059255,
        0.9944428160073958
      ],
      [
        0.6726333057432685,
        0.8108194038977795,
        0.8399065725255619,
        0.0,
        0.7948938678097295,
        0.11649855276412864,
        0.7743019199215658,
        0.12769440887965497,
        0.4409603265920389,
        0.8883828747149584,
        0.12504153544476654,
        0.3583742755222882,
        0.7327166848830662,
        0.6964865948671317,
        0.5693451546487024,
        0.5127103568183621,
        1.0402073582307638,
        0.2053135566597578,
        0.6914360434184095,
        0.3415151905355668,
        0.1988243043827029,
        1.0031013799237198,
        0.8436556427941483,
        0.2729747058657049,
        0.912383265326322,
        0.9777187158342455,
        0.7573814374383923,
        0.541963578040844,
        0.8872982772894135,
        0.6677731692409777,
        0.860772358860115,
        0.6671011698514225,
        0.5561244290783297,
        0.14484018367821164,
        0.3163910819633915,
        0.7741122388511118,
        0.30024599153669895,
        0.27506002985340144,
        0.4612952932218054,
        0.8825985716877164,
        0.7212986774269434,
        0.449868315605446,
        0.25768084756326365,
        0.9343958477925287,
        0.3758953831769729,
        0.5764348407545467,
        0.6914066838885201,
        0.7187450583522763,
        0.9088692258588238,
        0.6626477596184266,
        0.28292817475216486,
        0.5803128244544934,
        0.510960151630693,
        0.7784459967861076,
        0.6955728588086012,
        1.07561277351736,
        0.6987731822160099,
        0.4415269765989972,
        0.6198819306831871,
        1.0180429017609858
      ],
      [
        0.5423479568923397,
        0.7094214275515645,
        0.7187376813362047,
        0.7948938678097295,
        0.0,
        0.778345579002232,
        0.36869647193917154,
        0.6671994589300745,
        1.0375928822604048,
        0.3108059792572361,
        0.8730883707853709,
        0.6067501743363011,
        0.4148286298032059,
        0.3895888617395482,
        0.41835966283429765,
        0.4770403841404618,
        0.7325932092048377,
        0.7645662266325525,
        0.7482913411080552,
        0.7257669897164745,
        0.867504769810393,
        0.5450585490882279,
        0.3856128119586563,
        0.7655757998089725,
        0.13931243056740114,
        0.7586363435279672,
        0.18382902303292226,
        0.42281336513408513,
        0.803027679069207,
        0.3555930408678719,
        0.06587849105038557,
        1.0268320872175971,
        0.3855679345133245,
        0.8282344501338954,
        0.9252122570649404,
        0.17727298964126015,
        0.6870724420018464,
        0.8974999426852333,
        0.7537046030913735,
        0.44078345370662064,
        0.9877457342492828,
        0.967132932157271,
        0.7430396427053582,
        0.13950197998279917,
        0.8694268175498108,
        1.1592152356150704,
        0.643770198641908,
        0.36630890353645384,
        0.4338510368148021,
        1.0707441544706982,
        0.9213132533460546,
        0.39276610388908284,
        1.076751384012914,
        0.19462863702599947,
        0.2802698064751715,
        0.6175699426818679,
        0.2667399071766957,
        0.5041605399724327,
        0.492349201323106,
        0.27580769049892206
      ],
      [
        0.6086725720355586,
        0.7333317843651226,
        0.7671503851914965,
        0.11649855276412864,
        0.778345579002232,
        0.0,
        0.7352329922975416,
        0.1121213883596056,
        0.3245701824759446,
        0.8659460090944596,
        0.2370915684587668,
        0.3324917175385249,
        0.713412262628705,
        0.6771821726127706,
        0.5500407323943413,
        0.6292089095824908,
        0.9725087390280654,
        0.12586064049222195,
        0.5990988238832676,
        0.2843115550024235,
        0.31294032638142977,
        0.9640324522996957,
        0.804586715170124,
        0.2097846864220968,
        0.8899463997058232,
        0.9017874104274238,
        0.7354264749382332,
        0.5226591557864829,
        0.8037015618874128,
        0.6484687469866166,
        0.8442240700526176,
        0.5512096354225419,
        0.533687563457831,
        0.26128291050455943,
        0.2000697992671675,
        0.7518625636579821,
        0.4167445443008276,
        0.15867476870488767,
        0.4005310829153022,
        0.8399485094319631,
        0.6076418793255932,
        0.3362115175040958,
        0.20824822627390221,
        0.9077836642345898,
        0.2692275261720705,
        0.46077149834649694,
        0.6129712565967983,
        0.6994406360979151,
        0.8698002982347997,
        0.5462010441653052,
        0.3935594369138474,
        0.614859729989542,
        0.3944777889848733,
        0.7686286580159649,
        0.6929573979247143,
        1.0365438458933358,
        0.6763363165955112,
        0.422222554344636,
        0.6036404608388112,
        1.00180143191661
      ],
      [
        0.2671419586169337,
        0.43421542927615847,
        0.4435316830607987,
        0.7743019199215658,
        0.36869647193917154,
        0.7352329922975416,
        0.0,
        0.6466075110419108,
        0.7618337653859515,
        0.1373256836767962,
        0.8993434553663323,
        0.48248289144875406,
        0.13933546799947832,
        0.154285553180001,
        0.4301454064276234,
        0.671906945715668,
        0.4002488958667394,
        0.707308128731614,
        0.4750201093415937,
        0.598326851391138,
        0.9214827223609543,
        0.22879946000215412,
        0.0693537228725825,
        0.6413085169214254,
        0.34055645934404255,
        0.4389665002307653,
        0.18487219425031873,
        0.36767219149378894,
        0.527821680793801,
        0.16311098146251127,
        0.30417619430941323,
        0.7590279936289726,
        0.27403537709704956,
        0.856523304225637,
        0.7037341905198544,
        0.19270449391633176,
        0.8042564184231621,
        0.7509436057971884,
        0.47849860481596745,
        0.10829665176615051,
        0.728085327140086,
        0.6913738152828177,
        0.6187723598178112,
        0.5058722633452898,
        0.5936677006753575,
        0.8834561187406171,
        0.36828116087350293,
        0.5795453101311973,
        0.13456730593725802,
        0.7963138184217361,
        0.9961862517977158,
        0.5667254609879124,
        0.8009922671384606,
        0.563325108965171,
        0.5805251751039395,
        0.3013108535957942,
        0.13840664136283562,
        0.3798932570848857,
        0.3623945317737146,
        0.6380520584158433
      ],
      [
        0.5450335359793269,
        0.6851041329515213,
        0.713107633695495,
        0.12769440887965497,
        0.6671994589300745,
        0.1121213883596056,
        0.6466075110419108,
        0.0,
        0.3855890979893459,
        0.7606884658353034,
        0.2527359443244215,
        0.2306798666426332,
        0.6050222760034113,
        0.5687921859874768,
        0.4416507457690475,
        0.5867301404773922,
        0.9127529647221674,
        0.097366767702478,
        0.573026803221728,
        0.21406079702697037,
        0.3265187132623579,
        0.8754069710440648,
        0.7159612339144933,
        0.14777214203478667,
        0.784688856446667,
        0.8513644125727817,
        0.6296870285587373,
        0.4142691691611891,
        0.763400464755688,
        0.5400787603613229,
        0.73307794998046,
        0.6094426999542533,
        0.4284300201986747,
        0.2725345925578666,
        0.25801279813486583,
        0.6464178299714568,
        0.42794040041635395,
        0.23030048375515882,
        0.3337399507553504,
        0.7549041628080614,
        0.6393214916985115,
        0.3678911298770141,
        0.13014002107370778,
        0.8067014389128737,
        0.28031602884019324,
        0.525581666832843,
        0.5662943046501252,
        0.5910506494726213,
        0.7811748169791688,
        0.59437010789152,
        0.4106225836318198,
        0.5547429349738819,
        0.4506027822649513,
        0.6602386713906712,
        0.5915769740558605,
        0.947918364637705,
        0.5710787733363549,
        0.31383256771934226,
        0.4921875218035321,
        0.8903484928813309
      ],
      [
        0.5777545293000199,
        0.7448279999592446,
        0.7541442537438849,
        0.4409603265920389,
        1.0375928822604048,
        0.3245701824759446,
        0.7618337653859515,
        0.3855890979893459,
        0.0,
        0.882340184405091,
        0.5574025130145275,
        0.483147087746883,
        0.6227642524571988,
        0.6600653217754893,
        0.703014005679046,
        0.8158328736338666,
        0.9562116268332805,
        0.2990557916398264,
        0.5801249949070721,
        0.36478766745189756,
        0.6339608682932439,
        0.8400981941114313,
        0.8268870289186845,
        0.32963484175180224,
        1.0529756144827789,
        0.8693638513690736,
        0.8712079542547742,
        0.6851292503006722,
        0.7462396118165513,
        0.6966600113268082,
        0.9726315698741617,
        0.23683278651968503,
        0.7042837096206321,
        0.5854638347267405,
        0.12817759581535512,
        0.8863768864910935,
        0.7287857872889312,
        0.16590482410539525,
        0.41518894985387267,
        0.8517782165771393,
        0.3152053318251559,
        0.10165112259754877,
        0.35924275423018215,
        1.0587781921908697,
        0.16816606471059398,
        0.1400004273698695,
        0.6589159053185845,
        0.8496660892648853,
        0.8876306167528019,
        0.2243776252859584,
        0.709110494875303,
        0.7825848846908098,
        0.07080002502313468,
        0.9267435050823157,
        0.8499139355163425,
        0.7675868005177913,
        0.7713970413305908,
        0.5846926488588253,
        0.776531062563899,
        1.1746920336416977
      ],
      [
        0.3975359222618412,
        0.564609392921066,
        0.5739256467057062,
        0.8883828747149584,
        0.3108059792572361,
        0.8659460090944596,
        0.1373256836767962,
        0.7606884658353034,
        0.882340184405091,
        0.0,
        0.9420388032924476,
        0.5532838353756562,
        0.26972943164438584,
        0.27486605427317895,
        0.46455487660233175,
        0.7068316388387771,
        0.4309202338278447,
        0.778109072658516,
        0.6054140729865012,
        0.6723006507558296,
        0.9797057909005333,
        0.2593014882563145,
        0.09985575112674289,
        0.6969051706781495,
        0.23695152153240964,
        0.47490836464065855,
        0.15513359023471335,
        0.420909970042055,
        0.5375987496877899,
        0.26964626804246117,
        0.25714708735825836,
        0.896345299643514,
        0.33225844563662865,
        0.9147463727652161,
        0.8341587719415089,
        0.14906284995150026,
        0.8547598215431433,
        0.8801579427942234,
        0.5836560457051779,
        0.14423861918851702,
        0.8584792907849934,
        0.8200782023991822,
        0.6895733037447133,
        0.434027177143414,
        0.7223720877917218,
        1.0121605058569816,
        0.49867512451841045,
        0.6139547803059056,
        0.1260483811607791,
        0.933620878116714,
        1.0537858476741448,
        0.6065726048433671,
        0.929696654254825,
        0.5054346162832355,
        0.5910757857324075,
        0.33181288184995456,
        0.19427001042490794,
        0.4506942010117878,
        0.4198793045713182,
        0.5554349514579257
      ],
      [
        0.797674841188035,
        0.9358609393425461,
        0.9649481079703284,
        0.12504153544476654,
        0.8730883707853709,
        0.2370915684587668,
        0.8993434553663323,
        0.2527359443244215,
        0.5574025130145275,
        0.9420388032924476,
        0.0,
        0.43949475322605064,
        0.8332740958739879,
        0.7970440058580535,
        0.6081067411990182,
        0.4222440702596598,
        1.1652488936755303,
        0.3287986081862151,
        0.8139717642849462,
        0.4665567259803333,
        0.07656404572124688,
        1.052981627700772,
        0.9666642222167079,
        0.3980162413104714,
        0.9887778248170676,
        1.102760251279012,
        0.8342579000494776,
        0.6425209890317658,
        1.01233981273418,
        0.7683305802318995,
        0.9389668618357565,
        0.7876762344602859,
        0.6325189885690754,
        0.05003106144048791,
        0.43624718554763353,
        0.8506939887692264,
        0.23534348268067665,
        0.3926244414741242,
        0.586336828666572,
        1.0076401071324828,
        0.8445046203215598,
        0.5730742585000623,
        0.3827223830080302,
        0.8474515695709621,
        0.5008674934394917,
        0.6891938447896289,
        0.8164482193332867,
        0.6565246225300063,
        1.0339107613035903,
        0.7810065331145524,
        0.1578917079123248,
        0.48053792679281104,
        0.6280480816009398,
        0.6784597337593715,
        0.5948374401677246,
        1.125493021294412,
        0.7751677417067557,
        0.542084387589919,
        0.7338545584284338,
        0.928835865284117
      ],
      [
        0.4550264836279525,
        0.5969181445379788,
        0.6232886784853315,
        0.3583742755222882,
        0.6067501743363011,
        0.3324917175385249,
        0.48248289144875406,
        0.2306798666426332,
        0.483147087746883,
        0.5532838353756562,
        0.43949475322605064,
        0.0,
        0.3937793426479374,
        0.35754925263200293,
        0.22163617050988696,
        0.38422280894283195,
        0.8225337585489453,
        0.22841444709791164,
        0.5025158888342127,
        0.12384159085374828,
        0.5160587989472976,
        0.7064051560088414,
        0.5469594188792697,
        0.15893060614781232,
        0.5784395313736674,
        0.7620138206633812,
        0.4229211513033789,
        0.20302623580571522,
        0.6783138646920451,
        0.3288358270058489,
        0.5425082820276875,
        0.6967276753367626,
        0.2221806951256752,
        0.48952581466653855,
        0.3814138139745738,
        0.4388721615801675,
        0.42709593148290315,
        0.38094522302737427,
        0.24367304122690503,
        0.5906387944621223,
        0.688065484680336,
        0.4166351228588385,
        0.13783076108750247,
        0.6173198239797553,
        0.3211627624246236,
        0.6109213736003076,
        0.47968792097451174,
        0.37103607421346085,
        0.6147786461466829,
        0.6820857834482354,
        0.5973864611383755,
        0.32521214022419115,
        0.5284669916461753,
        0.44470665914518626,
        0.37122816266242725,
        0.7789165496024815,
        0.3607007791221746,
        0.10258963436386835,
        0.2943598052023832,
        0.6925207762801819
      ],
      [
        0.12780649061745536,
        0.29487996127668015,
        0.3041962150613204,
        0.7327166848830662,
        0.4148286298032059,
        0.713412262628705,
        0.13933546799947832,
        0.6050222760034113,
        0.6227642524571988,
        0.26972943164438584,
        0.8332740958739879,
        0.3937793426479374,
        0.0,
        0.03730106931829034,
        0.3765722545870013,
        0.6146294475261522,
        0.5131050927536872,
        0.6108469774267615,
        0.3356846413421154,
        0.45899138339165957,
        0.8645976808108186,
        0.3657758460209546,
        0.206330108891383,
        0.5302426846152186,
        0.4302113620255801,
        0.4435992306784672,
        0.24844370179757524,
        0.3494959295730766,
        0.38848621279432266,
        0.07389575886960943,
        0.3498673174169627,
        0.6372344460331257,
        0.21715033554691385,
        0.7996382626755013,
        0.5644293402971231,
        0.2636126340338946,
        0.7187571929033854,
        0.6116387555744571,
        0.33916313681648913,
        0.2290139641199405,
        0.5887498591406076,
        0.5523043023540652,
        0.5300688110169945,
        0.5535384903986483,
        0.4545981877466049,
        0.7443866058118647,
        0.2289456928740246,
        0.5259721582905752,
        0.26486636429560295,
        0.6811465132862268,
        0.9393012102475802,
        0.5185899075462087,
        0.661922754209708,
        0.6003032803952995,
        0.5269520232633174,
        0.4382872396145947,
        0.14863278887339187,
        0.29118970828406904,
        0.3448154021835238,
        0.6904162375950251
      ],
      [
        0.15783252895551986,
        0.32490599961474464,
        0.3342222533993849,
        0.6964865948671317,
        0.3895888617395482,
        0.6771821726127706,
        0.154285553180001,
        0.5687921859874768,
        0.6600653217754893,
        0.27486605427317895,
        0.7970440058580535,
        0.35754925263200293,
        0.03730106931829034,
        0.0,
        0.339355339342786,
        0.5773460549568304,
        0.5431311310917517,
        0.5823744899148628,
        0.35870280093341167,
        0.4765660680121763,
        0.8278098695267043,
        0.3829079031355783,
        0.22346216600600669,
        0.5163748781046744,
        0.41543077689826535,
        0.4736252690165317,
        0.2317364384635335,
        0.3127081182889624,
        0.41851225113238716,
        0.03819084646561395,
        0.3256438364014621,
        0.6480193290114344,
        0.1803625242627996,
        0.7628504513913871,
        0.6017304096154135,
        0.24803480027126637,
        0.681500946793108,
        0.6489398248927475,
        0.36918917515455363,
        0.2529054295427354,
        0.6047726198138389,
        0.5896053716723555,
        0.4938387210010601,
        0.5290908417223474,
        0.49189925706489523,
        0.7816876751301549,
        0.2562995865658148,
        0.48875524304635987,
        0.28600706877418797,
        0.6919313962645355,
        0.9025133989634659,
        0.48136969054177337,
        0.6992238235279984,
        0.5630863651510842,
        0.48973510801910214,
        0.4554192967292183,
        0.127554341320004,
        0.25495961826813457,
        0.3102622748260021,
        0.6653965522384703
      ],
      [
        0.48431869257179033,
        0.650573600663272,
        0.6607084170156554,
        0.5693451546487024,
        0.41835966283429765,
        0.5500407323943413,
        0.4301454064276234,
        0.4416507457690475,
        0.703014005679046,
        0.46455487660233175,
        0.6081067411990182,
        0.22163617050988696,
        0.3765722545870013,
        0.339355339342786,
        0.0,
        0.24227676223644531,
        0.8280319693397356,
        0.42799818196163003,
        0.6729040455870152,
        0.3450346568338087,
        0.5315426954777713,
        0.6446438415919433,
        0.4851981044623717,
        0.37432284106674,
        0.49759737605714216,
        0.8001114326328022,
        0.3137107540081069,
        0.22280333328079066,
        0.7445528936725613,
        0.3036358612270212,
        0.4332978847324155,
        0.918206032289167,
        0.1613700933820872,
        0.5772664715045608,
        0.5952274656592631,
        0.331540815632918,
        0.3916242581539559,
        0.5879334478560729,
        0.4648661072069654,
        0.5360797252391466,
        0.9096758605539332,
        0.6382454987324359,
        0.3472134005303046,
        0.3963441906428672,
        0.5427046929593264,
        0.8323756657890546,
        0.5841146750789226,
        0.14939990370357387,
        0.5517310907203526,
        0.9035641404006398,
        0.6032454542813396,
        0.14201772824103528,
        0.7499453485985796,
        0.22373102580829818,
        0.15037976867631614,
        0.7171552351855834,
        0.2929328163540039,
        0.12781817804970522,
        0.3017897801781677,
        0.481132145042796
      ],
      [
        0.7265954548082356,
        0.8928503628997173,
        0.9029851792521008,
        0.5127103568183621,
        0.4770403841404618,
        0.6292089095824908,
        0.671906945715668,
        0.5867301404773922,
        0.8158328736338666,
        0.7068316388387771,
        0.4222440702596598,
        0.38422280894283195,
        0.6146294475261522,
        0.5773460549568304,
        0.24227676223644531,
        0.0,
        1.0689339219712084,
        0.5485649669730606,
        0.8742023400324586,
        0.4955280420519942,
        0.4023329340704786,
        0.884479087887353,
        0.7250333507577814,
        0.48942226546806344,
        0.611299328858814,
        1.0423881948692475,
        0.5559875162445522,
        0.43280831508937095,
        0.9868296559090066,
        0.5431024783404038,
        0.5429188751908474,
        1.0314243957109348,
        0.4029308011514186,
        0.3735777187764943,
        0.7046235884956467,
        0.5738175778693633,
        0.21246436528166315,
        0.7004018874938532,
        0.6153594924251509,
        0.7769816778706196,
        1.035771925428374,
        0.7643415636068766,
        0.45659011940368444,
        0.45454776601632213,
        0.667229361960125,
        0.9423142342590705,
        0.825675382848254,
        0.2933737556358841,
        0.7906453868301412,
        1.0167825038224076,
        0.44766676059698557,
        0.10952207819140951,
        0.8631637120203475,
        0.2824117471144623,
        0.2135190926919202,
        0.933813073194163,
        0.5340432145873176,
        0.33372337913790895,
        0.5255617928429827,
        0.5148888090478848
      ],
      [
        0.38529860213623185,
        0.2529963419456967,
        0.20890887769236682,
        1.0402073582307638,
        0.7325932092048377,
        0.9725087390280654,
        0.4002488958667394,
        0.9127529647221674,
        0.9562116268332805,
        0.4309202338278447,
        1.1652488936755303,
        0.8225337585489453,
        0.5131050927536872,
        0.5431311310917517,
        0.8280319693397356,
        1.0689339219712084,
        0.0,
        0.8477339614700592,
        0.43207160124169913,
        0.698692167695197,
        1.2172670777810808,
        0.24084949580155587,
        0.34699578938114295,
        0.7690492463839563,
        0.6667645520278395,
        0.10984726092734398,
        0.5531560858963929,
        0.7643705627062966,
        0.23120591005042568,
        0.5600632297980069,
        0.6715763209195066,
        0.7561157483364774,
        0.6737723816526624,
        1.1850475419089754,
        0.9130884037321889,
        0.5564404938774269,
        1.2044408323665405,
        0.9050955294172239,
        0.5899789432212574,
        0.2919522441005889,
        0.6622373218526685,
        0.892593181333118,
        0.7826247624989077,
        0.8628257498860731,
        0.7948870667256578,
        0.8820078534757835,
        0.36745469216401305,
        0.9774318730433094,
        0.30518521014227656,
        0.7999272483988179,
        1.3062850583314234,
        0.9635034447250791,
        0.8854116018101459,
        0.9272218462308373,
        0.908918806817732,
        0.18862482631548927,
        0.5351050125753433,
        0.7800014041988428,
        0.7607143067217536,
        0.9863415079310357
      ],
      [
        0.48304048680930617,
        0.6111346724378689,
        0.6433831054297107,
        0.2053135566597578,
        0.7645662266325525,
        0.12586064049222195,
        0.707308128731614,
        0.097366767702478,
        0.2990557916398264,
        0.778109072658516,
        0.3287986081862151,
        0.22841444709791164,
        0.6108469774267615,
        0.5823744899148628,
        0.42799818196163003,
        0.5485649669730606,
        0.8477339614700592,
        0.0,
        0.486167563010998,
        0.15974360828789994,
        0.40413786104246074,
        0.8418459238449996,
        0.682400186715428,
        0.08535076716402148,
        0.8032647686565274,
        0.7792089587982867,
        0.6477463885862388,
        0.42785147308857513,
        0.6845446058250937,
        0.5536610642887089,
        0.7673335193105475,
        0.5272011960485015,
        0.44700593240853514,
        0.3501537403379694,
        0.17577129422911406,
        0.6636973988630275,
        0.5055595481964568,
        0.16056970036107163,
        0.27470979912285554,
        0.7141272256395164,
        0.5433996382222701,
        0.2719692764007727,
        0.09197484756937618,
        0.7915102855300638,
        0.1829619584722652,
        0.4383794126740116,
        0.4909468803949464,
        0.5764592236323995,
        0.7502874222216914,
        0.5004048586570118,
        0.48569595759692485,
        0.48899908949731996,
        0.36057776649457585,
        0.6484830224022531,
        0.5670967574324923,
        0.9143573174386397,
        0.5855260164050344,
        0.3274148716467283,
        0.5173954914745561,
        0.9058841416367509
      ],
      [
        0.2133117412920345,
        0.1830565776742982,
        0.23426952648205837,
        0.6914360434184095,
        0.7482913411080552,
        0.5990988238832676,
        0.4750201093415937,
        0.573026803221728,
        0.5801249949070721,
        0.6054140729865012,
        0.8139717642849462,
        0.5025158888342127,
        0.3356846413421154,
        0.35870280093341167,
        0.6729040455870152,
        0.8742023400324586,
        0.43207160124169913,
        0.486167563010998,
        0.0,
        0.3786742979804644,
        0.8820934403604803,
        0.5731016068032735,
        0.5420147502334984,
        0.4275903059255223,
        0.7630290357705076,
        0.33511433348562253,
        0.5835595022973995,
        0.6438795462310908,
        0.21760083837004662,
        0.39341032022000777,
        0.6841915576154246,
        0.3432922083873871,
        0.511533952204928,
        0.8362762270966211,
        0.6399683136007603,
        0.5981275637494221,
        0.9296118203171158,
        0.6467372633720696,
        0.28800396194411304,
        0.5646986054620559,
        0.26913936011672535,
        0.5405697219382228,
        0.4532315025472118,
        0.8877933210908544,
        0.5350268470873917,
        0.453445790863359,
        0.11427256853160005,
        0.7600547322164081,
        0.6005510056377183,
        0.385215557877023,
        0.9711114209108227,
        0.8144084937721672,
        0.5115528920779744,
        0.8966350713953134,
        0.8232838142633314,
        0.5025119694295502,
        0.4839346833584536,
        0.6002807477245062,
        0.6517551304125678,
        1.0240990316069771
      ],
      [
        0.3311848927742042,
        0.47307655368423046,
        0.49944708763158324,
        0.3415151905355668,
        0.7257669897164745,
        0.2843115550024235,
        0.598326851391138,
        0.21406079702697037,
        0.36478766745189756,
        0.6723006507558296,
        0.4665567259803333,
        0.12384159085374828,
        0.45899138339165957,
        0.4765660680121763,
        0.3450346568338087,
        0.4955280420519942,
        0.698692167695197,
        0.15974360828789994,
        0.3786742979804644,
        0.0,
        0.5290837375029086,
        0.7746191787305403,
        0.6151734416009688,
        0.07458060306795057,
        0.6974563467538408,
        0.638172229809633,
        0.5419379666835522,
        0.3220430511858886,
        0.5544722738382969,
        0.4478526423860223,
        0.6615250974078609,
        0.574712488809024,
        0.3411975105058486,
        0.4863553742137784,
        0.2744973094777837,
        0.5578889769603409,
        0.5509375223366514,
        0.28411384828329034,
        0.11983145037315673,
        0.5592488768898176,
        0.5685198743429417,
        0.29708951252144433,
        0.08393259480371064,
        0.7399172896330504,
        0.199383397913984,
        0.4888891505965119,
        0.35584633012076344,
        0.49443456053738255,
        0.6012021597109393,
        0.5600705969204969,
        0.618101718053251,
        0.4460686938337156,
        0.40645180511843676,
        0.5673041247984814,
        0.49494406374392597,
        0.8055698657535607,
        0.47971759450234797,
        0.22160644974404176,
        0.41344486344911546,
        0.8116058345269143
      ],
      [
        0.8569393284327212,
        0.9924075238494339,
        1.0216929530266028,
        0.1988243043827029,
        0.867504769810393,
        0.31294032638142977,
        0.9214827223609543,
        0.3265187132623579,
        0.6339608682932439,
        0.9797057909005333,
        0.07656404572124688,
        0.5160587989472976,
        0.8645976808108186,
        0.8278098695267043,
        0.5315426954777713,
        0.4023329340704786,
        1.2172670777810808,
        0.40413786104246074,
        0.8820934403604803,
        0.5290837375029086,
        0.0,
        0.976417581979525,
        0.9815925789115372,
        0.454503134434958,
        1.0017637145287452,
        1.1592646840350926,
        0.8452534494858782,
        0.7190850347530128,
        1.0701347489867874,
        0.7908853565352696,
        0.9333832608607786,
        0.8639151429926544,
        0.6474473452639047,
        0.06495941813531723,
        0.5124993638220368,
        0.8630835111106893,
        0.19688791236470246,
        0.46909416036881657,
        0.6464827285634125,
        1.0292674828159782,
        0.91984002017623,
        0.6484096583547325,
        0.4565051519459665,
        0.8443543013721095,
        0.574177676999755,
        0.7656201927219686,
        0.8732466326694064,
        0.6528995684083028,
        1.0493319131604713,
        0.8575113527428784,
        0.08901798055034241,
        0.4755027062749093,
        0.7045972194594365,
        0.6728761327843936,
        0.5920910393951003,
        1.048928975573165,
        0.790096098401585,
        0.6186484333111659,
        0.7878670320599852,
        0.9163465221108708
      ],
      [
        0.49358233663840995,
        0.40656573496431175,
        0.377813909251835,
        1.0031013799237198,
        0.5450585490882279,
        0.9640324522996957,
        0.22879946000215412,
        0.8754069710440648,
        0.8400981941114313,
        0.2593014882563145,
        1.052981627700772,
        0.7064051560088414,
        0.3657758460209546,
        0.3829079031355783,
        0.6446438415919433,
        0.884479087887353,
        0.24084949580155587,
        0.8418459238449996,
        0.5731016068032735,
        0.7746191787305403,
        0.976417581979525,
        0.0,
        0.1594457371295716,
        0.7564951566809781,
        0.49104210821784466,
        0.23798727331765102,
        0.3670563760612504,
        0.5816043899144262,
        0.36199600280555766,
        0.3913727002116252,
        0.48431931391815075,
        0.887547739048534,
        0.49359097077720404,
        1.0413770001148421,
        0.9296921589217144,
        0.3691631702932995,
        1.0250762667857252,
        0.9759525563401639,
        0.6547877283573836,
        0.21537030184072273,
        0.7921457928615687,
        0.8850717716291928,
        0.7894263288655845,
        0.6766845529378427,
        0.8181667013376621,
        0.8517632201157204,
        0.5268728341719621,
        0.7940437452955171,
        0.22733297263583496,
        0.9229169608903568,
        1.0654355625298675,
        0.7807372719332087,
        0.7692981690882966,
        0.7396871861142273,
        0.7928053740958827,
        0.07251139359364005,
        0.3523388397834729,
        0.603815521644973,
        0.5779481339298832,
        0.8035772589072769
      ],
      [
        0.33413659950883834,
        0.5012100701680632,
        0.5105263239527034,
        0.8436556427941483,
        0.3856128119586563,
        0.804586715170124,
        0.0693537228725825,
        0.7159612339144933,
        0.8268870289186845,
        0.09985575112674289,
        0.9666642222167079,
        0.5469594188792697,
        0.206330108891383,
        0.22346216600600669,
        0.4851981044623717,
        0.7250333507577814,
        0.34699578938114295,
        0.682400186715428,
        0.5420147502334984,
        0.6151734416009688,
        0.9815925789115372,
        0.1594457371295716,
        0.0,
        0.5970494195514066,
        0.33159637108827306,
        0.3865944131757659,
        0.2076106389316788,
        0.4221586527848546,
        0.47943760403327407,
        0.2319269630820536,
        0.32487357678857914,
        0.828381716501555,
        0.33414523364763243,
        0.9166331607762199,
        0.7702464217921429,
        0.20971743316372787,
        0.8656305296561536,
        0.8165068192105922,
        0.49534199122781203,
        0.05592456471115113,
        0.7950799680319907,
        0.7564270788155507,
        0.629980591736013,
        0.517238815808271,
        0.6587209642080905,
        0.9485093822733501,
        0.4352758017654076,
        0.6345980081659456,
        0.06788723550626337,
        0.8656675412943186,
        1.0562961083482987,
        0.6212915348036372,
        0.8660455306711936,
        0.5802414489846558,
        0.6355778731386879,
        0.23195713072321167,
        0.1928931026539013,
        0.4443697845154014,
        0.4185023968003116,
        0.6441315217777054
      ],
      [
        0.40243619399776326,
        0.5379043894144758,
        0.5671898185916447,
        0.2729747058657049,
        0.7655757998089725,
        0.2097846864220968,
        0.6413085169214254,
        0.14777214203478667,
        0.32963484175180224,
        0.6969051706781495,
        0.3980162413104714,
        0.15893060614781232,
        0.5302426846152186,
        0.5163748781046744,
        0.37432284106674,
        0.48942226546806344,
        0.7690492463839563,
        0.08535076716402148,
        0.4275903059255223,
        0.07458060306795057,
        0.454503134434958,
        0.7564951566809781,
        0.5970494195514066,
        0.0,
        0.7372651568463389,
        0.7047615496001347,
        0.5817467767760502,
