{
  "sol": {
    "z": 1.780051271505931,
    "tours": [
      [
        0,
        6,
        8,
        18,
        15,
        1,
        10,
        11,
        3
      ],
      [
        2,
        23,
        26,
        48,
        5
      ],
      [
        4,
        39,
        27
      ],
      [
        7,
        13,
        17,
        21,
        16,
        9
      ],
      [
        19,
        20,
        9,
        12
      ],
      [
        14,
        4,
        22
      ]
    ]
  },
  "params": {
    "gm": [
      [
        0.0,
        0.40568168064617294,
        0.7540074021788413,
        0.6163796342907716,
        0.4716673611216012,
        0.7891935692924957,
        0.1408628273952024,
        0.4113330230738353,
        0.18735192005738513,
        0.48935508222058255,
        0.40457572370922323,
        0.4406868631267907,
        0.7544435707249836,
        0.39956214794667333,
        0.7944459825226523,
        0.16693174797861832,
        0.4170414095942273,
        0.31129532174875707,
        0.33684382891669096,
        1.0164601225696583,
        0.8739473968468686,
        0.38140566773504797,
        0.7198051324250831,
        0.5817718656424137,
        0.28868206366951205,
        0.8237779326710094,
        0.09738370851779984,
        0.28040360005292575,
        0.691484319976498,
        0.9468094643059464,
        0.45548908558734513,
        0.14274301744028203,
        0.05410152718764273,
        0.7394961961147486,
        0.3854290236765953,
        0.2805702698019484,
        0.3629707507575331,
        0.8528074278578119,
        0.13839187916243306,
        0.4664338254753927,
        0.5577367933217668,
        0.7435104711785699,
        0.7646170621351582,
        0.7489847229843816,
        0.8699483259176434,
        0.9267123214587702,
        0.9404438284121153,
        0.8569925371971321,
        0.26402075247516643,
        0.565965612388986,
        0.8414737619013647,
        0.3368719275851955,
        0.9123841854324796,
        0.9217902264186031,
        0.5814427417714502,
        0.5133921900282673,
        0.5018865486299331,
        0.9953129118396932,
        0.7979654525012856,
        0.42109929263691376
      ],
      [
        0.40568168064617294,
        0.0,
        0.9224958948662146,
        0.21069795364459867,
        0.47797245642812825,
        0.8765791904634966,
        0.2816136972895335,
        0.8104749737357891,
        0.21847014951794888,
        0.7789460461568978,
        0.100177154189386,
        0.11671923366725535,
        0.9884762684505959,
        0.7992777203381793,
        0.5990650578906347,
        0.24614095301950878,
        0.8146991471795115,
        0.71697700239493,
        0.36163232459027206,
        1.2504928202952708,
        1.1169340594031962,
        0.7636641486089031,
        0.4614551654467268,
        0.7876955785738402,
        0.6640346209086189,
        0.8537878542950854,
        0.415370909262953,
        0.49706281844962813,
        0.9269385215148858,
        1.0323619058779043,
        0.49348931237589955,
        0.40091433599983883,
        0.3693281028084215,
        0.9696611196500573,
        0.5908734453999803,
        0.29482520062388495,
        0.611154026426503,
        0.6369084503789929,
        0.2833184817215905,
        0.7146171011443625,
        0.15205511267559388,
        0.973385361088801,
        0.9149712072006737,
        0.5472488257135838,
        1.1068686249451194,
        1.0853813786738784,
        0.9586716799784322,
        0.8632976325036591,
        0.5149043464391538,
        0.16028393174281302,
        0.9701181423233837,
        0.7297931429673701,
        0.7139480310783756,
        1.0923282158308434,
        0.7964289096997998,
        0.11163831672348205,
        0.708825482670202,
        1.22510471306885,
        0.8287301455060527,
        0.8218325722111262
      ],
      [
        0.7540074021788413,
        0.9224958948662146,
        0.0,
        0.8414687034073595,
        0.5101458682593033,
        0.09342731041231807,
        0.8009299552490939,
        0.6289967826871155,
        0.7615107479212248,
        0.5430238572792017,
        0.9213678862870059,
        0.958122435264296,
        0.26003961530512026,
        0.6305614410418229,
        0.5733396898547066,
        0.7134840218029508,
        0.8621959123998689,
        0.7188282672397391,
        0.7941740025165189,
        0.3293475802953218,
        0.4050659884183198,
        0.7663832481060032,
        0.5895447315522301,
        0.172317636150922,
        0.7658045404713834,
        0.18206075664947202,
        0.6582667277036478,
        0.4739723166184531,
        0.2908907065954864,
        0.2028120237925069,
        0.5751573449824482,
        0.6120048304949351,
        0.7845680419545261,
        0.2359792244881839,
        0.3687515294224792,
        0.7306918772790636,
        0.4707643657937928,
        0.6254645395888784,
        0.7992260796805629,
        0.5063556390986454,
        0.7704407821906207,
        0.23176123784050004,
        0.02540552351251586,
        0.5203345934641231,
        0.3791736264009476,
        0.17270491927992898,
        0.23661778983345147,
        0.270627776130145,
        0.4946121285021503,
        0.7904208477888892,
        0.09241723938553424,
        0.8041435908749373,
        0.6122649772480208,
        0.17793171489969675,
        0.23162086495066841,
        0.8758773241549953,
        0.25333091903991023,
        0.36815563861313527,
        0.14490442766397835,
        0.8869803410802336
      ],
      [
        0.6163796342907716,
        0.21069795364459867,
        0.8414687034073595,
        0.0,
        0.4026997763990635,
        0.7908818582208377,
        0.4921124185885446,
        0.9680939144282847,
        0.42916810316254755,
        0.9091531481601678,
        0.2567004674805519,
        0.23782236823440167,
        0.9890111259015135,
        0.9690541611366797,
        0.4807973471735032,
        0.4568389066641074,
        1.0253971008241103,
        0.9276749560395287,
        0.5181556378814379,
        1.1707681492430202,
        1.134037499014713,
        0.9743621022535017,
        0.33853344831228854,
        0.8782231768931683,
        0.8747325745532175,
        0.7620444561635233,
        0.6260688629075517,
        0.6186030709655842,
        1.0198622171918796,
        0.9414062329757109,
        0.28279135873130085,
        0.6116122896444375,
        0.5799361463084354,
        0.9649507350845771,
        0.7238276334310809,
        0.4513485139150508,
        0.741361128429773,
        0.5108086590947395,
        0.493860444961014,
        0.8448242031476325,
        0.08251471297977325,
        0.9607327484368933,
        0.8326510841124977,
        0.4316334900154694,
        1.108145136997341,
        1.0012564624927562,
        0.8787103519046292,
        0.7691726645918839,
        0.6424111301474063,
        0.06268923141569063,
        0.8846762276509478,
        0.9404910966119688,
        0.590493743649244,
        1.0084359945664816,
        0.881135551590037,
        0.1195792839856341,
        0.8421518842576436,
        1.179096829387277,
        0.7410186149510888,
        1.032530525855725
      ],
      [
        0.4716673611216012,
        0.47797245642812825,
        0.5101458682593033,
        0.4026997763990635,
        0.0,
        0.4167185578469852,
        0.4357434890343668,
        0.6008090631832574,
        0.3649423254898306,
        0.5849246124953102,
        0.5503692887516388,
        0.5429470935564669,
        0.7204586802569098,
        0.6126109787755336,
        0.32516611747890006,
        0.3384596321226546,
        0.7728245229845736,
        0.6530663958273918,
        0.5118830147597895,
        0.8050291033187609,
        0.8654850533701094,
        0.6989540044158794,
        0.28054061660323043,
        0.5784799483946084,
        0.5983347707671771,
        0.41527378597218717,
        0.4073137024193118,
        0.2764712952749152,
        0.7072504299846842,
        0.5847808457003865,
        0.1253299730878605,
        0.35354876163441906,
        0.4733737270700943,
        0.6963982894399735,
        0.381695857740412,
        0.452275674268778,
        0.41713259276491543,
        0.38441074303296324,
        0.43540908507247306,
        0.520595667482775,
        0.3259173437525344,
        0.6921803027922896,
        0.48582458846430543,
        0.2835601726684507,
        0.8159056625082136,
        0.6182597796228537,
        0.5301305739242053,
        0.38532517607553085,
        0.331095449801674,
        0.34653085546132356,
        0.5076334772768034,
        0.6894109530022274,
        0.44310432038872727,
        0.6246271330130448,
        0.5837249831880729,
        0.4313538857169089,
        0.5000201085669747,
        0.8200296478310567,
        0.37692911522906103,
        0.7907024026016977
      ],
      [
        0.7891935692924957,
        0.8765791904634966,
        0.09342731041231807,
        0.7908818582208377,
        0.4167185578469852,
        0.0,
        0.7974025659901103,
        0.6619707501173596,
        0.7816608833368157,
        0.5709593193759863,
        0.9489760227870072,
        0.9415538275918351,
        0.3037401224099246,
        0.664526034178606,
        0.617040196959511,
        0.7526421465335914,
        0.898836596493469,
        0.7490190798478118,
        0.8333321272471597,
        0.39234886426990956,
        0.4487664955231242,
        0.8027502398604145,
        0.6427915389995513,
        0.21108752097925998,
        0.7997691336081665,
        0.08907880321878756,
        0.6918417839876944,
        0.513096174098953,
        0.33459121370029077,
        0.1744734084928589,
        0.5381878231070819,
        0.6510565528505359,
        0.8241377462496591,
        0.27967973159298826,
        0.40790965415311986,
        0.7678029330283109,
        0.5093331245992095,
        0.6221312549711675,
        0.7999470242227397,
        0.5410289233386453,
        0.7245240777879027,
        0.2754617449453044,
        0.06910603061732021,
        0.5640351005689275,
        0.40207610771048613,
        0.2115390372922083,
        0.1658359373452488,
        0.17771858927355447,
        0.5251728168173293,
        0.7437590312124964,
        0.09380392247907594,
        0.8388168751149372,
        0.5414831247598181,
        0.2191489894250875,
        0.24764693499081322,
        0.8299606197522773,
        0.29044197478915756,
        0.4033110899840715,
        0.056983990142204365,
        0.9225238851095887
      ],
      [
        0.1408628273952024,
        0.2816136972895335,
        0.8009299552490939,
        0.4921124185885446,
        0.4357434890343668,
        0.7974025659901103,
        0.0,
        0.5352774931848092,
        0.07635765532123358,
        0.5768608440120551,
        0.2663103210179246,
        0.3018247855859413,
        0.8245346122727419,
        0.5332737419736594,
        0.7488288898889277,
        0.09909480772638235,
        0.557096560774723,
        0.4450069157757431,
        0.22240131081757944,
        1.0865511641174166,
        0.947988933028471,
        0.5217480398807298,
        0.7162841056375973,
        0.6290005590004746,
        0.4272896264342333,
        0.851017275006554,
        0.19764192493361754,
        0.3321226420161675,
        0.7621371394181018,
        0.9718759744829691,
        0.5610734621222273,
        0.21024718027932435,
        0.09281348006193606,
        0.8072948122548513,
        0.43217842582661475,
        0.18312090194858113,
        0.43736692147534467,
        0.7997678144013504,
        0.0025444582326293996,
        0.5125318989995198,
        0.43366880996512736,
        0.8111466646182495,
        0.8114011158662178,
        0.7005144561944512,
        0.9417736370984257,
        0.9736348745290229,
        0.9632385033353591,
        0.8210686651098977,
        0.338416923192978,
        0.4408154155061772,
        0.8883200480862534,
        0.4776899532115564,
        0.866767092798755,
        0.9781313539888596,
        0.6377838693417067,
        0.38342755127893463,
        0.551488838516467,
        1.0654039533874515,
        0.8126726042634278,
        0.560167640715482
      ],
      [
        0.4113330230738353,
        0.8104749737357891,
        0.6289967826871155,
        0.9680939144282847,
        0.6008090631832574,
        0.6619707501173596,
        0.5352774931848092,
        0.0,
        0.5986849431312204,
        0.09882416098426357,
        0.8015878142027338,
        0.8371022787707505,
        0.4847213547790773,
        0.011801915592276214,
        0.8994134277671232,
        0.5643340207162804,
        0.24292419584361388,
        0.10003770132507822,
        0.6875928212072571,
        0.7361986170669969,
        0.5463720229415977,
        0.14843638873884207,
        0.8813496797864879,
        0.45667914653619346,
        0.1464403528271703,
        0.7374123187648621,
        0.3953393058976345,
        0.367394083488512,
        0.43132418410214446,
        0.8062371598718125,
        0.700049335847843,
        0.425666959606142,
        0.46543398286578813,
        0.48591147836076315,
        0.3642614959440786,
        0.657299701950111,
        0.22673278599851177,
        0.9590082983896293,
        0.5378219514174386,
        0.12326971128065217,
        0.9262338402533907,
        0.48997036630172286,
        0.6205889349996104,
        0.8843692358517081,
        0.5698430938693871,
        0.7632835684910485,
        0.8264302327384216,
        0.7888851570153137,
        0.32568278428087843,
        0.9054046830125941,
        0.697654232919397,
        0.19725689941262198,
        1.0173516306769503,
        0.7547210782086109,
        0.41437359356145786,
        0.9187050444637439,
        0.39032618802384267,
        0.7070021503622134,
        0.6796906219082849,
        0.2681119443394806
      ],
      [
        0.18735192005738513,
        0.21847014951794888,
        0.7615107479212248,
        0.42916810316254755,
        0.3649423254898306,
        0.7816608833368157,
        0.07635765532123358,
        0.5986849431312204,
        0.0,
        0.5671277682550383,
        0.22543970838365568,
        0.26219128197616065,
        0.791147296256336,
        0.5869140680040584,
        0.6901084429687306,
        0.05002601948836997,
        0.6003230679703808,
        0.49864724180614217,
        0.15213274744100186,
        1.0531638481010108,
        0.9203275181935612,
        0.5546343477201503,
        0.645482942093061,
        0.5895813516726054,
        0.4561911513325976,
        0.7802161114620177,
        0.21008639319619932,
        0.30053319820927654,
        0.7298130527863376,
        0.949723171190217,
        0.49027229857769106,
        0.20226650373505364,
        0.15252533874545013,
        0.7719978946206082,
        0.39275921849874557,
        0.10699763808020873,
        0.4146583972412188,
        0.7493530685227938,
        0.07694036651935222,
        0.5181214719590783,
        0.37052526219354276,
        0.7756888127258804,
        0.7719819085383486,
        0.6485024981582812,
        0.9097004451613702,
        0.9342156672011537,
        0.8950728994140358,
        0.7460934081105621,
        0.31871775138395925,
        0.37875408126076193,
        0.8489008407583842,
        0.517079638397102,
        0.8080466458785579,
        0.9382191476894604,
        0.5978716630423074,
        0.32623053974120486,
        0.5099398484792375,
        1.0262190788778853,
        0.7418714407188916,
        0.6060995525381755
      ],
      [
        0.48935508222058255,
        0.7789460461568978,
        0.5430238572792017,
        0.9091531481601678,
        0.5849246124953102,
        0.5709593193759863,
        0.5768608440120551,
        0.09882416098426357,
        0.5671277682550383,
        0.0,
        0.7819926346483828,
        0.8187471836256728,
        0.3861654756747822,
        0.10575072867392565,
        0.9088352200800516,
        0.532805093137389,
        0.34133342910297076,
        0.17805976047182545,
        0.6632652060268414,
        0.6394037919312586,
        0.4536890448275628,
        0.24725498044103117,
        0.8653252219044666,
        0.3707062211282796,
        0.23166619917992062,
        0.649268553552498,
        0.43341098518312654,
        0.30845331722039504,
        0.3325037916807331,
        0.7156542318630891,
        0.6389325297342304,
        0.39684100227052554,
        0.5434560420125354,
        0.3870898515924732,
        0.3008718397434762,
        0.5983589356819942,
        0.16779201973039481,
        0.9174436310643186,
        0.5743163857794257,
        0.06432894501253524,
        0.8672930739852738,
        0.39115093742089563,
        0.530006006990887,
        0.8558301236894681,
        0.47401042836152846,
        0.672700640482325,
        0.734052068197639,
        0.7060958024350104,
        0.2667420180127615,
        0.8464639167444772,
        0.6070713049106735,
        0.29427878302691973,
        0.998091761275668,
        0.6641381501998874,
        0.32379066555273445,
        0.8897830248742516,
        0.3119020194029218,
        0.6110524394785193,
        0.5923109199329691,
        0.3666546185647988
      ],
      [
        0.40457572370922323,
        0.100177154189386,
        0.9213678862870059,
        0.2567004674805519,
        0.5503692887516388,
        0.9489760227870072,
        0.2663103210179246,
        0.8015878142027338,
        0.22543970838365568,
        0.7819926346483828,
        0.0,
        0.03675454897729005,
        0.9568999942004146,
        0.7993041721843206,
        0.6617875382630132,
        0.26765997168077743,
        0.8215140264636984,
        0.7110373459864043,
        0.26145517040088606,
        1.2189165460450893,
        1.0948578518287622,
        0.7795474602195566,
        0.5191955471090826,
        0.7497921266063213,
        0.6815120336139303,
        0.9261846866185959,
        0.43517365706998734,
        0.4910535369925892,
        0.8991867668308535,
        1.104758738201415,
        0.5394918262118528,
        0.42137601305374617,
        0.359110380055348,
        0.9422835786846276,
        0.5628156979350442,
        0.19464804643449893,
        0.621428437130472,
        0.6946498998481332,
        0.2685739584112118,
        0.7248915118483316,
        0.22445194499910442,
        0.9459259007706827,
        0.9343821238148629,
        0.6157989087983143,
        1.076034005296242,
        1.0940728055669349,
        1.0310685123019427,
        0.9356944648271697,
        0.5225676508604359,
        0.22473060773493264,
        1.0113532937118164,
        0.7399994873602319,
        0.7724568751155274,
        1.0968339495071575,
        0.7564864648600044,
        0.1371866736912607,
        0.6680369672470957,
        1.1843161976457437,
        0.9011269778295632,
        0.8255886915008477
      ],
      [
        0.4406868631267907,
        0.11671923366725535,
        0.958122435264296,
        0.23782236823440167,
        0.5429470935564669,
        0.9415538275918351,
        0.3018247855859413,
        0.8371022787707505,
        0.26219128197616065,
        0.8187471836256728,
        0.03675454897729005,
        0.0,
        0.9935129405693454,
        0.834855756272957,
        0.6516319753567219,
        0.30426701118426613,
        0.8577026235358176,
        0.7465889300750408,
        0.294682473660858,
        1.25552949241402,
        1.1275170933304386,
        0.8162126503345638,
        0.5202102575056451,
        0.7865466755836114,
        0.7182382873454753,
        0.9120478007177681,
        0.47191751695681905,
        0.52493785602746,
        0.9334864889503921,
        1.0890664559322565,
        0.5206137269657025,
        0.4577540589083459,
        0.39463165831165975,
        0.9737708177762852,
        0.5943029370267017,
        0.22787534969447085,
        0.6564575727896322,
        0.6945043156483632,
        0.30412554249984824,
        0.7599206475074918,
        0.21702974980393241,
        0.9774131398623402,
        0.9711366727921529,
        0.5987494852295636,
        1.1126075251722445,
        1.130827354544225,
        1.0199763715554624,
        0.9282722696319976,
        0.5575345416494341,
        0.21394482270870613,
        1.0350927794517222,
        0.776418014006766,
        0.7688260081700552,
        1.1335884984844475,
        0.7932410138372944,
        0.11952390350169034,
        0.7047915162243857,
        1.2210707466230337,
        0.8937047826343912,
        0.8615667525734798
      ],
      [
        0.7544435707249836,
        0.9884762684505959,
        0.26003961530512026,
        0.9890111259015135,
        0.7204586802569098,
        0.3037401224099246,
        0.8245346122727419,
        0.4847213547790773,
        0.791147296256336,
        0.3861654756747822,
        0.9568999942004146,
        0.9935129405693454,
        0.0,
        0.49191125740524994,
        0.7825682581347951,
        0.7423353154310871,
        0.7251844270120005,
        0.555374671885467,
        0.8234223492545338,
        0.26201655184467476,
        0.14502637311319957,
        0.6327989809164876,
        0.8083196001748355,
        0.2728069729916419,
        0.6100837875719105,
        0.3917800191771782,
        0.6570917854201822,
        0.4928429480613898,
        0.06307355706132552,
        0.4202823166648064,
        0.8044917236090205,
        0.6202558402497803,
        0.7926023631721402,
        0.02883707562141538,
        0.3994223963194724,
        0.7656375908748745,
        0.4207629258987223,
        0.8346931078689669,
        0.8226058283213348,
        0.3902716154893532,
        0.9064964129217401,
        0.028278377464620197,
        0.2346340917926044,
        0.7295631617442117,
        0.11913401109582737,
        0.355363966085105,
        0.44728092894437066,
        0.4814214509880349,
        0.49042281824981715,
        0.9273255701625367,
        0.3116993897123909,
        0.6799922916887612,
        0.8229281163589399,
        0.3488892975008897,
        0.21249443968797704,
        0.9740507072923799,
        0.28887883595507735,
        0.24086934111470956,
        0.35731176636418327,
        0.7507854573355267
      ],
      [
        0.39956214794667333,
        0.7992777203381793,
        0.6305614410418229,
        0.9690541611366797,
        0.6126109787755336,
        0.664526034178606,
        0.5332737419736594,
        0.011801915592276214,
        0.5869140680040584,
        0.10575072867392565,
        0.7993041721843206,
        0.834855756272957,
        0.49191125740524994,
        0.0,
        0.887611512174847,
        0.5531367673186706,
        0.23780171755324192,
        0.08826682619791629,
        0.675821946080095,
        0.7444514796972416,
        0.5556740605487457,
        0.14245640827308842,
        0.8931515953787641,
        0.4582438048909009,
        0.1352430994295605,
        0.7391718705003397,
        0.3841420525000247,
        0.36835433019690705,
        0.43782534815048246,
        0.8089606129460278,
        0.701009582556238,
        0.4144697062085322,
        0.45366310773862617,
        0.4925372061556263,
        0.36522174265247365,
        0.6569750435969441,
        0.22769303270690683,
        0.9472063827973531,
        0.5307302137731088,
        0.12422995798904725,
        0.9271940869617857,
        0.4966180889922461,
        0.6233123880738258,
        0.8961711514439843,
        0.5784017542764008,
        0.7660070215652639,
        0.8292962680736858,
        0.7894119900704712,
        0.3266430309892735,
        0.9063649297209891,
        0.7003776859936124,
        0.18885169360058623,
        1.0055497150846742,
        0.7574445312828262,
        0.4170970466356732,
        0.908945943883015,
        0.39058696049105157,
        0.715548951801442,
        0.6813068765513961,
        0.2627494918185847
      ],
      [
        0.7944459825226523,
        0.5990650578906347,
        0.5733396898547066,
        0.4807973471735032,
        0.32516611747890006,
        0.617040196959511,
        0.7488288898889277,
        0.8994134277671232,
        0.6901084429687306,
        0.9088352200800516,
        0.6617875382630132,
        0.6516319753567219,
        0.7825682581347951,
        0.887611512174847,
        0.0,
        0.6497340821625454,
        1.0979906404634736,
        0.9758783383727633,
        0.8231574647996802,
        0.8877269704069477,
        0.9275946312479947,
        1.0241201218947795,
        0.1425919911539306,
        0.5381289989517719,
        0.9235008882460771,
        0.6102512860655024,
        0.7324718374211535,
        0.6016374127538153,
        0.7476906244209757,
        0.5981791485921752,
        0.3605530534217879,
        0.6785858646001293,
        0.7914186828260973,
        0.7585078673178588,
        0.706861975219312,
        0.7635501243086688,
        0.7422987102438156,
        0.059594870622506096,
        0.7480992375470136,
        0.8457617849616751,
        0.4470099452150408,
        0.7542898806701749,
        0.5479341663421907,
        0.053005096390583456,
        0.9017022692306225,
        0.7210389103296116,
        0.4935853903243965,
        0.6600526658116285,
        0.656261567280574,
        0.45925035805783276,
        0.6249994642619773,
        1.0145770704811277,
        0.11793820290982723,
        0.7231807872776236,
        0.5982697417943241,
        0.5517353536505253,
        0.6198841583109976,
        0.89437991161697,
        0.661728700909508,
        1.1158685200805978
      ],
      [
        0.16693174797861832,
        0.24614095301950878,
        0.7134840218029508,
        0.4568389066641074,
        0.3384596321226546,
        0.7526421465335914,
        0.09909480772638235,
        0.5643340207162804,
        0.05002601948836997,
        0.532805093137389,
        0.26765997168077743,
        0.30426701118426613,
        0.7423353154310871,
        0.5531367673186706,
        0.6497340821625454,
        0.0,
        0.5685921367480129,
        0.4726252929493248,
        0.1734233826371349,
        1.0043518672757619,
        0.8707931063836876,
        0.5175231955893943,
        0.619000248725885,
        0.5415546255543314,
        0.4178936678891101,
        0.7537334180948418,
        0.16922995624344422,
        0.25092186543011935,
        0.680797568495377,
        0.9061129330098227,
        0.46378960521051515,
        0.15477338298033005,
        0.1457631209333617,
        0.7235201666305485,
        0.34473249238047154,
        0.11381604214612338,
        0.3650130734069941,
        0.7064277323005871,
        0.09836515538446819,
        0.4684761481248537,
        0.3981960656951027,
        0.7272444080692922,
        0.7239551824200745,
        0.6014196484680688,
        0.8607276719256106,
        0.8861889410828797,
        0.8685902060468599,
        0.7237848081981855,
        0.26876339341964506,
        0.4064248847623218,
        0.8008741146401103,
        0.48365218994786136,
        0.7676722850723726,
        0.890635441327444,
        0.5502879566802911,
        0.3569779317368627,
        0.4626845296506932,
        0.9789637600493412,
        0.7153887473517156,
        0.5760327539887443
      ],
      [
        0.4170414095942273,
        0.8146991471795115,
        0.8621959123998689,
        1.0253971008241103,
        0.7728245229845736,
        0.898836596493469,
        0.557096560774723,
        0.24292419584361388,
        0.6003230679703808,
        0.34133342910297076,
        0.8215140264636984,
        0.8577026235358176,
        0.7251844270120005,
        0.23780171755324192,
        1.0979906404634736,
        0.5685921367480129,
        0.0,
        0.20992457390302724,
        0.7416041044659899,
        0.971054991992371,
        0.773818358341093,
        0.09619347568597081,
        1.05322513239373,
        0.6898782762489469,
        0.17448975221739654,
        0.9708903275168538,
        0.405199362031018,
        0.4963532277096584,
        0.6734553004455706,
        1.0443086235012518,
        0.8084145857630847,
        0.444104798176042,
        0.4651546132886539,
        0.7277632324838512,
        0.5792855261642306,
        0.6783311484531136,
        0.46188441304559436,
        1.1552608997172171,
        0.5546911989040589,
        0.35842133832773476,
        0.9667542598551054,
        0.7317747750153124,
        0.8586603986290496,
        1.050130953592462,
        0.8033431645984584,
        1.0013550321204878,
        1.0642868643220673,
        1.0240376118509622,
        0.44603579147147443,
        0.9749830789223246,
        0.9357256965488362,
        0.08754338591730668,
        1.2159288433733009,
        0.9927925418380501,
        0.6524450571908971,
        0.9251078870927965,
        0.6255426578511459,
        0.9399330743102152,
        0.9127810994861367,
        0.025720185747615046
      ],
      [
        0.31129532174875707,
        0.71697700239493,
        0.7188282672397391,
        0.9276749560395287,
        0.6530663958273918,
        0.7490190798478118,
        0.4450069157757431,
        0.10003770132507822,
        0.49864724180614217,
        0.17805976047182545,
        0.7110373459864043,
        0.7465889300750408,
        0.555374671885467,
        0.08826682619791629,
        0.9758783383727633,
        0.4726252929493248,
        0.20992457390302724,
        0.0,
        0.5875551198821788,
        0.8132431314479938,
        0.6313979437218991,
        0.12018993047718349,
        0.9334670052365481,
        0.5465106310888171,
        0.05473162506021474,
        0.8273283140243235,
        0.30363057813067895,
        0.3765951005524766,
        0.4975889757558498,
        0.8821108215803283,
        0.7011713387075691,
        0.3339582318391864,
        0.3653962815407099,
        0.5525199381873029,
        0.45348856885038996,
        0.5764635692275984,
        0.31595985890482314,
        1.0354732089952694,
        0.44246338757519255,
        0.21249678418696355,
        0.8690321150705239,
        0.5567012119022573,
        0.7080657674627124,
        0.9303728264352801,
        0.6496484976147167,
        0.8507604009541505,
        0.9121118286694645,
        0.8776788162683875,
        0.4149098571871898,
        0.8772609341377431,
        0.785131065382499,
        0.13583072123172896,
        1.0938165412825904,
        0.8421979106717128,
        0.5018504260245599,
        0.8246875117770244,
        0.47885378668896783,
        0.786245417342735,
        0.7695737027493124,
        0.2311271256231354
      ],
      [
        0.33684382891669096,
        0.36163232459027206,
        0.7941740025165189,
        0.5181556378814379,
        0.5118830147597895,
        0.8333321272471597,
        0.22240131081757944,
        0.6875928212072571,
        0.15213274744100186,
        0.6632652060268414,
        0.26145517040088606,
        0.294682473660858,
        0.8234223492545338,
        0.675821946080095,
        0.8231574647996802,
        0.1734233826371349,
        0.7416041044659899,
        0.5875551198821788,
        0.0,
        1.0461674762386397,
        0.95625323740511,
        0.6875437779881953,
        0.7806507175099686,
        0.6222446062678997,
        0.5872027407442243,
        0.898692514938036,
        0.33880443272438315,
        0.3600212460243768,
        0.7603487921932083,
        0.9868029137233909,
        0.63721298784765,
        0.31215313174343196,
        0.30465695316053,
        0.8048903538436233,
        0.4254224730940398,
        0.06680712396638712,
        0.4954731862964465,
        0.879851114937722,
        0.22372736174630276,
        0.5989362610143061,
        0.48590711539999043,
        0.8085326759296784,
        0.8046451631336429,
        0.7748430311052037,
        0.9402921725112288,
        0.966878921796448,
        0.9990511316201612,
        0.8972081908353203,
        0.3968189797188194,
        0.48618577813581865,
        0.8815640953536785,
        0.6561705253378565,
        0.9410956677095075,
        0.9715951272065098,
        0.6312476425593568,
        0.39864184409214676,
        0.5441680822055405,
        1.0604473126041885,
        0.8402469860768929,
        0.7493713251503319
      ],
      [
        1.0164601225696583,
        1.2504928202952708,
        0.3293475802953218,
        1.1707681492430202,
        0.8050291033187609,
        0.39234886426990956,
        1.0865511641174166,
        0.7361986170669969,
        1.0531638481010108,
        0.6394037919312586,
        1.2189165460450893,
        1.25552949241402,
        0.26201655184467476,
        0.7444514796972416,
        0.8877269704069477,
        1.0043518672757619,
        0.971054991992371,
        0.8132431314479938,
        1.0461674762386397,
        0.0,
        0.2075834137513566,
        0.8821023566794952,
        0.9134783124469881,
        0.5016652164462438,
        0.8679356568164108,
        0.4544048436136381,
        0.919108337264857,
        0.7548594999060645,
        0.32509010890600026,
        0.31375545281841943,
        0.9045049252777699,
        0.8822723920944551,
        1.0546189150168148,
        0.2908536274660901,
        0.6614389481641472,
        1.0276541427195491,
        0.6827794777433971,
        0.8662926848848618,
        1.0846223801660095,
        0.6500178596178068,
        1.0997883624859426,
        0.29029492930929496,
        0.33979280406475704,
        0.8347218740163642,
        0.16793974086625602,
        0.18893494318111417,
        0.4186503336288675,
        0.5476571009158216,
        0.7524393700944919,
        1.119768428084211,
        0.30377469955833963,
        0.9332968553535173,
        0.7856445546735124,
        0.18040197030571603,
        0.4745109915326518,
        1.2052249044503172,
        0.5508953877997521,
        0.0388080583178135,
        0.44853844433547063,
        0.996773930068604
      ],
      [
        0.8739473968468686,
        1.1169340594031962,
        0.4050659884183198,
        1.134037499014713,
        0.8654850533701094,
        0.4487664955231242,
        0.947988933028471,
        0.5463720229415977,
        0.9203275181935612,
        0.4536890448275628,
        1.0948578518287622,
        1.1275170933304386,
        0.14502637311319957,
        0.5556740605487457,
        0.9275946312479947,
        0.8707931063836876,
        0.773818358341093,
        0.6313979437218991,
        0.95625323740511,
        0.2075834137513566,
        0.0,
        0.6882795271309051,
        0.9304320581421965,
        0.3907423295613169,
        0.6853254332339787,
        0.5196374511512818,
        0.7765956115420672,
        0.619873034495996,
        0.19633557340694313,
        0.4301648726255777,
        0.9495180967222201,
        0.7396958056608556,
        0.9124524785798644,
        0.17386344873461496,
        0.5332141563037368,
        0.9020007978798625,
        0.5543854736191696,
        0.974530554213026,
        0.9459242458368708,
        0.4760167727539508,
        1.0515227860349396,
        0.17330475057781977,
        0.37966046490580396,
        0.8745895348574112,
        0.058983962107221184,
        0.29517417283660186,
        0.5192948226754655,
        0.6064718592559603,
        0.6099266443717022,
        1.0723519432757362,
        0.3672561473386314,
        0.743075713752655,
        0.8938824240016765,
        0.28863983963388024,
        0.3446253907576637,
        1.1061816583620665,
        0.42874759720656175,
        0.17158680562754813,
        0.5023381394773828,
        0.7994493903359713
      ],
      [
        0.38140566773504797,
        0.7636641486089031,
        0.7663832481060032,
        0.9743621022535017,
        0.6989540044158794,
        0.8027502398604145,
        0.5217480398807298,
        0.14843638873884207,
        0.5546343477201503,
        0.24725498044103117,
        0.7795474602195566,
        0.8162126503345638,
        0.6327989809164876,
        0.14245640827308842,
        1.0241201218947795,
        0.5175231955893943,
        0.09619347568597081,
        0.12018993047718349,
        0.6875437779881953,
        0.8821023566794952,
        0.6882795271309051,
        0.0,
        0.9701781426131433,
        0.5940656119550812,
        0.10061923364870236,
        0.8748264291678576,
        0.348925455080161,
        0.4224827091409642,
        0.5797585621491892,
        0.9481233789083092,
        0.746983133728327,
        0.37977002685994427,
        0.43366711554546705,
        0.6343249123094159,
        0.5032196882874889,
        0.6222166889702617,
        0.36569097834192205,
        1.0813903811485228,
        0.5192384358039643,
        0.26222790362406245,
        0.915719261284497,
        0.6383780570508577,
        0.7624751540361072,
        0.9762604350237677,
        0.7149458365507074,
        0.9051697875275453,
        0.9681511181941647,
        0.9278441771472898,
        0.42309199056133684,
        0.9239480803517162,
        0.8395404519558938,
        0.06459958500716903,
        1.1420583248046068,
        0.8966072972451076,
        0.5562598125979547,
        0.8737292738905957,
        0.5293492231474737,
        0.8519693786391886,
        0.8165876238001659,
        0.12059709297423042
      ],
      [
        0.7198051324250831,
        0.4614551654467268,
        0.5895447315522301,
        0.33853344831228854,
        0.28054061660323043,
        0.6427915389995513,
        0.7162841056375973,
        0.8813496797864879,
        0.645482942093061,
        0.8653252219044666,
        0.5191955471090826,
        0.5202102575056451,
        0.8083196001748355,
        0.8931515953787641,
        0.1425919911539306,
        0.619000248725885,
        1.05322513239373,
        0.9334670052365481,
        0.7806507175099686,
        0.9134783124469881,
        0.9304320581421965,
        0.9701781426131433,
        0.0,
        0.5396897285808797,
        0.8787353801763333,
        0.6958144025754176,
        0.6716385016414927,
        0.5568719046840716,
        0.7494231445111962,
        0.7335022736887928,
        0.26550520265589644,
        0.6207849545440247,
        0.7539143436733247,
        0.7842592093578992,
        0.6620964671495683,
        0.7138435935435815,
        0.6975332021740718,
        0.17545435273905066,
        0.7159497016757035,
        0.8009962768919313,
        0.30940005277113297,
        0.7800412227102153,
        0.5736855083822311,
        0.09660336168923182,
        0.9274536112706628,
        0.746790252369652,
        0.6289085154210141,
        0.6658657926787612,
        0.611535256057525,
        0.32006613352252516,
        0.6507508063020176,
        0.9698115624113839,
        0.25326132800644485,
        0.7529398843666637,
        0.6000022618845446,
        0.41480430930580253,
        0.6214448879401053,
        0.9193057748435319,
        0.6574697318322915,
        1.071103012010854
      ],
      [
        0.5817718656424137,
        0.7876955785738402,
        0.172317636150922,
        0.8782231768931683,
        0.5784799483946084,
        0.21108752097925998,
        0.6290005590004746,
        0.45667914653619346,
        0.5895813516726054,
        0.3707062211282796,
        0.7497921266063213,
        0.7865466755836114,
        0.2728069729916419,
        0.4582438048909009,
        0.5381289989517719,
        0.5415546255543314,
        0.6898782762489469,
        0.5465106310888171,
        0.6222446062678997,
        0.5016652164462438,
        0.3907423295613169,
        0.5940656119550812,
