{
  "sol": {
    "z": 2.396661413910696,
    "tours": [
      [
        0,
        12,
        15,
        10,
        22,
        18,
        21,
        16,
        7,
        8,
        20,
        23,
        1,
        11
      ],
      [
        9,
        4,
        3,
        13,
        6,
        2,
        1
      ],
      [
        17,
        39,
        5
      ],
      [
        14,
        59,
        34
      ],
      [
        19,
        13
      ]
    ]
  },
  "params": {
    "gm": [
      [
        0.0,
        0.35703261191201024,
        0.21824505343013895,
        0.736549153854547,
        0.5441315282317168,
        0.5321940873586033,
        0.7879284803856774,
        0.3933849833965105,
        0.3853858131875395,
        0.5276275578667596,
        0.15598663923865275,
        0.40918378377836784,
        0.0755189945634691,
        0.7278830197093412,
        0.6728336779513865,
        0.2979738249160272,
        0.3394403347260877,
        0.42121179298173883,
        0.24055905629096705,
        0.6688376170685613,
        0.30777946569636283,
        0.38776547551076995,
        0.17415027348955991,
        0.29663605521908604,
        0.35378097647145623,
        0.5565479791751724,
        0.6533380656666434,
        0.4760426577485045,
        0.3769075050890312,
        0.31162037013404825,
        0.699490004128739,
        0.3898552863333602,
        0.7179339391959998,
        0.44921434860658893,
        0.5973137380835954,
        0.33124206031670655,
        0.5669263408237956,
        0.6311480517110346,
        0.6929503366667489,
        0.239179323417317,
        0.3363576301819897,
        0.5525374119367134,
        0.22840003144049578,
        0.4690198606744564,
        0.2198527370577864,
        0.1095426963023671,
        0.3564071281558679,
        0.4202990625411791,
        0.7424276970405381,
        0.25890773081817264,
        0.1190142139584298,
        0.5822987992288812,
        0.6214643059435521,
        0.35766398068107164,
        0.5897479415893763,
        0.4420734800108856,
        0.31963727907082984,
        0.28188847044714704,
        0.30409110952199614,
        0.982674502051499
      ],
      [
        0.35703261191201024,
        0.0,
        0.39649411674576407,
        0.5762679470028259,
        0.3950729492324706,
        0.5095711002532916,
        0.627661621790321,
        0.22740191030987428,
        0.2252913760806949,
        0.17254846972467494,
        0.34596285208306465,
        0.07820926761303709,
        0.4292275636413727,
        0.6480032583417769,
        0.38403588480491196,
        0.6516823939939308,
        0.4280731714377064,
        0.5153019560363369,
        0.5019355925715775,
        0.8569385136665122,
        0.16114012424509727,
        0.662226108798292,
        0.2891340149048023,
        0.08014033552796282,
        0.6482566256609232,
        0.8168465009880742,
        0.8670152460517236,
        0.722037126969376,
        0.7057127404219646,
        0.6050055305602406,
        0.515903376327618,
        0.11996021631239287,
        0.6301581111078024,
        0.16680118182814432,
        0.44602262677335414,
        0.6715715293426425,
        0.5841609992152234,
        0.711005821208971,
        0.8549671276853711,
        0.3214227214157811,
        0.6738389297004594,
        0.3699974018346052,
        0.49190031758261166,
        0.31138913317555394,
        0.5654886222439951,
        0.24854465349188676,
        0.4959321288136628,
        0.2581402803736004,
        0.5922592262992904,
        0.5737368636274198,
        0.25558874665051795,
        0.7840689833905599,
        0.32808433293253436,
        0.7000343716164527,
        0.33008049478294554,
        0.3268749343881885,
        0.06051039230072542,
        0.4647394720812136,
        0.0630650085572584,
        0.702652690914871
      ],
      [
        0.21824505343013895,
        0.39649411674576407,
        0.0,
        0.8766907168211988,
        0.6772645959028547,
        0.4251455326859004,
        0.9280843916086939,
        0.49504535306419184,
        0.4870461828552209,
        0.569042586470439,
        0.36577072868701466,
        0.47092144102587713,
        0.29376404799360806,
        0.9335563027045499,
        0.766398800241455,
        0.38815230384920457,
        0.5576853881562267,
        0.26924931500217864,
        0.45500259501091295,
        0.8832811557885072,
        0.4094398353640442,
        0.6060105289409089,
        0.364742325091226,
        0.37643194900624255,
        0.5720260299015951,
        0.7747930326053114,
        0.8715831190967824,
        0.3424319183732788,
        0.30921862367620057,
        0.5177835995331063,
        0.5924413516318915,
        0.48235074760353785,
        0.8937241260825608,
        0.5430019966064225,
        0.4465863152325478,
        0.5494871137468456,
        0.7851713942539345,
        0.8493931051411736,
        0.9073938753866948,
        0.08912470542741376,
        0.4635405747607588,
        0.6568677086853777,
        0.44278064395075667,
        0.5732646236324506,
        0.43809779048792535,
        0.2206630589323221,
        0.5719201577086371,
        0.5219594322088604,
        0.8926819961176633,
        0.4771527842483116,
        0.28133641457568626,
        0.8005438526590201,
        0.7147107592910347,
        0.5626256872932315,
        0.6865708090148642,
        0.5908560941718854,
        0.3383307895362906,
        0.4998071841584453,
        0.3723407335286443,
        1.0751699633216767
      ],
      [
        0.736549153854547,
        0.5762679470028259,
        0.8766907168211988,
        0.0,
        0.21850562589179617,
        0.9198643443019052,
        0.05139367478749515,
        0.40723504727191995,
        0.4032792761609256,
        0.6008451101997034,
        0.6394821266341489,
        0.5522636147894702,
        0.7843784393080605,
        0.10978984406994331,
        0.3132645016873651,
        0.9564482405252039,
        0.39710881912845936,
        0.9230332061780874,
        0.6025831830380538,
        0.6105438181688607,
        0.4791572758680348,
        0.7126249490899456,
        0.6963109638124113,
        0.5498315696044584,
        0.7065827772278822,
        0.7473688963245624,
        0.6053389186505039,
        1.1165732097408483,
        1.014550021753329,
        0.8059850458964234,
        0.9540642410664972,
        0.48805442774867586,
        0.4288009578479064,
        0.4758015775304011,
        0.8687719450022995,
        0.8246729537061571,
        0.2533353151242894,
        0.44937266772107287,
        0.5898930249083429,
        0.8405503425736363,
        0.8713917939421396,
        0.23172940254670138,
        0.6068700929026795,
        0.3553918716133284,
        0.7758674361799541,
        0.6773940452620306,
        0.4318122163167184,
        0.37107779967176235,
        0.0159912792964645,
        0.7046548779264474,
        0.7357683248490475,
        0.594407343226663,
        0.3718835099882773,
        0.893621429465679,
        0.4289660236843091,
        0.37709749873001647,
        0.6367783393035513,
        0.5074444230673094,
        0.5659797046315265,
        0.29246018659308415
      ],
      [
        0.5441315282317168,
        0.3950729492324706,
        0.6772645959028547,
        0.21850562589179617,
        0.0,
        0.701358718410109,
        0.26783112786083524,
        0.19401799565557665,
        0.19082723692685252,
        0.430202131669986,
        0.4642901101487904,
        0.3470327103001742,
        0.5919608136852302,
        0.2562992909659728,
        0.4921581730277536,
        0.7462727188786149,
        0.20469119350562912,
        0.7091834049118021,
        0.4095378036522556,
        0.5506862103310287,
        0.2678247605388105,
        0.5202073234671153,
        0.5211189473270528,
        0.3410454571694933,
        0.5312356866566684,
        0.6698742354791334,
        0.5424053799767962,
        0.905710704624558,
        0.8036875166370387,
        0.595122540780133,
        0.7828895872429668,
        0.28250958702412365,
        0.326811990647401,
        0.2712313530740376,
        0.664201720545936,
        0.636623354659425,
        0.20853902861770646,
        0.3863959551340435,
        0.5269274294396576,
        0.6292178272444119,
        0.6622909535105473,
        0.02718315532282509,
        0.4114505178344745,
        0.1369348282572187,
        0.5741877213729555,
        0.46606152993280625,
        0.2588519464121094,
        0.15718432290704903,
        0.2193555196014794,
        0.5136392239599843,
        0.5269822124140824,
        0.5314306306396337,
        0.4434813104110008,
        0.7001116878636222,
        0.43554492650431775,
        0.16025533972011688,
        0.4347417847018488,
        0.3177672065722727,
        0.3575973038743344,
        0.49964500705684745
      ],
      [
        0.5321940873586033,
        0.5095711002532916,
        0.4251455326859004,
        0.9198643443019052,
        0.701358718410109,
        0.0,
        0.9025326613278172,
        0.6389890682971098,
        0.6319134841952458,
        0.3370226305286166,
        0.5954768912735641,
        0.4630932128491173,
        0.5813381579011876,
        0.9576580093760818,
        0.6241792505845348,
        0.8037929882537457,
        0.8306859479792325,
        0.17115318826962353,
        0.7422484127830311,
        1.1490940233207072,
        0.615029118579676,
        0.9046472041114705,
        0.5701234029701121,
        0.5715350702665757,
        0.8779707433204436,
        1.0694298256855255,
        1.0973759306052178,
        0.7570292810754568,
        0.7342457988833535,
        0.8438144574926516,
        0.16729591677013567,
        0.5155090342693959,
        1.0200894903164466,
        0.4580900181968905,
        0.06511965072499215,
        0.8634361476753099,
        0.9098977470278155,
        1.0877546735441526,
        1.1310718013796164,
        0.33973484243695934,
        0.868551717540593,
        0.7021621931805903,
        0.731693057838289,
        0.701641850089297,
        0.7520468244163897,
        0.4374607399564786,
        0.8031468015909946,
        0.6472144118544232,
        0.9207142380115884,
        0.7877362938565837,
        0.4833445437114903,
        1.0118247804515321,
        0.5668621880092818,
        0.8898580680396749,
        0.6224035916271706,
        0.7286100887123698,
        0.570081492554017,
        0.7419997948500817,
        0.5612650061690803,
        0.9460988905980574
      ],
      [
        0.7879284803856774,
        0.627661621790321,
        0.9280843916086939,
        0.05139367478749515,
        0.26783112786083524,
        0.9025326613278172,
        0.0,
        0.45256649499685636,
        0.45467295094842075,
        0.6103943807378678,
        0.6902436622399851,
        0.6036572895769653,
        0.8357577658391908,
        0.12984120742309513,
        0.32281377222552954,
        1.0077149187994756,
        0.4484881456595897,
        0.9744268809655825,
        0.6538318271055708,
        0.647407842263414,
        0.5305509506555299,
        0.7640042756210759,
        0.7470724994182476,
        0.6012252443919536,
        0.7573443128337185,
        0.7872358226510074,
        0.6451452934170234,
        1.1677757620611948,
        1.0657525740736755,
        0.8571875982167699,
        0.9636135116046617,
        0.539448102536171,
        0.4739524565618875,
        0.5271952523178962,
        0.883817103636908,
        0.8755488426743793,
        0.29745677548383104,
        0.4892395940475179,
        0.6275035439991494,
        0.8919440173611314,
        0.9226968569902162,
        0.2831230773341965,
        0.6581803454620916,
        0.4047360458394035,
        0.8272507836959028,
        0.7287877200495257,
        0.48257375192255464,
        0.4224714744592575,
        0.04858245988287134,
        0.755760599958611,
        0.7871619996365427,
        0.6342742695531081,
        0.38143278052644175,
        0.9447386240134923,
        0.43851529422247354,
        0.42723820717201577,
        0.6881720140910464,
        0.5586742422247385,
        0.6173733794190215,
        0.25010016550828934
      ],
      [
        0.3933849833965105,
        0.22740191030987428,
        0.49504535306419184,
        0.40723504727191995,
        0.19401799565557665,
        0.6389890682971098,
        0.45256649499685636,
        0.0,
        0.007999170208970955,
        0.32599887513434456,
        0.42376142788355786,
        0.20853307243117608,
        0.4645347861558706,
        0.4498520359063782,
        0.3499181129302291,
        0.6869896165084287,
        0.20067126112783212,
        0.5293288626232172,
        0.36978682028250176,
        0.629536603356638,
        0.08560551770014764,
        0.503766581910237,
        0.3669325907052955,
        0.15793891132845606,
        0.508211337503175,
        0.6422819486148602,
        0.6396133357418494,
        0.8374772714374706,
        0.7659232966814327,
        0.5933525971378119,
        0.646227181145757,
        0.1476512028279897,
        0.4027562007979281,
        0.18089905010021926,
        0.5738694175721176,
        0.5946438028125784,
        0.36058287182569765,
        0.48360391089909677,
        0.6275652173754969,
        0.446998584405749,
        0.6173759750897,
        0.17550564472521854,
        0.3688812727293294,
        0.0841071454535727,
        0.5139610839657593,
        0.2838422870941434,
        0.2685302185037885,
        0.03697978371159077,
        0.413373515257056,
        0.4718841802940506,
        0.34387566657304514,
        0.628638586404687,
        0.31695354075300436,
        0.6517723275890446,
        0.3452126235304994,
        0.0994730240783142,
        0.2536243591781416,
        0.2901749197079996,
        0.17638001318636967,
        0.6740372319096839
      ],
      [
        0.3853858131875395,
        0.2252913760806949,
        0.4870461828552209,
        0.4032792761609256,
        0.19082723692685252,
        0.6319134841952458,
        0.45467295094842075,
        0.007999170208970955,
        0.0,
        0.32025190528720365,
        0.42338230774894303,
        0.20389423065158377,
        0.4565356159468996,
        0.446968937667657,
        0.3419736016918025,
        0.6789904462994578,
        0.20567712640523267,
        0.5213296924142462,
        0.3741237075208521,
        0.6345424686340385,
        0.07760634749117669,
        0.5081034691485875,
        0.36655347057068066,
        0.15755979119384125,
        0.5125482247415254,
        0.6466188358532106,
        0.6430185412812158,
        0.8294781012284996,
        0.7579241264724618,
        0.5976894843761622,
        0.6415883393661647,
        0.14215078761055394,
        0.4066779432273399,
        0.17382346599835538,
        0.5667938334702537,
        0.5989806900509288,
        0.3610684952692001,
        0.4870091164384632,
        0.6309704229148633,
        0.43899941419677807,
        0.6194872704133569,
        0.17154987361422422,
        0.37321815996767976,
        0.08621844077722961,
        0.512038874256598,
        0.27584311688517243,
        0.27353608378118904,
        0.03505757400242935,
        0.4101827565283319,
        0.47622106753240095,
        0.34089912876129214,
        0.6320437919440534,
        0.30895807545379744,
        0.6498501178798832,
        0.33813703942863554,
        0.10380991131666456,
        0.2532990243773917,
        0.29451180694634993,
        0.1757724134324573,
        0.6660927206712572
      ],
      [
        0.5276275578667596,
        0.17254846972467494,
        0.569042586470439,
        0.6008451101997034,
        0.430202131669986,
        0.3370226305286166,
        0.6103943807378678,
        0.32599887513434456,
        0.32025190528720365,
        0.0,
        0.49209608592285553,
        0.1260705823205007,
        0.6007880512694881,
        0.681037733572943,
        0.2875806085123383,
        0.8232428816220462,
        0.5252840406456418,
        0.4880927562902283,
        0.6480688264113683,
        0.9541493828744476,
        0.28849088563552766,
        0.8027827252213182,
        0.44350611911479854,
        0.23451243973795913,
        0.795848126790288,
        0.9654991869506151,
        0.9517553122459369,
        0.894585596694051,
        0.8782612101466396,
        0.7511387644000316,
        0.36603174892638285,
        0.17848640374077926,
        0.7203164569324271,
        0.16074135065944992,
        0.27347415704867917,
        0.8361007711845707,
        0.6376749528476074,
        0.7957458874031843,
        0.9397071938795843,
        0.49397119114045607,
        0.8199721635402504,
        0.40303187706577137,
        0.6397328012235768,
        0.3986951615527352,
        0.7304740745733044,
        0.4202002727700392,
        0.592328839268021,
        0.34246787967577547,
        0.5864508824297379,
        0.7266046437021091,
        0.4203411356046411,
        0.9407805629087744,
        0.22983955748066523,
        0.8667195559046312,
        0.2890007149494532,
        0.4226902624140691,
        0.23305886202540035,
        0.6133921580437545,
        0.22424237564046368,
        0.6091353175678145
      ],
      [
        0.15598663923865275,
        0.34596285208306465,
        0.36577072868701466,
        0.6394821266341489,
        0.4642901101487904,
        0.5954768912735641,
        0.6902436622399851,
        0.42376142788355786,
        0.42338230774894303,
        0.49209608592285553,
        0.0,
        0.3660295271762475,
        0.21021503857741064,
        0.6141244481718812,
        0.655858301049276,
        0.4102267467929914,
        0.25996099766189573,
        0.5196530287521732,
        0.1559727404885128,
        0.584251301266107,
        0.3509327941468604,
        0.3200093211736544,
        0.05682883717826238,
        0.2658225165551018,
        0.3037520408674325,
        0.4788643215090439,
        0.5855819113295279,
        0.569630842321601,
        0.4676076543340817,
        0.25904267847717605,
        0.7627728080436997,
        0.3718154620106678,
        0.6103487901975985,
        0.43291174256617837,
        0.6605965419985562,
        0.3481373927442049,
        0.4336784503163624,
        0.5516687146468425,
        0.6083640208642946,
        0.3643997306354328,
        0.32787607761739485,
        0.47121197236146073,
        0.1476367153007212,
        0.36958871209062405,
        0.25748235989071777,
        0.17174142803594847,
        0.2076699103174305,
        0.41862048783495687,
        0.6473550926105012,
        0.23450855777925358,
        0.11213234756207371,
        0.5145426448917656,
        0.6051344093167845,
        0.3942853177236161,
        0.5802518888034288,
        0.3372247992062031,
        0.3432060958059281,
        0.14652290357651768,
        0.2847648987394425,
        0.9191181842479667
      ],
      [
        0.40918378377836784,
        0.07820926761303709,
        0.47092144102587713,
        0.5522636147894702,
        0.3470327103001742,
        0.4630932128491173,
        0.6036572895769653,
        0.20853307243117608,
        0.20389423065158377,
        0.1260705823205007,
        0.3660295271762475,
        0.0,
        0.48373057796699603,
        0.5985400687499405,
        0.30590495016604907,
        0.7061854083195541,
        0.4091687917398506,
        0.59217135511946,
        0.5220022676647603,
        0.8380341339686564,
        0.16308622455680977,
        0.6773780641426004,
        0.32158908977990763,
        0.1125954104030682,
        0.66978156804368,
        0.8448938486852914,
        0.8451751417013869,
        0.790138308465494,
        0.7794947864486999,
        0.6250722056534235,
        0.4376941087145809,
        0.06589051662451995,
        0.6101185383994517,
        0.09305536901177527,
        0.3995447393691799,
        0.7137110731789085,
        0.5467299711069422,
        0.6891657168586343,
        0.8331270233350343,
        0.3982921204989042,
        0.6939056047936423,
        0.3205342122427688,
        0.5136662424769687,
        0.28756094918299324,
        0.6082203221685902,
        0.3049482877018649,
        0.477027749115807,
        0.23108059493153477,
        0.5663882299016536,
        0.6005380849555011,
        0.2977206012872332,
        0.8262008380272751,
        0.24987951520058785,
        0.7440996035673368,
        0.2572907857895548,
        0.307703831192354,
        0.13860016330754849,
        0.49840572682203943,
        0.10648055336114272,
        0.6254906527919493
      ],
      [
        0.0755189945634691,
        0.4292275636413727,
        0.29376404799360806,
        0.7843784393080605,
        0.5919608136852302,
        0.5813381579011876,
        0.8357577658391908,
        0.4645347861558706,
        0.4565356159468996,
        0.6007880512694881,
        0.21021503857741064,
        0.48373057796699603,
        0.0,
        0.7725414589148037,
        0.7483377602817989,
        0.2224548303525581,
        0.38726962017960115,
        0.49673078754520794,
        0.2488267295767846,
        0.6771052903543788,
        0.37892926845572295,
        0.3735678699401753,
        0.24035174070901566,
        0.37133293927667227,
        0.3932321535119834,
        0.5423844560534946,
        0.6391404600960489,
        0.4005236631850354,
        0.3013885105255621,
        0.3736388986683735,
        0.7427825219576012,
        0.46536525128987255,
        0.7657632246495132,
        0.5247184309370013,
        0.6464578086261797,
        0.40676105488017567,
        0.6125451518629799,
        0.678977337164548,
        0.6804419710205158,
        0.3146983179807861,
        0.30818390182242694,
        0.6003666973902269,
        0.2368758452373782,
        0.5168491461279698,
        0.2953717316212555,
        0.1806924990617272,
        0.3928757946716741,
        0.4914488653005392,
        0.7902569824940516,
        0.33442672538164175,
        0.19415306799564896,
        0.5681011936582865,
        0.6969683882739645,
        0.39916299610643674,
        0.6608977443487364,
        0.48990276546439904,
        0.388522535081563,
        0.3116755747866316,
        0.3781043602552965,
        1.0581844670080114
      ],
      [
        0.7278830197093412,
        0.6480032583417769,
        0.9335563027045499,
        0.10978984406994331,
        0.2562992909659728,
        0.9576580093760818,
        0.12984120742309513,
        0.4498520359063782,
        0.446968937667657,
        0.681037733572943,
        0.6141244481718812,
        0.5985400687499405,
        0.7725414589148037,
        0.0,
        0.4194140959200172,
        0.9495002803721013,
        0.3884426849832535,
        0.9654826958777749,
        0.5828505846757848,
        0.5220517962156312,
        0.5241164673405058,
        0.7032045869328241,
        0.6709532853501435,
        0.5960525483967564,
        0.6812250987656144,
        0.666797739412595,
        0.5234754030736406,
        1.1126496020942278,
        1.0106264141067085,
        0.8020614382498029,
        1.033984354198777,
        0.5343308817091461,
        0.3659537223014959,
        0.5220780314908713,
        0.9150483989627698,
        0.7948990584381829,
        0.1925060088470173,
        0.3688015108091055,
        0.5030280285776868,
        0.8855095340461072,
        0.86377219511089,
        0.27800585650717163,
        0.589138636016944,
        0.38330658167616855,
        0.7602018638701794,
        0.7223532367345016,
        0.4064545378544506,
        0.41288777592365716,
        0.12564497376042094,
        0.6800594645537195,
        0.7262567957339549,
        0.5138361863146956,
        0.47803310422092943,
        0.8675799799157791,
        0.5351156179169613,
        0.39724327391842146,
        0.6883127585653185,
        0.48898919642950567,
        0.6120033872548893,
        0.3755501659674017
      ],
      [
        0.6728336779513865,
        0.38403588480491196,
        0.766398800241455,
        0.3132645016873651,
        0.4921581730277536,
        0.6241792505845348,
        0.32281377222552954,
        0.3499181129302291,
        0.3419736016918025,
        0.2875806085123383,
        0.655858301049276,
        0.30590495016604907,
        0.7483377602817989,
        0.4194140959200172,
        0.0,
        0.9519671557497391,
        0.5045911778847202,
        0.7756219306529276,
        0.6722718288041098,
        0.9238083198562258,
        0.37644417398510865,
        0.8062515904318452,
        0.5990294638710136,
        0.39003578449417425,
        0.8106963460247831,
        0.9447669571364683,
        0.9180838593814235,
        1.0793616121051466,
        0.9976646323192409,
        0.8958376056594199,
        0.6407997393791321,
        0.2840603624950609,
        0.7053259315027123,
        0.22361932934479758,
        0.5610033314113785,
        0.8971288113341865,
        0.5651145092419234,
        0.7621897387240897,
        0.9031404195830827,
        0.7001478621520137,
        0.92487351485374,
        0.46769150432849727,
        0.6713662812509376,
        0.39160468521761277,
        0.8119551503748732,
        0.571489133765432,
        0.5720506128951842,
        0.3349738501207046,
        0.2988702739173995,
        0.7743691888156587,
        0.5759725397387634,
        0.886554601711316,
        0.05861900830091222,
        0.9497663939981584,
        0.11570152199694402,
        0.4019580325999223,
        0.44414698860387813,
        0.5926599282296077,
        0.39452064764076006,
        0.3241191189794547
      ],
      [
        0.2979738249160272,
        0.6516823939939308,
        0.38815230384920457,
        0.9564482405252039,
        0.7462727188786149,
        0.8037929882537457,
        1.0077149187994756,
        0.6869896165084287,
        0.6789904462994578,
        0.8232428816220462,
        0.4102267467929914,
        0.7061854083195541,
        0.2224548303525581,
        0.9495002803721013,
        0.9519671557497391,
        0.0,
        0.5625414211607712,
        0.6530689077713911,
        0.37181006212584383,
        0.732272047820589,
        0.601384098808281,
        0.41364593022559426,
        0.46280657106157375,
        0.5937877696292304,
        0.36464392864333445,
        0.5506239596245327,
        0.678831181613496,
        0.1780688328324773,
        0.078933680173004,
        0.1511840683158154,
        0.9652373523101593,
        0.6878200816424307,
        0.6893245296166249,
        0.7471732612895594,
        0.8337342079425896,
        0.23431595656813647,
        0.7722128840152148,
        0.751901296378114,
        0.7204735796757119,
        0.47557987198225704,
        0.08572907146986888,
        0.7454428943401863,
        0.3636363080289368,
        0.6189979011059962,
        0.1975000484473745,
        0.4031473294142853,
        0.5464170824249135,
        0.6744813487015431,
        0.9606911243415927,
        0.29262863674951617,
        0.41660789834820705,
        0.6068666208725239,
        0.9194232186265225,
        0.17670816575387865,
        0.8833525747012945,
        0.6330445566799521,
        0.6109773654341211,
        0.4619427375162291,
        0.6005591906078546,
        1.2409806117969606
      ],
      [
        0.3394403347260877,
        0.4280731714377064,
        0.5576853881562267,
        0.39710881912845936,
        0.20469119350562912,
        0.8306859479792325,
        0.4484881456595897,
        0.20067126112783212,
        0.20567712640523267,
        0.5252840406456418,
        0.25996099766189573,
        0.4091687917398506,
        0.38726962017960115,
        0.3884426849832535,
        0.5045911778847202,
        0.5625414211607712,
        0.0,
        0.6718406286495759,
        0.20711341265747513,
        0.42886534222880585,
        0.28328347389640934,
        0.3155161299614862,
        0.3167898348401581,
        0.3586101724562882,
        0.32761721195799287,
        0.46554512299223866,
        0.4477171418276995,
        0.7245218073425654,
        0.6224986193550462,
        0.41393364349814055,
        0.8468629004544315,
        0.3477368149447226,
        0.37849360446991204,
        0.372595929782342,
        0.7655662972542403,
        0.43315574570185095,
        0.2275012156124469,
        0.29170771698494685,
        0.43566902346134695,
        0.5786196581434047,
        0.47694379343139676,
        0.21309707721062568,
        0.21043339490030846,
        0.1295795259483687,
        0.37876653430633644,
        0.431519368092538,
        0.06785895737595639,
        0.1836912644319857,
        0.4029873623144505,
        0.3107816847394779,
        0.3720933452239694,
        0.43674239249053703,
        0.4709292694532589,
        0.49888500182326506,
        0.3888896558877762,
        0.10263314528479787,
        0.4542956203059737,
        0.11343809408537804,
        0.3770512743142018,
        0.6832768497698185
      ],
      [
        0.42121179298173883,
        0.5153019560363369,
        0.26924931500217864,
        0.9230332061780874,
        0.7091834049118021,
        0.17115318826962353,
        0.9744268809655825,
        0.5293288626232172,
        0.5213296924142462,
        0.4880927562902283,
        0.5196530287521732,
        0.59217135511946,
        0.49673078754520794,
        0.9654826958777749,
        0.7756219306529276,
        0.6530689077713911,
        0.6718406286495759,
        0.0,
        0.6532457994715035,
        1.0739575839700894,
        0.4438759303100525,
        0.8080856899406788,
        0.4894055627850875,
        0.507902505340374,
        0.7749925911278952,
        0.976530163878099,
        1.0222394912546,
        0.5895958367552342,
        0.5741352275983871,
        0.732832163115787,
        0.33381172539857035,
        0.5619826139653231,
        0.9280076356415861,
        0.6075889667134475,
        0.21461859924154914,
        0.7524538532984454,
        0.8823981876834464,
        0.9635483456345229,
        1.0559353620289986,
        0.19387923462055576,
        0.7284571786829452,
        0.691303803631386,
        0.6416307611188999,
        0.6075481331914758,
        0.6410645300395252,
        0.34894635732732765,
        0.7249142097621275,
        0.5563437408316323,
        0.9285389245132815,
        0.6796144661288234,
        0.4082081043608725,
        0.9366883411009144,
        0.7176569847238863,
        0.7788757736628105,
        0.7258601235381548,
        0.6251396037309107,
        0.4553531194381397,
        0.6661486082110266,
        0.5005310841739953,
        1.0967634812992773
      ],
      [
        0.24055905629096705,
        0.5019355925715775,
        0.45500259501091295,
        0.6025831830380538,
        0.4095378036522556,
        0.7422484127830311,
        0.6538318271055708,
        0.36978682028250176,
        0.3741237075208521,
        0.6480688264113683,
        0.1559727404885128,
        0.5220022676647603,
        0.2488267295767846,
        0.5828505846757848,
        0.6722718288041098,
        0.37181006212584383,
        0.20711341265747513,
        0.6532457994715035,
        0.0,
        0.4282785607775942,
        0.4517300550120288,
        0.16439385405604717,
        0.21280157766677518,
        0.42179525704361465,
        0.1493696471295182,
        0.3272270931419743,
        0.42996644421192065,
        0.5417165753447669,
        0.4396933873572476,
        0.2343643317291907,
        0.9095443295531668,
        0.515750153013339,
        0.5736816951069776,
        0.5408338667196668,
        0.8073680635080233,
        0.2272222932626386,
        0.40105590606666336,
        0.498821129642422,
        0.45239128037578175,
        0.4788234541622817,
        0.2869595980235572,
        0.41437251499775624,
        0.01222485626558622,
        0.3030639280888251,
        0.1776992069599775,
        0.3075934986488906,
        0.1765389309251045,
        0.35170948483294134,
        0.6091477703012915,
        0.10410395407618082,
        0.25943022923877956,
        0.3589271777741584,
        0.6502642529190472,
        0.29178502950880103,
        0.5565703068071659,
        0.27031379620418755,
        0.49050397748263397,
        0.09518802863184472,
        0.44073763922795534,
        0.8879872048556406
      ],
      [
        0.6688376170685613,
        0.8569385136665122,
        0.8832811557885072,
        0.6105438181688607,
        0.5506862103310287,
        1.1490940233207072,
        0.647407842263414,
        0.629536603356638,
        0.6345424686340385,
        0.9541493828744476,
        0.584251301266107,
        0.8380341339686564,
        0.6771052903543788,
        0.5220517962156312,
        0.9238083198562258,
        0.732272047820589,
        0.42886534222880585,
        1.0739575839700894,
        0.4282785607775942,
        0.0,
        0.7121488161252152,
        0.3193383389431464,
        0.6410801384443694,
        0.787475514685094,
        0.3681779749424968,
        0.21071755664076844,
        0.054070981840611106,
        0.9100551433778443,
        0.810503445207769,
        0.6340194518870126,
        1.2757282426832373,
        0.7766021571735284,
        0.2535145718079568,
        0.8014612720111478,
        1.194431639483046,
        0.5032485112385412,
        0.36672012887937844,
        0.1667286843229916,
        0.024112719598187577,
        0.9071020149398759,
        0.661854951912201,
        0.5741038433045853,
        0.4405034170431804,
        0.5584448681771745,
        0.5482793333911402,
        0.7308054914853366,
        0.4967242996047622,
        0.6125566066607915,
        0.6250601356879055,
        0.4535887459251233,
        0.6657494796092169,
        0.13726924286917513,
        0.8997946116820648,
        0.5761020558081745,
        0.817754998116582,
        0.5314984875136037,
        0.8831609625347796,
        0.5234665894094389,
        0.8059166165430076,
        0.8968574529966916
      ],
      [
        0.30777946569636283,
        0.16114012424509727,
        0.4094398353640442,
        0.4791572758680348,
        0.2678247605388105,
        0.615029118579676,
        0.5305509506555299,
        0.08560551770014764,
        0.07760634749117669,
        0.28849088563552766,
        0.3509327941468604,
        0.16308622455680977,
        0.37892926845572295,
        0.5241164673405058,
        0.37644417398510865,
        0.601384098808281,
        0.28328347389640934,
        0.4438759303100525,
        0.4517300550120288,
        0.7121488161252152,
        0.0,
        0.5142918395857906,
        0.29410395696859803,
        0.08511027759175861,
        0.5632938996666119,
        0.6831084256991099,
        0.7206248887723925,
        0.751871753737323,
        0.6803177789812851,
        0.6099754726240364,
        0.6007803332713907,
        0.11810668365527059,
        0.4842842907185166,
        0.1716811169085948,
        0.5619650426842069,
        0.6346614808758786,
        0.43867484276037677,
        0.5646154639296399,
        0.70857677040604,
        0.3613930667056014,
        0.6409761871121115,
        0.24742787332133345,
        0.45082450745885644,
        0.1638247882684063,
        0.5244712939879081,
        0.19823676939399576,
        0.3511424312723657,
        0.11251959684481622,
        0.4871802801402899,
        0.5497287960563305,
        0.26329278127011546,
        0.7088251633039018,
        0.3339983462676798,
        0.6622825376111934,
        0.2819841932281023,
        0.18141625880784124,
        0.17962658184909863,
        0.3721181544375266,
        0.10403027853891125,
        0.7005632929645633
      ],
      [
        0.38776547551076995,
        0.662226108798292,
        0.6060105289409089,
        0.7126249490899456,
        0.5202073234671153,
        0.9046472041114705,
        0.7640042756210759,
        0.503766581910237,
        0.5081034691485875,
        0.8027827252213182,
        0.3200093211736544,
        0.6773780641426004,
        0.3735678699401753,
        0.7032045869328241,
        0.8062515904318452,
        0.41364593022559426,
        0.3155161299614862,
        0.8080856899406788,
        0.16439385405604717,
        0.3193383389431464,
        0.5142918395857906,
        0.0,
        0.37309209389348974,
        0.5820857732703292,
        0.04900206008082125,
        0.1688165861133193,
        0.2655725901558735,
        0.5916775970661122,
        0.49151679430923534,
        0.3191730433430616,
        1.0719431208816061,
        0.6323985232410612,
        0.4263538867086666,
        0.6748136283474021,
        0.9697668548364626,
        0.19133633477986284,
        0.5250435767266479,
        0.3395679992237014,
        0.3068741010803406,
        0.6259386657540279,
        0.34264087401359117,
        0.5270960470210675,
        0.17394542677684915,
        0.4362578722650333,
        0.2304613277037095,
        0.4679187021010841,
        0.2990751215205618,
        0.4856892464606767,
        0.7185034922759367,
        0.14005044971538763,
        0.4230888265609253,
        0.1945333237181112,
        0.7835788980263666,
        0.26779310994755373,
        0.6905500684349012,
        0.4042935578319229,
        0.6541625748047797,
        0.2142153905033184,
        0.6010281554546699,
        0.9987929797313048
      ],
      [
        0.17415027348955991,
        0.2891340149048023,
        0.364742325091226,
        0.6963109638124113,
        0.5211189473270528,
        0.5701234029701121,
        0.7470724994182476,
        0.3669325907052955,
        0.36655347057068066,
        0.44350611911479854,
        0.05682883717826238,
        0.32158908977990763,
        0.24035174070901566,
        0.6709532853501435,
        0.5990294638710136,
        0.46280657106157375,
        0.3167898348401581,
        0.4894055627850875,
        0.21280157766677518,
        0.6410801384443694,
        0.29410395696859803,
        0.37309209389348974,
        0.0,
        0.20899367937683944,
        0.359122610756121,
        0.5356931586873063,
        0.6386646840493633,
        0.6264596794998634,
        0.5244364915123441,
        0.3158715156554384,
        0.7374193197402478,
        0.3149866248324054,
        0.6671776273758608,
        0.376082905387916,
        0.6352430536951043,
        0.4041823573388575,
        0.4905072874946248,
        0.6084975518251049,
        0.665192858042557,
        0.34954418756203925,
        0.3847049147956572,
        0.5270958464345965,
        0.2027663026778094,
        0.4264175492688864,
        0.31065502379235604,
        0.15183434177594896,
        0.2644987474956929,
        0.4012657668788231,
        0.7041839297887635,
        0.2913340368300809,
        0.08677885925862176,
        0.5676254176116009,
        0.5483055721385222,
        0.44816840543134157,
        0.5234230516251664,
        0.39405363638446544,
        0.30473459436124306,
        0.20335174075478005,
        0.22793606156118015,
        0.9078058405505443
      ],
      [
        0.29663605521908604,
        0.08014033552796282,
        0.37643194900624255,
        0.5498315696044584,
        0.3410454571694933,
        0.5715350702665757,
        0.6012252443919536,
        0.15793891132845606,
        0.15755979119384125,
        0.23451243973795913,
        0.2658225165551018,
        0.1125954104030682,
        0.37133293927667227,
        0.5960525483967564,
        0.39003578449417425,
        0.5937877696292304,
        0.3586101724562882,
        0.507902505340374,
        0.42179525704361465,
        0.787475514685094,
