{
  "sol": {
    "z": 1.9619560097445576,
    "tours": [
      [
        0,
        15,
        1,
        9
      ],
      [
        2,
        24,
        4,
        20,
        8,
        25,
        15,
        14,
        16
      ],
      [
        27,
        6,
        22,
        19,
        23,
        18,
        12,
        15,
        7
      ],
      [
        17,
        3
      ],
      [
        10,
        21,
        24,
        5
      ],
      [
        11,
        48
      ],
      [
        26,
        21,
        69,
        13
      ]
    ]
  },
  "params": {
    "gm": [
      [
        0.0,
        0.15067322429320817,
        0.7919059162272284,
        1.126299133803805,
        0.7451201770878756,
        0.9177439097190663,
        0.605369522114239,
        0.2964366091219609,
        0.6163358134447355,
        0.16977301627764216,
        0.8592279307921296,
        0.9295762046927597,
        0.5414898040471502,
        1.0092365143994222,
        0.37564136764463285,
        0.3728100090046701,
        0.4398064562939,
        1.2153764639414661,
        0.7423548814717355,
        0.7584560706897052,
        0.7240744996533961,
        0.8180652507378594,
        0.6450626954353482,
        0.8237813000653225,
        0.7417124479218191,
        0.5076001826046044,
        1.0987170686897962,
        0.5150098448433746,
        0.9169126118068673,
        1.2056304650831846,
        1.0003556015283208,
        0.7415192821937417,
        1.0889777158361322,
        1.2769261228050142,
        0.33188909581080667,
        1.004665861503851,
        0.7491845761647465,
        0.18152930215235355,
        0.7620614882335194,
        0.10977297919528044,
        0.7421622164651411,
        0.1739663636551874,
        0.8294212363275649,
        0.5004272113722077,
        0.3051354500188486,
        0.8102180759653311,
        0.3788049184120227,
        0.8475585869201014,
        0.8349976208133377,
        0.5120446043127366,
        0.5212811195373473,
        0.3945319432269734,
        0.6415177650953681,
        0.6990186147735172,
        0.46746593105180834,
        0.4322183869155778,
        0.5674470688569977,
        0.6037021697862471,
        0.49610203764443284,
        0.24505722530161062,
        1.098606870485074,
        0.8135367024582616,
        1.1733393665303868,
        1.0296781456716984,
        0.6868207162713882,
        0.6187779402639898,
        0.8309412205872745,
        0.34268306128586096,
        0.5600794519365884,
        0.9203936081060125
      ],
      [
        0.15067322429320817,
        0.0,
        0.9425791405204366,
        1.1719102882570027,
        0.8957934013810838,
        0.8350410416371685,
        0.7467954268456231,
        0.43929233485353275,
        0.7670090377379437,
        0.07959829466354434,
        0.7545403791755336,
        1.0802494289859679,
        0.5489876646726255,
        0.9252359113195382,
        0.526314591937841,
        0.5234832332978783,
        0.5874712160749213,
        1.1561636821922727,
        0.8837807862031195,
        0.8997479271166933,
        0.8747477239466043,
        0.6997921662939904,
        0.7861680225810401,
        0.9443990864300106,
        0.8923856722150274,
        0.6582734068978126,
        0.9772110811307148,
        0.6574160219157749,
        0.8348555450748983,
        1.112990891003098,
        0.8965139899497382,
        0.89219250648695,
        0.9759819072940543,
        1.2040888294842826,
        0.48196940015991363,
        0.9226087947718822,
        0.8916156977325844,
        0.32438502788392537,
        0.8826792745982075,
        0.054558532775785935,
        0.8834540728921292,
        0.05867269917760746,
        0.7270379548701354,
        0.39804392991477827,
        0.4479911757504204,
        0.7359171550678961,
        0.5294781427052309,
        0.882043118918225,
        0.9856708451065459,
        0.6533364607397246,
        0.6644329783455798,
        0.31331929395829894,
        0.5390658065843836,
        0.8496918390667254,
        0.3854088643198394,
        0.31594975037048356,
        0.5216687625887798,
        0.48708124707448563,
        0.646775261937641,
        0.39558564517098177,
        1.249280094778282,
        0.9642099267514698,
        1.2441748128078396,
        0.9113965383921542,
        0.5653147287123067,
        0.5040310775640406,
        0.9816144448804827,
        0.24030668643354874,
        0.7107526762297965,
        0.8460598859963411
      ],
      [
        0.7919059162272284,
        0.9425791405204366,
        0.0,
        0.3384227120504829,
        0.0679319666525767,
        0.7750178720875519,
        0.4337328604350484,
        0.5913928754296938,
        0.1779563802681912,
        0.9538566516602061,
        0.5948559617598446,
        0.2392448336164183,
        0.5433492709722835,
        0.5133706473634755,
        0.4357624694192863,
        0.41910684055581715,
        0.402316981477968,
        0.49760624319146474,
        0.4593256321073056,
        0.30153761772359383,
        0.07425626171090302,
        0.4982884387321028,
        0.4116777329954845,
        0.21897716020940816,
        0.16444001310709597,
        0.28459811864950324,
        0.5579408630172281,
        0.45953530494551187,
        0.7574976352246979,
        0.4177540433298623,
        0.4705407134361348,
        0.09392557573175149,
        0.580206591181172,
        0.4941907435886323,
        0.6222770638952327,
        0.8419993889012485,
        0.4269589422511936,
        0.6370410129559261,
        0.25502966961501067,
        0.9016788954225088,
        0.3250784266061314,
        0.9658722798824158,
        0.6063107476853232,
        0.7828849970468948,
        0.5890396448851881,
        0.9405619713797592,
        0.4131290495856876,
        0.296202074047552,
        0.0448932745360286,
        0.4723866457301174,
        0.44828993479781554,
        0.861440626630121,
        0.5963660832658265,
        0.17688131777555743,
        0.8686019588955864,
        0.7652956465644131,
        0.5721832056425901,
        0.6782459454023642,
        0.2987320338341674,
        0.6602465474965453,
        0.34273078491962133,
        0.04692377647606785,
        0.434649987158971,
        0.6158086756277981,
        0.5299954336370802,
        0.6097161701390962,
        0.042356713182439734,
        0.8640245512565796,
        0.27089869404198946,
        0.9926931666637377
      ],
      [
        1.126299133803805,
        1.1719102882570027,
        0.3384227120504829,
        0.0,
        0.4050999616158592,
        0.6596073874494545,
        0.7705681781295617,
        0.9273202910041427,
        0.5099691238846019,
        1.2479417097951662,
        0.5288986263773149,
        0.5286632077497988,
        0.8468032917312378,
        0.24667437693746447,
        0.7654379674413629,
        0.7539416892268649,
        0.7343297250943788,
        0.1591835311409818,
        0.7934396209128891,
        0.6356516065291774,
        0.40222463415040904,
        0.4897750992149563,
        0.743856858462798,
        0.5488031350068363,
        0.4845478047427644,
        0.6217576490852681,
        0.21951815096674518,
        0.7897967821580705,
        0.6431750346031662,
        0.07933133127937939,
        0.28898177115505125,
        0.42309921143833645,
        0.33827251709609457,
        0.15619867816612235,
        0.9542898075116435,
        0.6604404466201649,
        0.7614284024350214,
        0.9679600158391488,
        0.591864987309524,
        1.2264688210327885,
        0.660347458430685,
        1.122122392192075,
        0.5560099976670962,
        0.8541247683022128,
        0.9254827621449879,
        0.8680762450922304,
        0.7484345306568614,
        0.5776103349361374,
        0.3054022501815423,
        0.7785409790798735,
        0.778551412010374,
        0.9568667842315777,
        0.6329156791216453,
        0.507142794988116,
        0.9345258398938407,
        0.8885471072629663,
        0.8475635388179715,
        0.7403741996409442,
        0.630757040776422,
        0.9887456489057544,
        0.12715747203587938,
        0.3646763979347642,
        0.1455124513765239,
        0.44519355632257007,
        0.6137814187827912,
        0.6678900624633068,
        0.33381138481918543,
        1.0324534526319213,
        0.6093214060924723,
        0.8884601010316139
      ],
      [
        0.7451201770878756,
        0.8957934013810838,
        0.0679319666525767,
        0.4050999616158592,
        0.0,
        0.8010091315818487,
        0.3716017870479283,
        0.5472035255146614,
        0.12968796288934012,
        0.905588234281355,
        0.6179932579254599,
        0.29684432803992317,
        0.510728513243491,
        0.5418663376215073,
        0.38058636597318424,
        0.37358684172247253,
        0.3540485640991169,
        0.564283492756841,
        0.3997258773451243,
        0.24193786296141254,
        0.027559866689677488,
        0.5188495510756533,
        0.3495466596083644,
        0.16593488215114743,
        0.19450976508735363,
        0.24313155489749988,
        0.622912271352724,
        0.3930862274665841,
        0.7836722574737742,
        0.4827254516653582,
        0.4990364036941666,
        0.12242126598978327,
        0.6087022814392038,
        0.5611301161071751,
        0.5740086465163816,
        0.8704950791592803,
        0.3658385183622864,
        0.5842333195049318,
        0.19289859622789057,
        0.854893156283156,
        0.26403377235643316,
        0.9136630455754192,
        0.6264902145111564,
        0.8031206129782691,
        0.5456256453703632,
        0.9607414382055923,
        0.36835718348199636,
        0.3230929826831188,
        0.10963245767778845,
        0.40593756825118965,
        0.3818408573188878,
        0.8199740628781176,
        0.5695993589476762,
        0.1104322402966297,
        0.8634898529958832,
        0.7238290828124097,
        0.5267726869105468,
        0.7083156973826218,
        0.24902259747811104,
        0.6094533391816577,
        0.40989652290449485,
        0.06907749295822341,
        0.5024179448448364,
        0.6553638968524071,
        0.5600651856173379,
        0.6054877956318272,
        0.09249930484996871,
        0.8423947982381375,
        0.2492689410235473,
        1.0162701960703804
      ],
      [
        0.9177439097190663,
        0.8350410416371685,
        0.7750178720875519,
        0.6596073874494545,
        0.8010091315818487,
        0.0,
        1.0292314092149102,
        0.9089190153410937,
        0.745253944971485,
        0.9064208782155784,
        0.18442868789958264,
        0.6132414253495229,
        0.6565598473644685,
        0.41342915660390167,
        0.8335920084200117,
        0.7472787154810832,
        0.8800293159837718,
        0.6126446865973983,
        0.8922460498574136,
        1.0126810003996227,
        0.7765307864000652,
        0.2849365209031714,
        1.038302376363724,
        0.9588309689747953,
        0.6111219329641193,
        0.8566204821418258,
        0.518675510271157,
        0.9753816640602145,
        0.0175907699298463,
        0.6039054375823877,
        0.3720757412670175,
        0.6839172540068742,
        0.3432402733111654,
        0.6740709557177809,
        0.9847585664435122,
        0.09369809370824325,
        1.1204178427167317,
        0.8905278134197918,
        0.9610859363395613,
        0.8829361923270693,
        1.03244783933425,
        0.7781820451193093,
        0.18311824247878603,
        0.5121122674341432,
        0.9002136674973195,
        0.22212031179056158,
        0.7417272456448432,
        0.536382017173704,
        0.7823238415105584,
        0.988590706368296,
        0.9866270342079109,
        0.5238292120408953,
        0.43378853685200813,
        0.8265020871466318,
        0.450277978667258,
        0.5899387488507315,
        0.6375762203705975,
        0.5219048501280935,
        0.8634878625244691,
        0.9813019308242124,
        0.7866803940626578,
        0.8219267841369594,
        0.7777311260271587,
        0.22223914544513196,
        0.37365433836280953,
        0.45332063903412223,
        0.8069440671854292,
        0.5947343552036198,
        0.7949518755921866,
        0.22943916417887736
      ],
      [
        0.605369522114239,
        0.7467954268456231,
        0.4337328604350484,
        0.7705681781295617,
        0.3716017870479283,
        1.0292314092149102,
        0.0,
        0.45972857129695394,
        0.39592062134749667,
        0.77454301935925,
        0.8448060328442839,
        0.6684373181209569,
        0.50383682139593,
        0.865420579351292,
        0.26855285245839794,
        0.3386014395446051,
        0.20097611772622573,
        0.9261740245168367,
        0.13698535935749642,
        0.1681645840256563,
        0.3849758649383086,
        0.7442948883117387,
        0.039787076399929545,
        0.24000243514821457,
        0.5556533418342431,
        0.3655087323643952,
        0.8051562206970168,
        0.09075579530425662,
        1.0123724282018363,
        0.8385648844097042,
        0.8634992807379108,
        0.488544848504398,
        0.9748258639538185,
        0.9253166277054723,
        0.30182517724364666,
        1.1001256778988202,
        0.14515177579827068,
        0.4240888844415914,
        0.17870319082003772,
        0.7145687465665372,
        0.14734510098428022,
        0.7535186105120788,
        0.8523577732137567,
        0.8036994670172954,
        0.4637896694799419,
        1.112107371635279,
        0.34089441856845043,
        0.6907675389696085,
        0.46547189042213455,
        0.09348743775433699,
        0.08612982533405898,
        0.8274984871827328,
        0.6635732313600262,
        0.313547681368617,
        0.8751322626510215,
        0.7368549804423201,
        0.531276290930343,
        0.7704874379842633,
        0.3204717048723823,
        0.38278953646605796,
        0.756576377402113,
        0.40695068910756726,
        0.8533623638856622,
        0.9628605830454593,
        0.7074055311778912,
        0.6276847946758752,
        0.43821723807655977,
        0.8450453525087388,
        0.4521359971616693,
        1.2097265808648388
      ],
      [
        0.2964366091219609,
        0.43929233485353275,
        0.5913928754296938,
        0.9273202910041427,
        0.5472035255146614,
        0.9089190153410937,
        0.45972857129695394,
        0.0,
        0.41766687005769515,
        0.46609416422236793,
        0.7361992227154643,
        0.7240736617305246,
        0.34232319197438676,
        0.8084325204537015,
        0.19817273173824054,
        0.17364339693190667,
        0.2683187062262437,
        1.0379078280350738,
        0.5967139306544503,
        0.6152840650577105,
        0.5250956568537336,
        0.6734228349187045,
        0.49744285614958866,
        0.6453032724310805,
        0.5264451781552089,
        0.3067961886588837,
        0.9199630341135434,
        0.3758794611147936,
        0.8931647026189863,
        1.006651622283522,
        0.8059940779549615,
        0.5360167392315066,
        0.9202842982905614,
        1.083509117771805,
        0.26576424723637554,
        0.9585719554376726,
        0.6041436340104477,
        0.11490730696960737,
        0.6229311045049384,
        0.40538868339701,
        0.5989902108331465,
        0.44433703304009475,
        0.7258007728623077,
        0.3968067479069505,
        0.008705347843774193,
        0.7477253868030432,
        0.1789006649702037,
        0.6322783752528384,
        0.6340215575632535,
        0.3688725986807419,
        0.38487144476787716,
        0.5027020160521849,
        0.5031957082650756,
        0.5003496713864768,
        0.48454033940558033,
        0.49040677805771277,
        0.3682804567842342,
        0.5108417737850728,
        0.2992997464861431,
        0.21382225125825047,
        0.8882839678983375,
        0.6149336651411967,
        0.9734351130885679,
        0.8897925061339844,
        0.5470280080829406,
        0.46730727158092467,
        0.6310642714396051,
        0.5859027037999298,
        0.34307597685130037,
        0.8579009189437246
      ],
      [
        0.6163358134447355,
        0.7670090377379437,
        0.1779563802681912,
        0.5099691238846019,
        0.12968796288934012,
        0.745253944971485,
        0.39592062134749667,
        0.41766687005769515,
        0.0,
        0.7759002713920149,
        0.5610515542664121,
        0.3384277055775848,
        0.3837277054834832,
        0.535813398200995,
        0.2583330656960973,
        0.2441365865641246,
        0.2243606012097768,
        0.6691526550255837,
        0.4258669058264267,
        0.26807889144271496,
        0.10774448973419289,
        0.4606757019084792,
        0.3738654939079328,
        0.22763640237338534,
        0.1958955353151229,
        0.1141164175815819,
        0.6413048386516769,
        0.3594798098775796,
        0.7285767979470246,
        0.5893004551639813,
        0.49298346427365436,
        0.15516399335479017,
        0.6069252417001564,
        0.6661579506522644,
        0.4443206836270415,
        0.8163300476440085,
        0.390170647187113,
        0.45909962141128424,
        0.21721743052745895,
        0.7261087926400159,
        0.2885793335221477,
        0.7885293474817716,
        0.5638567035070474,
        0.6751240239022559,
        0.4159975608031399,
        0.8981079272014834,
        0.23877413350203472,
        0.3336842787772096,
        0.22245929410358414,
        0.34781458413926747,
        0.35409141835103974,
        0.6909589255621996,
        0.5418499199798282,
        0.08268280132878165,
        0.7344747156799653,
        0.5948139454964917,
        0.4013058590108649,
        0.6730357290599335,
        0.12102600840209783,
        0.484748378315051,
        0.5077983620076332,
        0.19733591488793384,
        0.5929853554139025,
        0.6310741526031047,
        0.5614509558451072,
        0.5271807401127556,
        0.21514646641499788,
        0.7178928666466162,
        0.14137322665490681,
        0.9493501228026525
      ],
      [
        0.16977301627764216,
        0.07959829466354434,
        0.9538566516602061,
        1.2479417097951662,
        0.905588234281355,
        0.9064208782155784,
        0.77454301935925,
        0.46609416422236793,
        0.7759002713920149,
        0.0,
        0.8325397213817953,
        1.0993492209704019,
        0.6284664562654856,
        1.0012673328577018,
        0.5431342341828407,
        0.5425830252823123,
        0.6086055255343189,
        1.233686747990279,
        0.9115283787167464,
        0.9277662660218916,
        0.8836447611262078,
        0.7779467377692288,
        0.8142825725544002,
        0.956098875815299,
        0.9114854641994614,
        0.6773731988822466,
        1.0552104233369763,
        0.6840067459552422,
        0.908945477997839,
        1.1909902332093596,
        0.9732719513504465,
        0.911292298471384,
        1.0542323551162545,
        1.28004905357342,
        0.49354340156642235,
        0.9966987276948228,
        0.9178891395875591,
        0.35118685725276055,
        0.8943790639834959,
        0.06625832216107432,
        0.9081149931947397,
        0.137408136548695,
        0.8054637151159918,
        0.4764696901606346,
        0.4747930051192556,
        0.8092582179588712,
        0.5485779346896649,
        0.9580033430073622,
        0.998359565495599,
        0.681354799644923,
        0.6900007727418643,
        0.38863753195890666,
        0.615026030673521,
        0.8585830727207966,
        0.45949879724278,
        0.39542854196334354,
        0.6011475541816398,
        0.5666560657650965,
        0.665875053922075,
        0.4055008862167872,
        1.268379886762716,
        0.9732361862799488,
        1.3204888957749947,
        0.9893958805984159,
        0.6433140709185684,
        0.5803451605311958,
        0.9910467378070128,
        0.31168652301195854,
        0.7298524682142306,
        0.919220969140915
      ],
      [
        0.8592279307921296,
        0.7545403791755336,
        0.5948559617598446,
        0.5288986263773149,
        0.6179932579254599,
        0.18442868789958264,
        0.8448060328442839,
        0.7361992227154643,
        0.5610515542664121,
        0.8325397213817953,
        0.0,
        0.4288127374499402,
        0.4721311594648859,
        0.28230500487149623,
        0.649163320520429,
        0.5628500275815005,
        0.6956006280841891,
        0.5146186775604537,
        0.7078206734867875,
        0.828304303975597,
        0.5931387264015247,
        0.10051114453254516,
        0.8538769999930979,
        0.7746901721670945,
        0.43043866064349845,
        0.6751679718479939,
        0.3711066683726316,
        0.8304369906069071,
        0.16757728166985073,
        0.48189686225966666,
        0.23991685522226366,
        0.5025843869797005,
        0.26848655919353415,
        0.5729093330992129,
        0.8231137336772478,
        0.25533053136683465,
        0.9359924663461056,
        0.7060991255202091,
        0.7766797359585055,
        0.7973102209371917,
        0.8480416389531942,
        0.6982215753802739,
        0.02980669446456469,
        0.35880071941992187,
        0.7345864120146479,
        0.3640579181590006,
        0.5572985577452605,
        0.35195332927412143,
        0.6050751799472385,
        0.8190546110136798,
        0.8416591898134318,
        0.46469598756515623,
        0.24935984895242552,
        0.6421386155568396,
        0.4465343109185517,
        0.45240074957068416,
        0.4531475324710148,
        0.33747616222851085,
        0.6790591746248864,
        0.7968732429246297,
        0.6560560984131943,
        0.6417572273923104,
        0.6558339833200657,
        0.1720034914738047,
        0.1892256504632269,
        0.2688919511345396,
        0.6284382742219955,
        0.5478966753129013,
        0.6142686032715657,
        0.3982769381449206
      ],
      [
        0.9295762046927597,
        1.0802494289859679,
        0.2392448336164183,
        0.5286632077497988,
        0.29684432803992317,
        0.6132414253495229,
        0.6684373181209569,
        0.7240736617305246,
        0.3384277055775848,
        1.0993492209704019,
        0.4288127374499402,
        0.0,
        0.5773946606738168,
        0.6075019941307419,
        0.5915520678883306,
        0.5577229877634311,
        0.5627883067873616,
        0.6855865548388742,
        0.6962493150027953,
        0.5384613006190835,
        0.28574295996457527,
        0.5293238819824854,
        0.646382190681393,
        0.45802267708435057,
        0.26126327613874845,
        0.4239006832700434,
        0.7129934345814237,
        0.6671114483070031,
        0.596390019119791,
        0.5963539515558262,
        0.5646720602034012,
        0.1880569224990179,
        0.6743379379484384,
        0.6831060466631536,
        0.7827483892046263,
        0.6841432688167749,
        0.6626814047158329,
        0.7836556353409139,
        0.4897341273009192,
        1.0393491838880402,
        0.5608664377669215,
        1.0686845982363493,
        0.4586194319145049,
        0.7876134568698621,
        0.7206179978465368,
        0.7928706556089409,
        0.550771286280737,
        0.39033342081481837,
        0.22326095756825642,
        0.6774800970351362,
        0.6558660781593068,
        0.8935087250150964,
        0.6781725864023658,
        0.38445746113704865,
        0.875347048368492,
        0.8104325749759589,
        0.6062285953441234,
        0.766288899678451,
        0.4504958299170909,
        0.8203482677093374,
        0.5237562151062587,
        0.2789062762155203,
        0.6171979815011992,
        0.6008162289237449,
        0.6180383879131671,
        0.6977046885844798,
        0.25298346049892895,
        0.9186031917866256,
        0.38628755675171966,
        0.8270896755948608
      ],
      [
        0.5414898040471502,
        0.5489876646726255,
        0.5433492709722835,
        0.8468032917312378,
        0.510728513243491,
        0.6565598473644685,
        0.50383682139593,
        0.34232319197438676,
        0.3837277054834832,
        0.6284664562654856,
        0.4721311594648859,
        0.5773946606738168,
        0.0,
        0.6001289147937734,
        0.23739286052985517,
        0.1686797950424801,
        0.30286073058777263,
        0.8409821386847154,
        0.6408221807534265,
        0.6518065969261981,
        0.48553220784079687,
        0.40762259512519017,
        0.5377167558581798,
        0.6113641078568686,
        0.5157203604747894,
        0.27022181129708295,
        0.6950097691777113,
        0.43124287736566924,
        0.6397084411347366,
        0.7997306749774946,
        0.5887330766827781,
        0.5060655720681084,
        0.6773551909905896,
        0.8949182631497243,
        0.3697331606427719,
        0.7274616908317205,
        0.643848327254751,
        0.39648858548653476,
        0.6009451360109421,
        0.5852353910349201,
        0.6511819223802102,
        0.4912899375625324,
        0.5019378539294506,
        0.305296470981791,
        0.34101569763269024,
        0.6417748286701744,
        0.1686365686883576,
        0.5728725525836666,
        0.5882425455083121,
        0.4214810170549522,
        0.4416845421066526,
        0.3245170397031316,
        0.22989524024982544,
        0.4664105068122648,
        0.3718082723280892,
        0.233037914302142,
        0.02883393467030654,
        0.30224420627186566,
        0.28109031208520735,
        0.33022094915296557,
        0.8648734453516613,
        0.5742797164845921,
        0.9428566877812845,
        0.6255617854539091,
        0.28311341675930324,
        0.20399839722811466,
        0.5851109303004562,
        0.3412085311128088,
        0.3499111022129233,
        0.7414054091373301
      ],
      [
        1.0092365143994222,
        0.9252359113195382,
        0.5133706473634755,
        0.24667437693746447,
        0.5418663376215073,
        0.41342915660390167,
        0.865420579351292,
        0.8084325204537015,
        0.535813398200995,
        1.0012673328577018,
        0.28230500487149623,
        0.6075019941307419,
        0.6001289147937734,
        0.0,
        0.6747220831307048,
        0.6368970617482916,
        0.67041038500845,
        0.24085322389094196,
        0.8504102512317341,
        0.7790947684959216,
        0.5232450543474753,
        0.24310072227749183,
        0.8392129514646856,
        0.7076207271923067,
        0.3507090884936614,
        0.5016363317948178,
        0.11153051365984192,
        0.7851010649171722,
        0.39682968548546577,
        0.19960176018372122,
        0.04282993392734068,
        0.419445071631724,
        0.12711982307780056,
        0.29530356021481124,
        0.878284693343649,
        0.41427639042544084,
        0.8976008347803269,
        0.8462297651271953,
        0.7276260238452138,
        0.9797944440953241,
        0.798428413619531,
        0.8754480152546107,
        0.30933562072963183,
        0.6074503913647484,
        0.806152669491534,
        0.6217077251823095,
        0.6305311818525121,
        0.4896682128596541,
        0.5298546430548834,
        0.771933141596955,
        0.7959658157090704,
        0.7101924072941131,
        0.3862413021841808,
        0.6037963603616445,
        0.6878514629563763,
        0.6418727303255019,
        0.600889161880507,
        0.49369982270347973,
        0.5449488744789097,
        0.9023341183458202,
        0.37383184897334387,
        0.5596393037490754,
        0.3739094921610253,
        0.20530467171273883,
        0.3671070418453268,
        0.4212156855258423,
        0.5502515986680342,
        0.7857790756944568,
        0.5345390311217286,
        0.6426605377302518
      ],
      [
        0.37564136764463285,
        0.526314591937841,
        0.4357624694192863,
        0.7654379674413629,
        0.38058636597318424,
        0.8335920084200117,
        0.26855285245839794,
        0.19817273173824054,
        0.2583330656960973,
        0.5431342341828407,
        0.649163320520429,
        0.5915520678883306,
        0.23739286052985517,
        0.6747220831307048,
        0.0,
        0.08641142865801585,
        0.07043105685039458,
        0.8397350962968332,
        0.40553821181589433,
        0.4304999616842709,
        0.3632133332909539,
        0.5863869327236693,
        0.3042942819996159,
        0.48596946806948266,
        0.4185455376061289,
        0.17308575133588697,
        0.7862525967905467,
        0.19395304860264487,
        0.8167406021902798,
        0.8447692987207422,
        0.6722836406319648,
        0.40349514538931275,
        0.7865738609675647,
        0.9012847551603811,
        0.20614828795051815,
        0.9044938518872637,
        0.4104202205403187,
        0.2046521067548443,
        0.4410046919927896,
        0.4854143468399133,
        0.4142061074597069,
        0.5340818328253316,
        0.6789700149849938,
        0.5413415424251263,
        0.20071044322576753,
        0.8629577480188082,
        0.0924897153842747,
        0.5370177943433042,
        0.4804967590621237,
        0.18408849530730229,
        0.20451219178166746,
        0.5594302454103602,
        0.41615980607004044,
        0.34101586702487896,
        0.6091446741085597,
        0.47004108959991114,
        0.2655849038750905,
        0.5217929571573995,
        0.14107416975740641,
        0.2288669732084735,
        0.7623262840173642,
        0.4496444429143304,
        0.8432370955790198,
        0.8027566039389491,
        0.4599921058879054,
        0.38027136938588946,
        0.4710468644697222,
        0.578601391642664,
        0.24882126442476746,
        0.9610321000379749
      ],
      [
        0.3728100090046701,
        0.5234832332978783,
        0.41910684055581715,
        0.7539416892268649,
        0.37358684172247253,
        0.7472787154810832,
        0.3386014395446051,
        0.17364339693190667,
        0.2441365865641246,
        0.5425830252823123,
        0.5628500275815005,
        0.5577229877634311,
        0.1686797950424801,
        0.6368970617482916,
        0.08641142865801585,
        0.0,
        0.13929824896260642,
        0.8777502856392336,
        0.47558679890210154,
        0.5067660235702613,
        0.35171705507645584,
        0.5000736397847407,
        0.37471791419052225,
        0.47177298893750996,
        0.3705337777811202,
        0.13526072995347382,
        0.7484275754081335,
        0.27331334017106657,
        0.7304273092513512,
        0.8332730205062442,
        0.6344586192495516,
        0.36966606526441326,
        0.7487488395851515,
        0.9101305159945272,
        0.2801616742087686,
        0.8181805589483352,
        0.4802858456295849,
        0.22780879044405464,
        0.4613540170915835,
        0.48258298819995055,
        0.4859465405288853,
        0.5467763726598575,
        0.5926567220460652,
        0.46511681617815365,
        0.17233590259021017,
        0.778721118672705,
        0.008066332629336275,
        0.47682000113741496,
        0.46233686615554676,
        0.26218650143841865,
        0.2843159704371044,
        0.4929065606909878,
        0.3298465131311119,
        0.32681938789290627,
        0.5372979455923874,
        0.4001127988827954,
        0.19463705985232754,
        0.4383312797619848,
        0.12605201095898338,
        0.28282040383543366,
        0.7270346919614779,
        0.44146398573034534,
        0.8020404396868713,
        0.7164433110000206,
        0.37367881294897687,
        0.2939580764469609,
        0.4582042410189886,
        0.5098883261552889,
        0.18914624917215553,
        0.8775704226425602
      ],
      [
        0.4398064562939,
        0.5874712160749213,
        0.402316981477968,
        0.7343297250943788,
        0.3540485640991169,
        0.8800293159837718,
        0.20097611772622573,
        0.2683187062262437,
        0.2243606012097768,
        0.6086055255343189,
        0.6956006280841891,
        0.5627883067873616,
        0.30286073058777263,
        0.67041038500845,
        0.07043105685039458,
        0.13929824896260642,
        0.0,
        0.8287921959476571,
        0.33796147708372215,
        0.369140701751882,
        0.33210509094396967,
        0.6328242402874293,
        0.23541966522791585,
        0.4409785528744403,
        0.40458704683505,
        0.16880973409655015,
        0.7819408986682919,
        0.1351192086678028,
        0.8631779097540399,
        0.8136610563737581,
        0.668007623392628,
        0.37771984299435096,
        0.7822978437282279,
        0.890341854811205,
        0.21996886660108472,
        0.9509311594510238,
        0.3409875966669784,
        0.2630861881909959,
        0.3796793085462634,
        0.5447492640554213,
        0.3483212187105059,
        0.5925159142614833,
        0.7254073225487538,
        0.6038201862005694,
        0.27103800798881966,
        0.9158834187105149,
        0.14260445911794772,
        0.5325262576371805,
        0.44681989531336097,
        0.12345398292949064,
        0.14628834545893812,
        0.6266949809493451,
        0.4625971136338005,
        0.30704340253855844,
        0.6742719758969263,
        0.5358828639063683,
        0.3303497998533265,
        0.5765834879113539,
        0.12593407088643427,
        0.265835250188926,
        0.7319941747964819,
        0.42169651609771064,
        0.8171944929624462,
        0.8374290887886485,
        0.5064294134516655,
        0.42670867694964953,
        0.43950706762477465,
        0.6440692617005814,
        0.25426033069511655,
        1.0158226307919294
      ],
      [
        1.2153764639414661,
        1.1561636821922727,
        0.49760624319146474,
        0.1591835311409818,
        0.564283492756841,
        0.6126446865973983,
        0.9261740245168367,
        1.0379078280350738,
        0.6691526550255837,
        1.233686747990279,
        0.5146186775604537,
        0.6855865548388742,
        0.8409821386847154,
        0.24085322389094196,
        0.8397350962968332,
        0.8777502856392336,
        0.8287921959476571,
        0.0,
        0.9502550806139802,
        0.7924670662302684,
        0.5614081652913908,
        0.48395020474047024,
        0.9010035419373716,
        0.7063788641287518,
        0.5871554207218562,
        0.7424895556857598,
        0.23194492444292503,
        0.9463453498356852,
        0.5982087225646044,
        0.09175810475555923,
        0.2792762661555355,
        0.580022558527412,
        0.2694654111269315,
        0.06154965886354791,
        1.0458833842473514,
        0.6348285668385482,
        0.9182804810188387,
        1.0443872030516774,
        0.747470833696799,
        1.2107222149680588,
        0.8167877886913095,
        1.1084664619755256,
        0.5432493249836333,
        0.8483032992652421,
        1.0404455395226007,
        0.8324378812447412,
        0.8713844057434541,
        0.726114545087849,
        0.46232559727061784,
        0.935464326168949,
        0.937734943151356,
        0.9508947087014583,
        0.6186607173167582,
        0.6663263261290978,
        0.9286914572247851,
        0.8809757922993169,
        0.8333085770130845,
        0.7345398169718884,
        0.7858020983698517,
        1.0686020695053067,
        0.2436624797411824,
        0.5218230814093379,
        0.185029426722397,
        0.39049266880264993,
        0.6058923637281785,
        0.6543550010154452,
        0.49130324409041715,
        1.0258356006853167,
        0.7685049372334541,
        0.8334147533399437
      ],
      [
        0.7423548814717355,
        0.8837807862031195,
        0.4593256321073056,
        0.7934396209128891,
        0.3997258773451243,
        0.8922460498574136,
        0.13698535935749642,
        0.5967139306544503,
        0.4258669058264267,
        0.9115283787167464,
        0.7078206734867875,
        0.6962493150027953,
        0.6408221807534265,
        0.8504102512317341,
        0.40553821181589433,
        0.47558679890210154,
        0.33796147708372215,
        0.9502550806139802,
        0.0,
        0.15778801438371176,
        0.414690988425717,
        0.6073095289542423,
        0.14605632650631045,
        0.24660968069631783,
        0.5863065658117317,
        0.4836329461761782,
        0.916069952436365,
        0.22774115466175304,
        0.8753870688443397,
        0.8611958379471378,
        0.8135500352134615,
        0.5184616560864254,
        0.8836139151374605,
        0.9471511502619687,
        0.4388105366011431,
        0.9631403185413236,
        0.2281717928593181,
        0.5610742437990878,
        0.20990205885382496,
        0.8515541059240337,
        0.15742254968074482,
        0.8905039698695751,
        0.7153724138562603,
        0.9406848263747919,
        0.6007750288374383,
        1.0496236375506962,
        0.4778797779259468,
        0.7207367145892878,
        0.48810284395956816,
        0.2304727971118334,
        0.2231151846915554,
        0.9644838465402292,
        0.7850409761123062,
        0.3439756153703405,
        1.012117622008518,
        0.8738403397998166,
        0.6682616502878395,
        0.8579144267301391,
        0.45745706422987875,
        0.5197748958235544,
        0.7726427551929873,
        0.4287638354329166,
        0.870221960632569,
        0.8258752236879627,
        0.7420397314367854,
        0.7646701540333717,
        0.4597158167003247,
        0.9820307118662353,
        0.5670018979303081,
        1.106097611631708
      ],
      [
        0.7584560706897052,
        0.8997479271166933,
        0.30153761772359383,
        0.6356516065291774,
        0.24193786296141254,
        1.0126810003996227,
        0.1681645840256563,
        0.6152840650577105,
        0.26807889144271496,
        0.9277662660218916,
        0.828304303975597,
        0.5384613006190835,
        0.6518065969261981,
        0.7790947684959216,
        0.4304999616842709,
        0.5067660235702613,
        0.369140701751882,
        0.7924670662302684,
        0.15778801438371176,
        0.0,
        0.25690297404200524,
        0.7278081065615022,
        0.1369569571888409,
        0.08882166631260607,
        0.42851855142802,
        0.3821953090242969,
        0.8435946432507919,
        0.249206499442813,
        0.995881167404518,
        0.7034078235634261,
        0.7362648345685809,
        0.3606736417027136,
        0.8469546571521341,
        0.789363135878257,
        0.4634872217718593,
        1.083634417101502,
        0.1258190423267783,
        0.5770884020989634,
        0.05211404447011319,
        0.8675671423933194,
        0.026303825265543944,
        0.8872477409685114,
        0.8317700767767765,
        0.9194620003797885,
        0.6197639626899825,
        1.1660213004712126,
        0.5068530249447497,
        0.562948700205576,
        0.3303148295758564,
        0.24641146637696862,
        0.2482863192177218,
        0.9590378170049146,
        0.6453547196376752,
        0.1861876009866287,
        1.0025536071226802,
        0.8628928369392067,
        0.6693847504535799,
        0.8317094247207214,
        0.3891048998448128,
        0.539225645018179,
        0.6148547408092756,
        0.2709758210492048,
        0.7124339462488573,
        0.8869930401970328,
        0.7117253692664215,
        0.6812431563218262,
        0.3019278023166129,
        0.9859717580893312,
        0.40921388354659627,
        1.217190779694342
      ],
      [
