{
  "sol": {
    "z": 1.750262714299641,
    "tours": [
      [
        0,
        44,
        26,
        5,
        15,
        14,
        18,
        21,
        19
      ],
      [
        20,
        6,
        19
      ],
      [
        1,
        24,
        4,
        10,
        12,
        6,
        22,
        13,
        23
      ],
      [
        9,
        8,
        16,
        6,
        2
      ],
      [
        17,
        19,
        3,
        69
      ],
      [
        27,
        6,
        7
      ],
      [
        11,
        19
      ],
      [
        25,
        6
      ]
    ]
  },
  "params": {
    "gm": [
      [
        0.0,
        0.33290920616763625,
        0.3232964045149214,
        0.4228345522032321,
        0.5407298863886045,
        0.1219322222333306,
        0.42602347384589556,
        0.4437178888691471,
        0.6533332475360885,
        0.8114370773029108,
        0.5085779726777335,
        0.9550181289740624,
        0.6377410370036258,
        0.6903006080907885,
        0.24042982777976674,
        0.22342657943858174,
        0.7750729579803953,
        0.4548862765676164,
        0.4304104164295166,
        0.5170219837304014,
        0.6813025340191716,
        0.4404662102311564,
        0.5974285412005116,
        0.7949346489088335,
        0.461645657506625,
        0.7697255627083972,
        0.12334571914878945,
        0.4341105371606795,
        0.09211597647807684,
        0.7636924179950869,
        0.270324552273014,
        0.4600018489280831,
        0.8580261447142916,
        0.9162500933276121,
        0.6074904638104498,
        0.9073440026612689,
        0.923696766726486,
        0.6084204983921628,
        0.2836458715452741,
        1.004223043123883,
        0.7043059902688863,
        0.7434778832579264,
        0.8253645196993723,
        0.9341240179053861,
        0.052748944594566236,
        0.48233852454051057,
        0.8714689701477938,
        0.6332199877597321,
        0.3186084575957728,
        0.6524378414872479,
        0.3436779990779832,
        0.5883629786982733,
        0.7863136891205484,
        0.41670611367710436,
        0.8340684210086883,
        0.3534668851964855,
        0.21734158845716658,
        0.5988288799928295,
        0.626504933344162,
        0.8338156757323696,
        0.9539201240839779,
        0.42281440850394925,
        0.6006293902470285,
        0.5408708328860317,
        0.3643812156684342,
        0.6775641373668824,
        0.5986120274720433,
        0.9652054282002951,
        0.9301121068940803,
        0.5340158508589824
      ],
      [
        0.33290920616763625,
        0.0,
        0.12319452822058144,
        0.5773515916138225,
        0.20782068022096833,
        0.31061677151023703,
        0.09749734169745156,
        0.4013935274016954,
        0.42415662397539133,
        0.4829109451544668,
        0.22421687265408027,
        0.7456961391093179,
        0.3504482515141415,
        0.3573914019231523,
        0.28780567439388344,
        0.4731734850614415,
        0.5403397702825652,
        0.5740731317166655,
        0.4794727533939564,
        0.5648031012504053,
        0.7287002970997669,
        0.4951514976949008,
        0.2682623630282182,
        0.46739193673287194,
        0.12873645133898878,
        0.45238748591079325,
        0.2136860839751314,
        0.5467592438464194,
        0.3757124532897615,
        0.484142685583139,
        0.47464667376621583,
        0.5148551814524006,
        0.6213853985980831,
        0.8031621404200425,
        0.2745812576428136,
        0.6993685448659145,
        0.7828186675775464,
        0.27551129222452664,
        0.5533500477054936,
        0.8749586035153745,
        0.40496633998480963,
        0.41720597502467277,
        0.49909261146611866,
        0.6078521096721325,
        0.33917489195873407,
        0.7090456225869448,
        0.5423027919755004,
        0.30250028035115095,
        0.09795615901545701,
        0.366790380197598,
        0.5365604010113598,
        0.2996178641551151,
        0.45340448295291214,
        0.40138890345716843,
        0.5077965127754347,
        0.5851582927427975,
        0.4305099880758979,
        0.31210754530645085,
        0.3405806637023177,
        0.881377605536307,
        0.6247539459116844,
        0.6117738158601413,
        0.45017231150162573,
        0.6733514030995482,
        0.6243275961425964,
        0.46278864737151243,
        0.31190662955966264,
        0.6389335199670414,
        0.6802062134684677,
        0.7766466372381013
      ],
      [
        0.3232964045149214,
        0.12319452822058144,
        0.0,
        0.45415706339324113,
        0.3261033891985185,
        0.2568163988062695,
        0.16032457685171514,
        0.518070451016173,
        0.4869838591296549,
        0.5457381803087304,
        0.33950640536317894,
        0.8085233742635815,
        0.4681016614468096,
        0.4265850039116232,
        0.38003372645262234,
        0.42137651426422496,
        0.6031670054368289,
        0.486478005587461,
        0.5716891884345121,
        0.6538169854563729,
        0.818762346670113,
        0.5862977988840243,
        0.3326049106776126,
        0.5317344843822663,
        0.24541337495346638,
        0.5462133974521798,
        0.23056192490527472,
        0.6401075426904979,
        0.3914099550445751,
        0.5469699207374027,
        0.4208463010622483,
        0.5949322239140946,
        0.6842126337523466,
        0.8659893755743062,
        0.3928639666203637,
        0.7621957800201782,
        0.8456459027318101,
        0.3937940012020768,
        0.5002326262393275,
        0.937785838669638,
        0.4677935751390732,
        0.5021202605585542,
        0.5840068970000001,
        0.6927663952060139,
        0.3480312960069116,
        0.6126925197753421,
        0.6066453396248949,
        0.38242414675035785,
        0.02544112303312758,
        0.4833565575716721,
        0.5534362419415032,
        0.4095995527357943,
        0.5216219109635735,
        0.5196716124347186,
        0.5927107983093161,
        0.5417823179172591,
        0.38771283275720947,
        0.4292972439747962,
        0.4573497650034953,
        0.968622417132118,
        0.6890964935610789,
        0.48857928763955993,
        0.5145148591510202,
        0.5791790195079849,
        0.574211511605906,
        0.5256158825257761,
        0.4230368123761038,
        0.7238478055009229,
        0.7430334486227312,
        0.7029179188048018
      ],
      [
        0.4228345522032321,
        0.5773515916138225,
        0.45415706339324113,
        0.0,
        0.7099664494405323,
        0.36396808822260573,
        0.6144816402449562,
        0.866552441072379,
        0.5841564973643367,
        0.9143327155015505,
        0.7936634687564201,
        0.7277180492353129,
        0.9222587248400507,
        0.7223909304766863,
        0.31858839951700196,
        0.1994079727646503,
        0.6894534027394017,
        0.03232094219421987,
        0.34954910120098176,
        0.31970468108030964,
        0.4540024542804222,
        0.3890331496534727,
        0.724636517827539,
        0.8833508053971099,
        0.69374408017625,
        1.000370460845421,
        0.5128804799507937,
        0.8502060882909098,
        0.49437748284995464,
        0.6976086703536925,
        0.31188738944930533,
        0.23465494373548754,
        0.7352854434177052,
        0.6964029396205124,
        0.7767270268623776,
        0.6800439229225195,
        0.6963903141635467,
        0.7776570614440906,
        0.2078587886796337,
        0.7744361051385852,
        0.6342541508541311,
        0.9562773239517952,
        1.038163960393241,
        1.0691964932125633,
        0.4707369587194866,
        0.15853545638210104,
        0.9767062192135639,
        0.836581210143599,
        0.4795981864263687,
        0.9375136209649133,
        0.7606422175236355,
        0.8637566161290354,
        0.7785534611648245,
        0.8395406658803364,
        1.046867861702557,
        0.12686919986517012,
        0.25442596710736504,
        0.8834543073680373,
        0.9115068283967365,
        0.5776613338457123,
        1.0583995742373304,
        0.03442222424631882,
        0.5427265693541314,
        0.12502195611474373,
        0.19440307751114058,
        0.5918654674871081,
        0.8771938757693449,
        1.157549032189598,
        0.8096147602044826,
        0.24876085541156073
      ],
      [
        0.5407298863886045,
        0.20782068022096833,
        0.3261033891985185,
        0.7099664494405323,
        0.0,
        0.41920074014141206,
        0.2640518962568839,
        0.20062547398569322,
        0.5890640687925752,
        0.6435284766787301,
        0.16971982979301398,
        0.89307550065807,
        0.2349421890880795,
        0.5211772967959047,
        0.45588200368414294,
        0.5837608555993675,
        0.7068905526853304,
        0.742149461006925,
        0.6475490826842158,
        0.732879430540665,
        0.8874252035903799,
        0.6632278269851604,
        0.41924934609157677,
        0.6183789197962305,
        0.0807263230248949,
        0.43608031280046283,
        0.4215067641960997,
        0.33893856362545105,
        0.5576862867337635,
        0.6492215643899538,
        0.5832306423973909,
        0.6480609439043132,
        0.7876599948091103,
        0.9697129228228077,
        0.06676057742184524,
        0.8659193272686797,
        0.9493694499803116,
        0.06769061200355832,
        0.6626169675744702,
        1.0414968406886933,
        0.5715045771581285,
        0.4322990729491916,
        0.4961614790490659,
        0.6152092688560048,
        0.5469955721797024,
        0.8285488777092096,
        0.6153003637219088,
        0.35405893868766825,
        0.30083505697096663,
        0.25464643085221167,
        0.3479748180379202,
        0.23772301942913193,
        0.6119691973542758,
        0.1935682232362001,
        0.5152846187164718,
        0.7041666592524016,
        0.550097174092352,
        0.20888232428126613,
        0.23270247843996544,
        1.0318936313303873,
        0.660565306514549,
        0.7443886736868511,
        0.6011592945649843,
        0.8349884055552761,
        0.7365958529410486,
        0.6278275575546944,
        0.24099189445558852,
        0.6539711231788147,
        0.8450128036195146,
        0.8951312683544417
      ],
      [
        0.1219322222333306,
        0.31061677151023703,
        0.2568163988062695,
        0.36396808822260573,
        0.41920074014141206,
        0.0,
        0.3894293665987541,
        0.5656501111024776,
        0.5361207474026746,
        0.7748429700557693,
        0.5196800956618145,
        0.8356615428187343,
        0.63343596244654,
        0.6556897936586621,
        0.12321732764635288,
        0.16456011545795546,
        0.6531407357470648,
        0.3960198125869901,
        0.3148727896282426,
        0.39700058665010346,
        0.5619459478638436,
        0.32948140007775484,
        0.5617097004246515,
        0.7608392741293052,
        0.35733177685817535,
        0.7629282832902136,
        0.15887813170143303,
        0.5440859887817164,
        0.21404779828212034,
        0.6512925325519706,
        0.1640299022559788,
        0.3381158251078251,
        0.7360939224809611,
        0.7962286962473142,
        0.48596131756325733,
        0.7879874165059408,
        0.804340180571158,
        0.48689135214497037,
        0.24341622743305807,
        0.884201646043585,
        0.591883644559044,
        0.7268034014873928,
        0.8086900379288386,
        0.9174495361348525,
        0.17271420851419544,
        0.4093481375677976,
        0.8357501293719337,
        0.609782256976409,
        0.2613960708226276,
        0.6520727412202322,
        0.4539357853664257,
        0.5993765746990977,
        0.7323426485246443,
        0.538638335910435,
        0.8173939392381546,
        0.28496591911098956,
        0.13089643395093994,
        0.5983663244201421,
        0.6265189735736351,
        0.7138063796215445,
        0.9182012833081178,
        0.36394794452332296,
        0.48964458009362705,
        0.48200436890540543,
        0.3173951127996365,
        0.5556319151335518,
        0.6097583748955017,
        0.9485309464297613,
        0.8081798846607497,
        0.47593052821302956
      ],
      [
        0.42602347384589556,
        0.09749734169745156,
        0.16032457685171514,
        0.6144816402449562,
        0.2640518962568839,
        0.3894293665987541,
        0.0,
        0.46452154758546793,
        0.3266592822779398,
        0.38541360345701525,
        0.2096505647599376,
        0.6481987974118663,
        0.337510345758066,
        0.26626042705990804,
        0.385303016091335,
        0.5465935292297398,
        0.4428424285851137,
        0.6468025824391761,
        0.5536687777703484,
        0.6037085276647434,
        0.7069265177226787,
        0.5143533109590778,
        0.17228033382589744,
        0.37140990753055114,
        0.19704982065410476,
        0.38644807519053576,
        0.3095196506624135,
        0.602990459882335,
        0.4727367012758138,
        0.38664534388568744,
        0.5534592688547328,
        0.6123525231498521,
        0.5238880569006314,
        0.705664798722591,
        0.3308124736787291,
        0.601871203168463,
        0.685321325880095,
        0.3317425082604422,
        0.6275843735125051,
        0.7774612618179229,
        0.3074689982873581,
        0.3418650955299956,
        0.4237517319714415,
        0.5325112301774554,
        0.43536813829148974,
        0.7730170966270573,
        0.44632076277317967,
        0.22243020064056696,
        0.13488345381858757,
        0.3502434138963768,
        0.6101232198431915,
        0.2692516120101119,
        0.3612973341118583,
        0.4557166250414714,
        0.4324556332807575,
        0.6542316739836873,
        0.4995833693167877,
        0.29891167030928106,
        0.3252761581626213,
        0.8082978402804029,
        0.5287719167093637,
        0.6489038644912751,
        0.354190282299305,
        0.7395035963597,
        0.6941072945822154,
        0.3652913056740609,
        0.2835957522367166,
        0.5635926404723642,
        0.582708871771016,
        0.8457200184789911
      ],
      [
        0.4437178888691471,
        0.4013935274016954,
        0.518070451016173,
        0.866552441072379,
        0.20062547398569322,
        0.5656501111024776,
        0.46452154758546793,
        0.0,
        0.7883190147582562,
        0.8415477353682598,
        0.33658237046200257,
        1.0599380413270585,
        0.32970917153556706,
        0.7204956418378581,
        0.6478127567219547,
        0.6671444683077288,
        0.9073356055761712,
        0.8986041654367634,
        0.8394798357220276,
        0.9248101835784767,
        1.0793559566281916,
        0.8551585800229721,
        0.6178462858177014,
        0.8121016327925152,
        0.2726570760627066,
        0.567730032520091,
        0.49945293576839755,
        0.1677668454061547,
        0.3910912054718726,
        0.84978149045751,
        0.7140424411421611,
        0.8399916969421249,
        0.9882681141919282,
        1.1701579757136487,
        0.26738605140753846,
        1.0663643801595204,
        1.1498145028711524,
        0.26831608598925155,
        0.7250239211714166,
        1.2419777210418588,
        0.771985457511294,
        0.5833749191793738,
        0.6561406440936268,
        0.7730899164394424,
        0.3992480049676694,
        0.9260564134096576,
        0.7910959730491662,
        0.5298545480149257,
        0.49283519466368886,
        0.3456036860405434,
        0.17657861873216907,
        0.37688604922247065,
        0.8098526823583488,
        0.02701177519204271,
        0.6725642361855654,
        0.7971847740656326,
        0.6610594773263136,
        0.32614906193706694,
        0.3360624360939308,
        1.2238243843681988,
        0.8205444715591099,
        0.8665322973730962,
        0.799756234291109,
        0.9845887217551788,
        0.805710762183214,
        0.8270899303697812,
        0.3727780226900301,
        0.7983121121682759,
        1.0454867978272229,
        0.976119924940566
      ],
      [
        0.6533332475360885,
        0.42415662397539133,
        0.4869838591296549,
        0.5841564973643367,
        0.5890640687925752,
        0.5361207474026746,
        0.3266592822779398,
        0.7883190147582562,
        0.0,
        0.34425832650576654,
        0.5173363987899872,
        0.3373032966870823,
        0.6329333617082484,
        0.16375048139484621,
        0.41290341975632167,
        0.6366112439294571,
        0.13060039579093968,
        0.5691939266803007,
        0.2574930966859279,
        0.27704924538680364,
        0.4423984555553131,
        0.22202119822957858,
        0.22833227171761586,
        0.3134660055265182,
        0.516290814841541,
        0.5793274066479995,
        0.6151748644127109,
        0.9280026324180263,
        0.7440990588895202,
        0.1181538243555031,
        0.5875980800436005,
        0.34950155362884916,
        0.2149086942631851,
        0.393422765928417,
        0.6558246462144205,
        0.2896291703742889,
        0.3730792930859209,
        0.6567546807961335,
        0.7176345603936151,
        0.4731518224949893,
        0.055762897156369416,
        0.5117103951505323,
        0.5137138893980167,
        0.5129601191712253,
        0.7001974033908225,
        0.7333727305150892,
        0.4085711849872015,
        0.5490894829185067,
        0.46154273609652735,
        0.6404633044504876,
        0.9331370639890496,
        0.5523093437300447,
        0.19622190112196974,
        0.7823759073194112,
        0.5287867949163576,
        0.7110256972295068,
        0.6547296820128726,
        0.5976557440674628,
        0.6192601658284175,
        0.4960558074862288,
        0.4909457205125951,
        0.6178760585208161,
        0.14643061074322453,
        0.6275900679875295,
        0.7785595748754772,
        0.03877323601595466,
        0.5671199624174265,
        0.6011205366576705,
        0.28521401477756236,
        0.8241551917444165
      ],
      [
        0.8114370773029108,
        0.4829109451544668,
        0.5457381803087304,
        0.9143327155015505,
        0.6435284766787301,
        0.7748429700557693,
        0.38541360345701525,
        0.8415477353682598,
        0.34425832650576654,
        0.0,
        0.5118487405306849,
        0.4968417302152682,
        0.5268714906745444,
        0.19208154946013917,
        0.739305400550081,
        0.9320071326867551,
        0.3416850028025613,
        0.8882818360872149,
        0.5718548409184688,
        0.6162861623004992,
        0.7191899968541828,
        0.5319595772490636,
        0.2242791305871534,
        0.03107338485108753,
        0.5705179415808962,
        0.32400174563963957,
        0.6949332541194287,
        0.9824670403041813,
        0.858150304732829,
        0.26811879383928156,
        0.9177742981808142,
        0.6796777717660629,
        0.37253098970403337,
        0.5924710347805119,
        0.7046512044878377,
        0.49314852821208555,
        0.5713237806025291,
        0.680471015664248,
        1.0129979769695203,
        0.6564983394146326,
        0.28873484777409225,
        0.260326475906698,
        0.18540709127463295,
        0.175625001586799,
        0.820781741748505,
        1.0533609228066776,
        0.06441193618153888,
        0.3256533612157794,
        0.5202970572756028,
        0.5179667940141343,
        0.974603009477534,
        0.46590518763928795,
        0.15990986017194975,
        0.836987660879825,
        0.19713640431742166,
        1.0396452774407026,
        0.884996972773803,
        0.5192897820569735,
        0.5163541891742566,
        0.6995751653240254,
        0.14668884617743577,
        0.9405178990839211,
        0.38059774959588516,
        0.9581660750271996,
        1.0795208980392306,
        0.35611563570436877,
        0.47140863229718755,
        0.26324472549228456,
        0.3831543283365557,
        1.1441584869528403
      ],
      [
        0.5085779726777335,
        0.22421687265408027,
        0.33950640536317894,
        0.7936634687564201,
        0.16971982979301398,
        0.5196800956618145,
        0.2096505647599376,
        0.33658237046200257,
        0.5173363987899872,
        0.5118487405306849,
        0.0,
        0.7233556708650559,
        0.1291630643258923,
        0.41053680101803186,
        0.5116595715372569,
        0.6842352292605844,
        0.6177324020945452,
        0.7979270288600391,
        0.6894416831448811,
        0.7574756290314411,
        0.8426994230972114,
        0.6501262163336106,
        0.3080532392004302,
        0.5071828129050839,
        0.17635855136668224,
        0.2696280769897496,
        0.38668395096595015,
        0.49474871202462595,
        0.5518137988982086,
        0.5498359939882922,
        0.6820740795437062,
        0.7387090785957742,
        0.6917875550893053,
        0.8678606796216785,
        0.22392795881911537,
        0.7710297971778494,
        0.8499035534282989,
        0.2341321091647571,
        0.7622347912069476,
        0.9558436125762204,
        0.4858513490456557,
        0.262581487162308,
        0.3264416492560519,
        0.4454894390629908,
        0.5125758155476572,
        0.9247712071942327,
        0.45454876809064004,
        0.1933073430563995,
        0.3162516010151883,
        0.1438598688095144,
        0.4627542689468491,
        0.08022760551732581,
        0.490820495575626,
        0.33936968237491155,
        0.346393696435382,
        0.8002200738288401,
        0.6462355726831858,
        0.090250907315096,
        0.11792696066642852,
        0.9405652483702946,
        0.490845476721535,
        0.8280856930027389,
        0.48996318767383773,
        0.8972053002429218,
        0.8370538148106657,
        0.5544673388384999,
        0.09008108239022154,
        0.4842545388813942,
        0.7397965522846549,
        0.9917931234591253
      ],
      [
        0.9550181289740624,
        0.7456961391093179,
        0.8085233742635815,
        0.7277180492353129,
        0.89307550065807,
        0.8356615428187343,
        0.6481987974118663,
        1.0599380413270585,
        0.3373032966870823,
        0.4968417302152682,
        0.7233556708650559,
        0.0,
        0.8358860241444769,
        0.4073716749480541,
        0.7146102176607743,
        0.8636557977403638,
        0.20670290089614268,
        0.7066454268781202,
        0.5292683672265392,
        0.4390648051234001,
        0.27371559495489073,
        0.5336468889931443,
        0.5081455531816319,
        0.47435447212280024,
        0.8438212471049749,
        0.8140381414395721,
        0.9066228071612601,
        1.2181043828896818,
        1.0456627100156912,
        0.26627610831496257,
        0.7511763810557088,
        0.5130798546409574,
        0.1243107405112348,
        0.14450500875662253,
        0.8796187543462878,
        0.047674126312793406,
        0.126547882563243,
        0.9037989431698775,
        0.9245334049592958,
        0.23419179459938297,
        0.34136413001372423,
        0.7564889924357446,
        0.6746023559942987,
        0.6684892462118014,
        1.0014101972380087,
        0.8630761788160305,
        0.55326458336488,
        0.8145060083991206,
        0.7830822512304538,
        0.8555903606756644,
        1.186109939811905,
        0.8035832763823817,
        0.350423908484078,
        1.0627253532399674,
        0.6890865249910133,
        0.854587249100483,
        0.818307983024981,
        0.8136065781801519,
        0.8412826315314844,
        0.2172095775052387,
        0.6248890249418535,
        0.7580310791590699,
        0.48282563199071443,
        0.7236444312276126,
        0.9221211267464535,
        0.3042908361484363,
        0.8134367532552774,
        0.7526321378968103,
        0.18279604821290157,
        0.949824662824984
      ],
      [
        0.6377410370036258,
        0.3504482515141415,
        0.4681016614468096,
        0.9222587248400507,
        0.2349421890880795,
        0.63343596244654,
        0.337510345758066,
        0.32970917153556706,
        0.6329333617082484,
        0.5268714906745444,
        0.1291630643258923,
        0.8358860241444769,
        0.0,
        0.5101033555975186,
        0.6358755011217962,
        0.797123662023764,
        0.7238944870807875,
        0.9221429584445784,
        0.7938213251294131,
        0.8618552710159729,
        0.8904446079593245,
        0.7545058583181424,
        0.4124328811849621,
        0.5463040876711565,
        0.27726803318245513,
        0.23997910746127923,
        0.5158470152918424,
        0.4974399161059009,
        0.6809768632241008,
        0.6519892460694423,
        0.7829835613594791,
        0.8446026540618734,
        0.7931642900343379,
        0.9803910329010994,
        0.30100031346635525,
        0.8829232616641368,
        0.9624339067077199,
        0.30161555590902295,
        0.8730301877888933,
        1.0654225452284427,
        0.5964978573993726,
        0.2665450147678464,
        0.34605620379965796,
        0.4564168075465,
        0.6417388798735495,
        1.0410743303881733,
        0.503389802956532,
        0.2551474963531993,
        0.444494803960174,
        0.01970433653118756,
        0.4887316759051732,
        0.0831549463483459,
        0.5800217627039176,
        0.34239775875645767,
        0.35707392302478413,
        0.9171526615091398,
        0.7625386958771263,
        0.03891393237314689,
        0.013912118226686823,
        1.0113908356718975,
        0.5092221740557415,
        0.9358868581750163,
        0.5943428296583696,
        1.0214212298274612,
        0.9499375484453672,
        0.668766988532442,
        0.06963362015874146,
        0.471810000655153,
        0.8360028296100939,
        1.1086750740765345
      ],
      [
        0.6903006080907885,
        0.3573914019231523,
        0.4265850039116232,
        0.7223909304766863,
        0.5211772967959047,
        0.6556897936586621,
        0.26626042705990804,
        0.7204956418378581,
        0.16375048139484621,
        0.19208154946013917,
        0.41053680101803186,
        0.4073716749480541,
        0.5101033555975186,
        0.0,
        0.547492658973947,
        0.7712004831470826,
        0.21614099105177528,
        0.6967693937950581,
        0.3799665387620809,
        0.42626143311280285,
        0.546066460161307,
        0.34014683567292975,
        0.10351324393192587,
        0.16122118556808993,
        0.4615963397610167,
        0.45450837886230955,
        0.5710774858982837,
        0.8601158604213558,
        0.7331038552129138,
        0.14188589047192365,
        0.7258325131559501,
        0.4877359867411988,
        0.2830609344368193,
        0.47783004007641244,
        0.5838853178326102,
        0.37388722634910765,
        0.45786255857802427,
        0.5597051290090205,
        0.8522237996112405,
        0.5586332371732519,
        0.10953982484780574,
        0.44335570588103423,
        0.36146906943958834,
        0.352314888088142,
        0.6965662938818864,
        0.8618484805145208,
        0.2543852009330757,
        0.488690627700475,
        0.4011438808784956,
        0.5214770871701857,
        0.8691518404312559,
        0.43347383072593704,
        0.09619024720394015,
        0.7147452456295359,
        0.3765419749579293,
        0.8492601303418564,
        0.7658437963766958,
        0.4788092992520932,
        0.5020667443459773,
        0.5803138634610475,
        0.3363579425324194,
        0.7490054567917643,
        0.19333022473793327,
        0.7660927531150112,
        0.916794007987827,
        0.1865273739260485,
        0.4479488805843451,
        0.4399143771068197,
        0.3294325438085754,
        0.9526460446606836
      ],
      [
        0.24042982777976674,
        0.28780567439388344,
        0.38003372645262234,
        0.31858839951700196,
        0.45588200368414294,
        0.12321732764635288,
        0.385303016091335,
        0.6478127567219547,
        0.41290341975632167,
        0.739305400550081,
        0.5116595715372569,
        0.7146102176607743,
        0.6358755011217962,
        0.547492658973947,
        0.0,
        0.22370782417313545,
        0.5365953891919091,
        0.2862674573227821,
        0.19166707900007296,
        0.27699742685652196,
        0.4408946227058835,
        0.20734582330101736,
        0.5494188004341978,
        0.7086004312162234,
        0.37515568065924804,
        0.7401931603046767,
        0.2284125366337176,
        0.6369672008631834,
        0.3311956391331985,
        0.5280752049056178,
        0.28724722990233165,
        0.22704950705851717,
        0.6201223301191188,
        0.6762255364537326,
        0.5226425811059882,
        0.6669360913479808,
        0.683288855413198,
        0.5235726156877012,
        0.3047311406372934,
        0.7641984862500035,
        0.46866631691269106,
        0.7050116494185562,
        0.7868982858600021,
        0.8896254912306817,
        0.28729398363450087,
        0.45134654404224483,
        0.8004493367324209,
        0.5903059547450344,
        0.38461339846898046,
        0.652951442562153,
        0.5489306121943186,
        0.5873579584678869,
        0.6091253208782914,
        0.649450226920343,
        0.7956021871693181,
        0.3538336185508488,
        0.2541137615972928,
        0.598151630346722,
        0.6267434777982309,
        0.5935719311424235,
        0.8813950050520779,
        0.3385035203194883,
        0.36750900331688957,
        0.3855457287056648,
        0.37663847637710024,
        0.4396603227717095,
        0.5997119784674946,
        0.9267391943609249,
        0.6916815588135505,
        0.5394303877353719
      ],
      [
        0.22342657943858174,
        0.4731734850614415,
        0.42137651426422496,
        0.1994079727646503,
        0.5837608555993675,
        0.16456011545795546,
        0.5465935292297398,
        0.6671444683077288,
        0.6366112439294571,
        0.9320071326867551,
        0.6842352292605844,
        0.8636557977403638,
        0.797123662023764,
        0.7712004831470826,
        0.22370782417313545,
        0.0,
        0.7450751203253304,
        0.23145969712903464,
        0.4153749031732084,
        0.4363556609716408,
        0.5899402027854731,
        0.4310536474741528,
        0.7188738630556373,
        0.918003436760291,
        0.5202850665795372,
        0.9253934418569065,
        0.3134725071861434,
        0.6507981155262595,
        0.2949695100853043,
        0.7517830290787533,
        0.11247941668465504,
        0.3505759430994064,
        0.8295846337183397,
        0.8290939522171461,
        0.6505214330212128,
        0.8159816714275704,
        0.8270090054866118,
        0.6514514676029258,
        0.08102331646415796,
        0.9155724532107616,
        0.6923741410858265,
        0.887032783196719,
        0.9689194196381649,
        1.0776789178441788,
        0.27132898595483634,
        0.25897169980243867,
        0.9929142920029195,
        0.7686836547711597,
        0.41383340862066836,
        0.8158998334831392,
        0.5612342447589852,
        0.7639329761086737,
        0.8328331450514268,
        0.6401326931156861,
        0.9776233209474808,
        0.13012579437771338,
        0.055017994342714725,
        0.762424429558582,
        0.7904731738930242,
        0.7344086305254803,
        1.0753654459391035,
        0.1993878290653675,
        0.591216827490025,
        0.31744425344745,
        0.15293065220396482,
        0.6633681469448449,
        0.7743117610525553,
        1.1087603281390876,
        0.9001612899469719,
        0.3157225635622365
      ],
      [
        0.7750729579803953,
        0.5403397702825652,
        0.6031670054368289,
        0.6894534027394017,
        0.7068905526853304,
        0.6531407357470648,
        0.4428424285851137,
        0.9073356055761712,
        0.13060039579093968,
        0.3416850028025613,
        0.6177324020945452,
        0.20670290089614268,
        0.7238944870807875,
        0.21614099105177528,
        0.5365953891919091,
        0.7450751203253304,
        0.0,
        0.6606382464732655,
        0.37191806195193705,
        0.37727396195243973,
        0.3850702432254466,
        0.3393296378448675,
        0.31170313213118767,
        0.31495548968653764,
        0.6374083820067338,
        0.6546391590033095,
        0.7182358003680764,
        1.0458291163107813,
        0.8667483942604809,
        0.07788910152177903,
        0.6928949854186656,
        0.4547984590039142,
        0.08450951339300922,
        0.26282237013747733,
        0.7736511301071757,
        0.15902877458334927,
        0.24247889729498123,
        0.7678950172082822,
        0.8260984367894884,
        0.34255142670404964,
        0.13540894116070837,
        0.5913564391548712,
        0.5152033735580361,
        0.5172287195030391,
        0.821560071563901,
        0.8257173331927283,
        0.40329119784378475,
        0.6645326228780253,
        0.5777258824037013,
        0.7290070639068632,
        1.041110117404305,
        0.6411381088819167,
        0.1831415960852218,
        0.8979877588552281,
        0.5248171873118264,
        0.8159308371559073,
        0.7600265873879376,
        0.6912584287578458,
        0.7099967261696899,
        0.36545541169528917,
        0.48108401997902955,
        0.7128743094699718,
        0.2761227310945718,
        0.7299892143889054,
        0.852964812834459,
        0.0975879352522936,
        0.6554466667510781,
        0.6043242058929971,
        0.15508616962164146,
        0.916514897338891
      ],
      [
        0.4548862765676164,
        0.5740731317166655,
        0.486478005587461,
        0.03232094219421987,
        0.742149461006925,
        0.3960198125869901,
        0.6468025824391761,
        0.8986041654367634,
        0.5691939266803007,
        0.8882818360872149,
        0.7979270288600391,
        0.7066454268781202,
        0.9221429584445784,
        0.6967693937950581,
        0.2862674573227821,
        0.23145969712903464,
        0.6606382464732655,
        0.0,
        0.3172281590067619,
        0.3060160380626933,
        0.43292983192322937,
        0.35676595943701034,
        0.6923155756333191,
        0.8577027366404146,
        0.6614231379820301,
        1.0264606176274589,
        0.5146799939564997,
        0.8822578126552942,
        0.526429207214339,
        0.6844247929828366,
        0.3439391138136897,
        0.22272721353057023,
        0.7233577132127879,
        0.6744280760391578,
        0.8089100384287702,
        0.6589713005653267,
        0.6751574900232578,
        0.8098400730104833,
        0.23924335319292625,
        0.7507468526771239,
        0.6168551865646411,
        0.9885982661460151,
        1.0579506205119131,
        1.0390456273666746,
        0.502788683083871,
        0.16507908671946275,
        0.9487440644219437,
        0.8689021523378189,
        0.5119191286205885,
        0.9392188998849351,
        0.7926939418880199,
        0.8736254157906689,
        0.7607688011971935,
        0.8715923902447207,
        1.073023526030254,
        0.15529259068264184,
        0.28647769147174934,
        0.8844190876695042,
        0.913010935121013,
        0.5523940981403047,
        1.0289834996951024,
        0.05223606299670623,
        0.5104056271599116,
        0.09927827138288271,
        0.22086118532945173,
        0.57919961957573,
        0.8859794357902766,
        1.1273981663437094,
        0.7976870299995653,
        0.2558766508656255
      ],
      [
        0.4304104164295166,
        0.4794727533939564,
        0.5716891884345121,
        0.34954910120098176,
        0.6475490826842158,
        0.3148727896282426,
        0.5536687777703484,
        0.8394798357220276,
        0.2574930966859279,
        0.5718548409184688,
        0.6894416831448811,
        0.5292683672265392,
        0.7938213251294131,
        0.3799665387620809,
        0.19166707900007296,
        0.4153749031732084,
        0.37191806195193705,
        0.3172281590067619,
        0.0,
        0.1038061655535244,
        0.25555277227164847,
        0.04002057249301521,
        0.38138844394445093,
        0.5411207502546086,
        0.5668227596593209,
        0.7323835788748346,
        0.3942433566940452,
        0.8037889744792683,
        0.5195549373210011,
        0.3753144360297828,
        0.35415222440078364,
        0.11605569798603227,
        0.45479213404705277,
        0.4984376156738811,
        0.714309660106061,
        0.4815942409137458,
        0.49794700497896294,
        0.7152396946877742,
        0.49639821963736636,
        0.581360804205387,
        0.3015115882450029,
        0.7574590862391658,
        0.741368634126107,
        0.722210757801718,
        0.47477589783465424,
        0.48230724572622463,
        0.6330844072447566,
        0.7760989784109154,
        0.5762688604508702,
        0.7993522871827108,
        0.7155273565734193,
        0.711349030738462,
        0.4445330591480795,
        0.841117305920416,
        0.7564415396444479,
        0.4725207496894037,
        0.42128382637005574,
        0.7609437584337408,
        0.7799419443585023,
        0.4089491004140174,
        0.7140612612041508,
        0.3694642220034681,
        0.19955953640732768,
        0.38773414853026605,
        0.5380893443362136,
        0.27433012669964346,
        0.7258240805968702,
        0.8105632967787526,
        0.5268780962268415,
        0.5731048098723874
      ],
      [
        0.5170219837304014,
        0.5648031012504053,
        0.6538169854563729,
        0.31970468108030964,
        0.732879430540665,
        0.39700058665010346,
        0.6037085276647434,
        0.9248101835784767,
        0.27704924538680364,
        0.6162861623004992,
        0.7574756290314411,
        0.4390648051234001,
        0.8618552710159729,
        0.42626143311280285,
        0.27699742685652196,
        0.4363556609716408,
        0.37727396195243973,
        0.3060160380626933,
        0.1038061655535244,
        0.0,
        0.16534921016850943,
        0.12610242605203262,
        0.44942238983101085,
        0.5852161438478553,
        0.65215310751577,
        0.8004175247613945,
        0.49275293519870206,
        0.9022985529839253,
        0.6081508155003376,
        0.38593704061253775,
        0.3238762442869858,
        0.08577971787223446,
        0.46014803404755544,
        0.39922810959721067,
        0.7996400079625101,
        0.39139067881060674,
        0.40774344287582387,
        0.8005700425442233,
        0.4972332681905728,
        0.4872010593934815,
        0.3301311635711581,
        0.786078661565321,
        0.7854640277193536,
        0.777594031676018,
        0.5642798688256797,
        0.4706691993431855,
        0.6798119247216644,
        0.8261387283053103,
        0.6583966574727311,
        0.8673862330692707,
        0.8152808493855872,
        0.779382976625022,
        0.47324135430519637,
        0.9264476537768651,
        0.8005369332376946,
        0.4465738809454798,
        0.39100784625625795,
        0.8289777043203008,
        0.8479758902450623,
        0.3168524375176612,
        0.7621313287030477,
        0.3531014307416389,
        0.2717845177394593,
        0.35279163875307235,
        0.5141077585914502,
        0.27968602670014614,
        0.7938580264834301,
        0.8643422751404549,
