{
  "sol": {
    "z": 3.599463173446179,
    "tours": [
      [
        0,
        12,
        23,
        18,
        11,
        9,
        17,
        14,
        25,
        22
      ],
      [
        7,
        26,
        24,
        27,
        10,
        19,
        13,
        16,
        8,
        15,
        6,
        3,
        5,
        21,
        20,
        22
      ],
      [
        1,
        69,
        2
      ],
      [
        4,
        25
      ]
    ]
  },
  "params": {
    "gm": [
      [
        0.0,
        0.764173827836232,
        0.8660071539656722,
        0.4961058749996341,
        0.8059066812440621,
        0.666647265098218,
        0.2367030957169524,
        0.456024980001844,
        0.7648441280974502,
        0.5076069662117902,
        0.5561271433635533,
        0.3163135386132231,
        0.12033953365061481,
        0.5686914094228873,
        0.6162912939422304,
        0.5020799012790088,
        0.5607824655307204,
        0.6389606790094526,
        0.1410646398999494,
        0.6919705262192478,
        0.8353412939065787,
        0.7934812918828694,
        0.37194255625128525,
        0.1324300707902139,
        0.4853559848740565,
        0.4353749967616542,
        0.4441110720722084,
        0.49693311838603554,
        0.631747452366673,
        0.8438309562904607,
        0.6548551228473247,
        0.12796341109387335,
        0.22648119651315898,
        0.17745020999177347,
        0.7241806917045958,
        0.6588062886472738,
        0.8731086564537349,
        0.9260099716812014,
        0.5731034930332332,
        0.33627577642918316,
        0.7156676803469377,
        0.25212217018464683,
        0.6354678595932469,
        0.47621776609941985,
        0.6584456261760517,
        0.7444400827382258,
        0.14310383638260668,
        0.2569232927630343,
        0.9037206140295498,
        0.8157307383290517,
        0.9345846772010844,
        0.8626100084261882,
        0.3286410325626256,
        0.2613329894059246,
        0.3802294676772343,
        0.6649009888888837,
        0.5326102717367114,
        0.4778296550293102,
        0.3615866376996152,
        0.16954828430461172,
        0.4135631128176434,
        0.14632302087247845,
        0.9603049339577916,
        0.7831373712946778,
        0.8082760370205786,
        0.612758364814098,
        0.5526473935715286,
        0.23416467791735876,
        0.4074828112011653,
        0.9773886708490511
      ],
      [
        0.764173827836232,
        0.0,
        0.10183332612944013,
        0.5244841928300414,
        0.37165416436415843,
        0.3387914434087449,
        0.7518810885299261,
        0.7576085436703475,
        0.8436981852563944,
        0.6055255649580488,
        0.8582065948149475,
        0.8814110445761161,
        0.8783653242436528,
        1.0850421048452032,
        0.6228789259458594,
        0.7162498020534975,
        1.248168511452511,
        0.45193509382426966,
        0.8274357213957988,
        1.0380202350898473,
        0.1407144881750342,
        0.17501906941287879,
        0.7637187747122067,
        0.896603898626446,
        0.8020631284116564,
        0.5852150710680213,
        0.787480971932929,
        0.7978317388710501,
        0.6735885763857812,
        0.2100370628607636,
        1.0417135485223166,
        0.8921372389301053,
        0.9228786478507907,
        0.8632603041997596,
        0.4666542316452019,
        0.7921046832427344,
        0.7653038177448275,
        0.6891326121932866,
        1.09231162204365,
        1.1004496042654153,
        0.902531703595307,
        0.7295084934231041,
        0.4245609593839592,
        0.8303684561040003,
        0.5764306617238868,
        0.8370821999143807,
        0.8399293308308787,
        0.9194023486954009,
        0.3533477489235432,
        0.2453409249772557,
        0.4320390194008522,
        0.7995087267714588,
        0.9626144359262896,
        0.9423337017648439,
        0.6014011959305166,
        0.495499980965757,
        0.46633142979460285,
        0.6103419918414092,
        0.7778880685030559,
        0.9337221121408437,
        0.8475441434461677,
        0.9104968487087104,
        0.606560553631567,
        0.35927570239811146,
        0.4600431771498181,
        0.7062064683855817,
        1.0692365324949606,
        0.878907297850764,
        0.5804744012900931,
        0.2730330740842564
      ],
      [
        0.8660071539656722,
        0.10183332612944013,
        0.0,
        0.4226508667006013,
        0.3734065251385881,
        0.3367443553751813,
        0.6821524104316294,
        0.6806029072446094,
        0.813333388579714,
        0.6038449144136933,
        0.8196262413806822,
        0.8794699561364345,
        0.8208256501084213,
        1.0240347823309162,
        0.5210455998164192,
        0.6557835861657751,
        1.1871611889382239,
        0.4564403093790593,
        0.8789096834133266,
        0.9994033232400951,
        0.18485447493850343,
        0.2264930314304067,
        0.6618854485827667,
        0.8441501671209166,
        0.7424871061224076,
        0.4833817449385812,
        0.7091922888526109,
        0.7424099735193597,
        0.6432237797091007,
        0.173096188740895,
        1.0004014213508254,
        0.9939705650595454,
        0.9208315598172271,
        0.7945018938701374,
        0.4367775489620025,
        0.7620425822767767,
        0.7385979685760345,
        0.6814830070769096,
        1.0356292638466285,
        1.0688288500518452,
        0.8721669069186266,
        0.6673203346964505,
        0.3227276332545191,
        0.7684462627731471,
        0.5459132369570525,
        0.8065647751475464,
        0.8914032928484066,
        0.8218379989574335,
        0.3174736459726348,
        0.22732025227620173,
        0.4020331132535255,
        0.7699341073197264,
        0.9606564331606622,
        0.8725550046030562,
        0.6266334575657635,
        0.4934528929321934,
        0.4761991031643934,
        0.6115682311169424,
        0.7759469800633745,
        0.9730996941089978,
        0.7619319101253268,
        1.0123301748381506,
        0.5915350559329638,
        0.3667387654349229,
        0.4667758635355686,
        0.6748299318893702,
        1.0306561790606954,
        0.8768602098172005,
        0.5776818851783401,
        0.2479832579564646
      ],
      [
        0.4961058749996341,
        0.5244841928300414,
        0.4226508667006013,
        0.0,
        0.31286140321776457,
        0.3576830900064863,
        0.2595015437310282,
        0.3919274610778518,
        0.6051218857377778,
        0.37915923145118413,
        0.5417104348889703,
        0.6193672363731522,
        0.39817478340782003,
        0.7275730280380432,
        0.21191171670999576,
        0.41332079570581454,
        0.8906994346453507,
        0.4001465671789976,
        0.520886804507614,
        0.7122540198408494,
        0.555760045240197,
        0.532067791432812,
        0.23923458188216537,
        0.42149930042031525,
        0.4478425673479786,
        0.0607308782379799,
        0.40604158224159653,
        0.45945471766029083,
        0.4350122768671645,
        0.37029919166805075,
        0.6991660047751491,
        0.585387826845273,
        0.6121363637832425,
        0.371851027169536,
        0.22807793212658523,
        0.5535283837241177,
        0.6374478040334226,
        0.5612765984818817,
        0.732844523717401,
        0.6461779833512438,
        0.6639554040766904,
        0.24466946799584915,
        0.1491238046200524,
        0.4719845084802741,
        0.3378543622052702,
        0.5985059003957641,
        0.5120940262531282,
        0.39918713225683217,
        0.41691589581906935,
        0.3358793877515568,
        0.4428988041184913,
        0.6683074651268668,
        0.6908512393517989,
        0.4499041379024549,
        0.22279571983569163,
        0.4728909340956301,
        0.28098181248075443,
        0.34262491498300146,
        0.515844260300092,
        0.6419957924901418,
        0.43531940917246104,
        0.6079621084147766,
        0.5489943381837492,
        0.2901533721125403,
        0.31218666293310654,
        0.4683861034824912,
        0.7527403725689834,
        0.5679945583417862,
        0.15503101847773876,
        0.670634124657066
      ],
      [
        0.8059066812440621,
        0.37165416436415843,
        0.3734065251385881,
        0.31286140321776457,
        0.0,
        0.5467504005626658,
        0.5693023499754561,
        0.41306544938424583,
        0.5003136663659163,
        0.6708517143361944,
        0.5165617105455069,
        0.9264563978024398,
        0.7079755896522479,
        0.7377834466109514,
        0.3767405109433064,
        0.37041756554501776,
        0.9000232388910326,
        0.6449728226500201,
        0.8306876107520419,
        0.6847539298011458,
        0.5123482160974774,
        0.5466732337770372,
        0.5445037793686669,
        0.7313001066647431,
        0.4552165828737782,
        0.3705316844824078,
        0.4427580289800358,
        0.4505237376724995,
        0.330204057495303,
        0.21100762214382535,
        0.6960029025826642,
        0.895188633089701,
        0.9110976001216553,
        0.6816518334139638,
        0.12326971275472377,
        0.4386590227222281,
        0.39399101552804655,
        0.3178198099765056,
        0.7475962314377691,
        0.9381142094207002,
        0.5485808886911472,
        0.5544702742402771,
        0.17842254438140628,
        0.48355386996607175,
        0.23304614283340874,
        0.49369768102390266,
        0.821894832497556,
        0.6129252072212291,
        0.13771128121257822,
        0.14981771176138198,
        0.1319929776654667,
        0.4281959245546778,
        0.9898124756902116,
        0.6012705905325435,
        0.5300282736169644,
        0.7034589381196779,
        0.5388905459030043,
        0.6402489662539504,
        0.8229334217293798,
        0.9517965987345698,
        0.5029811142149102,
        0.8612355842225292,
        0.24081215231982553,
        0.022772675833481002,
        0.10035154857357245,
        0.34651483980933595,
        0.7235632483895246,
        0.8669557946801989,
        0.45399225481615146,
        0.6206295948416496
      ],
      [
        0.666647265098218,
        0.3387914434087449,
        0.3367443553751813,
        0.3576830900064863,
        0.5467504005626658,
        0.0,
        0.43705113139826046,
        0.6541234593867797,
        0.8641823708368483,
        0.2671005590385119,
        0.8039064331978982,
        0.5427256007612533,
        0.5668239706057232,
        0.9897690263469711,
        0.40555622657189894,
        0.6755167940147424,
        1.074925465120897,
        0.11982416041915794,
        0.6895359917055172,
        0.9744500181497772,
        0.19807695523371072,
        0.1743847014263257,
        0.5014305801910932,
        0.5958113498873567,
        0.7100385656569065,
        0.32292687654690777,
        0.6682375805505244,
        0.7216507159692187,
        0.6940727619662351,
        0.5098405441160763,
        0.9613620030840769,
        0.6900520526596527,
        0.5840872044420458,
        0.5494002107807979,
        0.5857610221330716,
        0.8034500435944136,
        0.9354770586600731,
        0.8645702105391714,
        0.995040522026329,
        0.8204900328182854,
        0.9133719095633326,
        0.4145250949135712,
        0.5023554271032183,
        0.734180506789202,
        0.6955374522117566,
        0.8717483552735976,
        0.6807432134510313,
        0.6054218567264698,
        0.654218001347816,
        0.5640646076513831,
        0.6787433782281325,
        0.9273679502259375,
        0.6239120777854809,
        0.6622019257141879,
        0.28988910219058217,
        0.15670853755701206,
        0.13945474778921207,
        0.274823875741761,
        0.4392026246881932,
        0.6363553387338164,
        0.697515407481389,
        0.7675397977909733,
        0.7875625528824913,
        0.5695230763961467,
        0.6471019491362382,
        0.7113058606815215,
        1.0149363708779113,
        0.5401158544420191,
        0.2616476369831878,
        0.3575905052989137
      ],
      [
        0.2367030957169524,
        0.7518810885299261,
        0.6821524104316294,
        0.2595015437310282,
        0.5693023499754561,
        0.43705113139826046,
        0.0,
        0.31640109959110535,
        0.6231880297294297,
        0.2875539374028386,
        0.46098620698718934,
        0.4083887630548178,
        0.13867323967679185,
        0.5877708816093592,
        0.3883183763984263,
        0.3482758510136636,
        0.6382886035009391,
        0.4088003904727622,
        0.26138526077658586,
        0.6021568138577602,
        0.6111666003548919,
        0.5902023737438724,
        0.30771718654954994,
        0.16199775668928706,
        0.3722484883586385,
        0.19877066549304828,
        0.31995538325597833,
        0.38205903227311494,
        0.4785360265567713,
        0.6072266250218548,
        0.6011202530544759,
        0.32588628311424483,
        0.4485205222338676,
        0.11234948343850783,
        0.48757636043598984,
        0.5274990920062086,
        0.7194538522249156,
        0.7727985458712996,
        0.6047342836194515,
        0.38667643962021564,
        0.6100700814154318,
        0.022558505889970156,
        0.398863528324641,
        0.3771949480886992,
        0.5340461595651287,
        0.6134676024873977,
        0.2525924825221,
        0.18398492427698687,
        0.6671162827609439,
        0.5791264070604458,
        0.6979803459324785,
        0.7091370760400635,
        0.538045127261145,
        0.23571505967043874,
        0.15047989259940958,
        0.435151413811059,
        0.30301167947132723,
        0.24454007315773127,
        0.4350435851206803,
        0.38249424875911364,
        0.32263662357511047,
        0.3484605646837484,
        0.8053740060972807,
        0.5465330400260718,
        0.5716717057519727,
        0.4603717644550231,
        0.6262238662844952,
        0.47086777363431115,
        0.18595167530500625,
        0.7680017887102212
      ],
      [
        0.456024980001844,
        0.7576085436703475,
        0.6806029072446094,
        0.3919274610778518,
        0.41306544938424583,
        0.6541234593867797,
        0.31640109959110535,
        0.0,
        0.3131749913923333,
        0.5968042803592563,
        0.16215435817205345,
        0.6107744015620413,
        0.3410588781840153,
        0.34576608759765914,
        0.538390211111562,
        0.050314938003761314,
        0.5088924942049667,
        0.6826146203731214,
        0.4406351593430612,
        0.3327870540535409,
        0.8522004146204905,
        0.8285081608131053,
        0.15269287919568644,
        0.32359888368498235,
        0.06909470213130386,
        0.3311965828398719,
        0.030102505695596967,
        0.07463924809069243,
        0.17908727216416986,
        0.5760532587431623,
        0.3260413178113473,
        0.5803561472654419,
        0.6456961167610588,
        0.2866998528269125,
        0.29097551237269953,
        0.21240560746723433,
        0.41869930425275553,
        0.4733289428211667,
        0.355046255841724,
        0.548277566615911,
        0.2953555850891219,
        0.32779930552578446,
        0.358867870752648,
        0.09017756803989009,
        0.2346486760378759,
        0.2991275814949647,
        0.4427374271174824,
        0.1998597578369833,
        0.5504864697104128,
        0.5216882380335508,
        0.5397553327908883,
        0.4067571003870271,
        0.7510917888672786,
        0.21611596614472356,
        0.45590660301837194,
        0.7405781242300213,
        0.5614811944568048,
        0.5535067903704478,
        0.7142973776351014,
        0.6082822679336115,
        0.08994398672103644,
        0.47600782380717555,
        0.5043746593432918,
        0.39833284127223595,
        0.4029913814353617,
        0.15682809019959817,
        0.37318429585206664,
        0.6577450210092979,
        0.4269563724145816,
        0.9046227412698891
      ],
      [
        0.7648441280974502,
        0.8436981852563944,
        0.813333388579714,
        0.6051218857377778,
        0.5003136663659163,
        0.8641823708368483,
        0.6231880297294297,
        0.3131749913923333,
        0.0,
        0.8713557353031258,
        0.24217983248093525,
        0.9226428400353607,
        0.6529273166573347,
        0.46126024044855757,
        0.69015838719257,
        0.2749121787157661,
        0.612511800412259,
        0.970897882512822,
        0.7534456168320707,
        0.34129411365858214,
        0.9844126734314286,
        1.0187172546692733,
        0.44613798277147465,
        0.6329472450979339,
        0.2808242069113134,
        0.6246416864156601,
        0.3211110300532756,
        0.2692237694222428,
        0.17010960887061327,
        0.6740726681419011,
        0.3684425680512593,
        0.8909977963075844,
        0.9588562880183702,
        0.5995103103159221,
        0.37704395361119253,
        0.10778479758889298,
        0.16127577143196092,
        0.2369971667585336,
        0.44501651500949396,
        0.5236316895452329,
        0.13409836881567977,
        0.6409742969181178,
        0.5043476042442083,
        0.29495161960946953,
        0.30228804774448864,
        0.04163650955399471,
        0.751068272045968,
        0.5081906027654689,
        0.5824000940353606,
        0.6174486384817395,
        0.5046541088532729,
        0.13079846315700194,
        1.06425196012459,
        0.5101993255719526,
        0.7690815944107053,
        1.0208909083938604,
        0.8549262980325929,
        0.8666817817627812,
        1.0261658161084208,
        0.9208762264263524,
        0.35529031964816443,
        0.7651200973997196,
        0.3068165411266858,
        0.48442248285828293,
        0.41250921555709485,
        0.16634592432133133,
        0.4411376853135965,
        0.9670933824222494,
        0.7204014759903699,
        1.047747214548534
      ],
      [
        0.5076069662117902,
        0.6055255649580488,
        0.6038449144136933,
        0.37915923145118413,
        0.6708517143361944,
        0.2671005590385119,
        0.2875539374028386,
        0.5968042803592563,
        0.8713557353031258,
        0.0,
        0.7408141019620986,
        0.2804342912680098,
        0.4262271770796304,
        0.8753248190121978,
        0.43330587013489474,
        0.6358297884165022,
        0.9258425409037776,
        0.17221313522080958,
        0.5489391981794244,
        0.8864530734846705,
        0.46481107678301453,
        0.44089635462155413,
        0.497746641546963,
        0.44955169409212564,
        0.6547591651481219,
        0.3192429379027776,
        0.6020962797978897,
        0.6642644334660155,
        0.7660899639596098,
        0.6831031573524899,
        0.8886741904573146,
        0.423378486512065,
        0.3175324383405233,
        0.3999034208413464,
        0.6053757898093381,
        0.8092098878264906,
        1.007007789627754,
        0.9385744561646348,
        0.8511807525629531,
        0.6742303770230542,
        0.8915559511737374,
        0.2690049748334718,
        0.492429195440844,
        0.6576257691669937,
        0.7151522198880231,
        0.8959318618542209,
        0.5401464199249385,
        0.4704082651053122,
        0.7410687684286988,
        0.6347077724642483,
        0.79033862744897,
        0.9966910134429021,
        0.3598675504963223,
        0.5204319859963081,
        0.16717928775489083,
        0.34689467443241995,
        0.15516090003249391,
        0.043548884628447346,
        0.17691131519494968,
        0.3696817725862287,
        0.6069328832020207,
        0.6346099515588834,
        0.8997125817817857,
        0.6485532022081317,
        0.6887014997256139,
        0.7479257018578617,
        0.9137778036873339,
        0.27344228829443146,
        0.22418899427602,
        0.6224844122298132
      ],
      [
        0.5561271433635533,
        0.8582065948149475,
        0.8196262413806822,
        0.5417104348889703,
        0.5165617105455069,
        0.8039064331978982,
        0.46098620698718934,
        0.16215435817205345,
        0.24217983248093525,
        0.7408141019620986,
        0.0,
        0.7076706832362258,
        0.4505262798202251,
        0.23920240056298028,
        0.6553980115400875,
        0.1673192217962583,
        0.4011870050353873,
        0.8323975941842399,
        0.5570482477434817,
        0.17981364027489977,
        0.9989210829899817,
        0.9782911346242239,
        0.31251737963540227,
        0.42670102255371295,
        0.09386786754099173,
        0.48097955665099046,
        0.14601559732884425,
        0.08756187013536532,
        0.20867170667093746,
        0.6968413912712373,
        0.18350695370736914,
        0.6837191613707794,
        0.7619735375154724,
        0.40443318591759625,
        0.3977460564129095,
        0.13985134312139827,
        0.3912679581484908,
        0.4614618669142337,
        0.23754297486699336,
        0.4743706914710433,
        0.16224158572781944,
        0.4756927994677486,
        0.4976997074775577,
        0.08379160683870793,
        0.30595399796901696,
        0.2099056287330056,
        0.5474549825092803,
        0.3045773132287812,
        0.6454102453733173,
        0.638108848349111,
        0.6089618396050946,
        0.3670442878730195,
        0.8673624011230293,
        0.2976261730314738,
        0.5928605985419197,
        0.877532119753569,
        0.7112641682679233,
        0.6972652173336513,
        0.8111936593092859,
        0.7183933567368537,
        0.14256403054590988,
        0.5523938082974651,
        0.5127629358409781,
        0.498930892416836,
        0.4162101619719344,
        0.17004687073617092,
        0.21102993768001319,
        0.7608471598780284,
        0.5767393462257002,
        1.0434545779947988
      ],
      [
        0.3163135386132231,
        0.8814110445761161,
        0.8794699561364345,
        0.6193672363731522,
        0.9264563978024398,
        0.5427256007612533,
        0.4083887630548178,
        0.6107744015620413,
        0.9226428400353607,
        0.2804342912680098,
        0.7076706832362258,
        0.0,
        0.26971552337802596,
        0.7188131653105934,
        0.677646502258501,
        0.6551091023452211,
        0.8060200949653988,
        0.4347181633672972,
        0.35252010564529535,
        0.8545186432954992,
        0.7406965564010819,
        0.7139458165699875,
        0.5215644019546893,
        0.305155104760639,
        0.6466273413642525,
        0.559010385796932,
        0.6017392936266581,
        0.6580134226033759,
        0.783897397534355,
        0.9315542925057642,
        0.815666776512906,
        0.19311364834305397,
        0.12333275742975901,
        0.3268960068969378,
        0.8467626337941809,
        0.81824062148948,
        1.0252587571465757,
        1.0781599168488833,
        0.7629158482051047,
        0.5276202995360411,
        0.8699122689640453,
        0.42887564092963626,
        0.7497297765747462,
        0.6410793066245989,
        0.8079460701538682,
        0.9047407804000056,
        0.3637723638327536,
        0.4166263759186556,
        1.008289413268938,
        0.9053724409487702,
        1.0512421943122205,
        1.0159595707328037,
        0.1979618642423987,
        0.43862838640819024,
        0.3970763447985505,
        0.6260837453615709,
        0.4350908032073853,
        0.29402648803600917,
        0.1035229760730601,
        0.1528113091178586,
        0.5787492390059956,
        0.4133995554954889,
        1.1142349755625838,
        0.9037571925813179,
        0.9315538993062586,
        0.76668840641889,
        0.7572661499857294,
        0.08214886069586436,
        0.47264012942929423,
        0.8920632517489444
      ],
      [
        0.12033953365061481,
        0.8783653242436528,
        0.8208256501084213,
        0.39817478340782003,
        0.7079755896522479,
        0.5668239706057232,
        0.13867323967679185,
        0.3410588781840153,
        0.6529273166573347,
        0.4262271770796304,
        0.4505262798202251,
        0.26971552337802596,
        0.0,
        0.4490976419325674,
        0.5268989043191356,
        0.38539357896719517,
        0.5363045715873729,
        0.5233262574567101,
        0.12271202109979398,
        0.5848031199174732,
        0.7376508360686185,
        0.7254277777389315,
        0.2518488785766634,
        0.03543958138261303,
        0.37691181798622647,
        0.33744390516984013,
        0.3320237702486322,
        0.38829789922534996,
        0.514181874156329,
        0.7458998646986466,
        0.54595125313488,
        0.2397031662843162,
        0.31147188997637965,
        0.057180483518911876,
        0.6262496001127817,
        0.548525098111454,
        0.7555432337685498,
        0.8084443934708574,
        0.49320032482707876,
        0.25790477615801505,
        0.6111354605130207,
        0.15916011755161033,
        0.5375367680014328,
        0.37136378324657293,
        0.5382305467758423,
        0.6350252570219796,
        0.1139192428453081,
        0.14691085254062963,
        0.8057895224377358,
        0.7177996467372376,
        0.8366535856092703,
        0.7462440473547777,
        0.41684885415199163,
        0.1689128630301643,
        0.2769641283131362,
        0.5616356495247856,
        0.4290063448311688,
        0.3832133128345231,
        0.37323849945108606,
        0.2682529458078919,
        0.30903371562796966,
        0.21016510817304004,
        0.8445194521845578,
        0.6852062797028637,
        0.7103449454287646,
        0.49697288304086407,
        0.4875506266077035,
        0.3518643840738903,
        0.32368537766657124,
        0.9047477035850063
      ],
      [
        0.5686914094228873,
        1.0850421048452032,
        1.0240347823309162,
        0.7275730280380432,
        0.7377834466109514,
        0.9897690263469711,
        0.5877708816093592,
        0.34576608759765914,
        0.46126024044855757,
        0.8753248190121978,
        0.23920240056298028,
        0.7188131653105934,
        0.4490976419325674,
        0.0,
        0.8594052696324971,
        0.37132647988866785,
        0.1631264066073076,
        0.9724238993892775,
        0.5718096630323614,
        0.15293754577363528,
        1.1867484780011859,
        1.1641537277732967,
        0.48833844615587785,
        0.48453722331518045,
        0.28363367276232915,
        0.6668421498000633,
        0.32237877944272253,
        0.28725970893845193,
        0.4460754325027574,
        0.9135479090363454,
        0.11412564301383395,
        0.6240845348635368,
        0.7467187739831596,
        0.5062781254514793,
        0.6203535421177665,
        0.3721585081061279,
        0.6197796245743954,
        0.6930866322477098,
        0.04410268289451136,
        0.28093039949856136,
        0.34150887245856865,
        0.6082577594841777,
        0.7015367282847492,
        0.25558851955776907,
        0.5391321579240966,
        0.4222243944573783,
        0.5630168847778755,
        0.48012930855643043,
        0.8754947278235297,
        0.8573533662986591,
        0.8466220672295994,
        0.5916802320854084,
        0.8362433790104369,
        0.47249240796243985,
        0.7260617702457036,
        1.010733291457353,
        0.8781039867637361,
        0.8323109547670905,
        0.8223361413836534,
        0.6806925005084056,
        0.3183005083950712,
        0.42236838855040887,
        0.7450701008257077,
        0.7257664024470919,
        0.6538703895964392,
        0.4077070983606757,
        0.03845298467513607,
        0.7492705791616163,
        0.762601939374773,
        1.2193317144240572
      ],
      [
        0.6162912939422304,
        0.6228789259458594,
        0.5210455998164192,
        0.21191171670999576,
        0.3767405109433064,
        0.40555622657189894,
        0.3883183763984263,
        0.538390211111562,
        0.69015838719257,
        0.43330587013489474,
        0.6553980115400875,
        0.677646502258501,
        0.5268989043191356,
        0.8594052696324971,
        0.0,
        0.48807878974382923,
        1.0203577652316747,
        0.285732066152741,
        0.6457694308024293,
        0.834101662259483,
        0.5969526718019764,
        0.5668432915204262,
        0.38569733191587563,
        0.5475325474896555,
        0.576166327065619,
        0.20719362827169013,
        0.5525043322753067,
        0.5748293608062104,
        0.5200487783219568,
        0.4287541169678924,
        0.8328213123068617,
        0.7142046595126712,
        0.6662222211643786,
        0.4918341242862807,
        0.3422389464949497,
        0.6341201169824714,
        0.7516088184017871,
        0.6754376128502462,
        0.871240577476205,
        0.7722112304205841,
        0.7436888020639678,
        0.36876488406622643,
        0.19831796656190012,
        0.603816750074728,
        0.44284944543090704,
        0.6966819879580277,
        0.6408181471644436,
        0.5456498822905425,
        0.46683761933581214,
        0.3873602678537943,
        0.5000606732186013,
        0.7533439665816593,
        0.744937096732935,
        0.5963668879361652,
        0.2805701574599505,
        0.5423791584358253,
        0.3543973546013039,
        0.39778602729389995,
        0.5741235261854409,
        0.7183199000147196,
        0.5817821592061713,
        0.7367590787002952,
        0.5948329304146541,
        0.3544946108245435,
        0.4101141862943494,
        0.5419787673872966,
        0.8664279492201007,
        0.6220804157229223,
        0.20911687585887478,
        0.7430883687060952
      ],
      [
        0.5020799012790088,
        0.7162498020534975,
        0.6557835861657751,
        0.41332079570581454,
        0.37041756554501776,
        0.6755167940147424,
        0.3482758510136636,
        0.050314938003761314,
        0.2749121787157661,
        0.6358297884165022,
        0.1673192217962583,
        0.6551091023452211,
        0.38539357896719517,
        0.37132647988866785,
        0.48807878974382923,
        0.0,
        0.5322789754878455,
        0.704007955001084,
        0.4838019933960603,
        0.3460228725156537,
        0.8406380611042785,
        0.8499014954410681,
        0.1740862138236492,
        0.36986455408095686,
        0.08808753732178973,
        0.35258991746783463,
        0.07589491217761235,
        0.08675057106238111,
        0.13026017554310768,
        0.5422668808111238,
        0.34474252256303245,
        0.6250888894835299,
        0.6860006211782631,
        0.3298666868799116,
        0.25025819287885975,
        0.18104223296846245,
        0.371178001211252,
        0.42452269485763605,
        0.38316178773237575,
        0.5945432370118855,
        0.27588284376529515,
        0.37083435690363376,
        0.3330794763740768,
        0.11573796033089881,
        0.18577030855146506,
        0.26576533619995335,
        0.49030540348242746,
        0.2474277342019284,
        0.508126583191555,
        0.48604233465246266,
        0.49903801329704844,
        0.3608612250263999,
        0.7913962932844829,
        0.2662080191774914,
        0.4987557436130732,
        0.7747836506996431,
        0.5828745290847674,
        0.5928159241713948,
        0.7586320784182812,
        0.6510072333127697,
        0.135350276407751,
        0.5259746012140277,
        0.4596424825850532,
        0.356974099655386,
        0.35825920467712297,
        0.11209591344135948,
        0.37834915947627146,
        0.7040106914052724,
        0.4483497070425444,
        0.8788343468913178
      ],
      [
        0.5607824655307204,
        1.248168511452511,
        1.1871611889382239,
        0.8906994346453507,
        0.9000232388910326,
        1.074925465120897,
        0.6382886035009391,
        0.5088924942049667,
        0.612511800412259,
        0.9258425409037776,
        0.4011870050353873,
        0.8060200949653988,
        0.5363045715873729,
        0.1631264066073076,
        1.0203577652316747,
        0.5322789754878455,
        0.0,
        1.0470324916844456,
        0.6562306375513899,
        0.27713203744167775,
        1.24902232973933,
        1.2284909772448116,
        0.6514648527631854,
        0.5011227871723964,
        0.44676007936963674,
        0.8299685564073709,
        0.4855051860500301,
        0.4503861155457595,
        0.6089111760366108,
        1.0745458562989694,
        0.2450555644110351,
        0.661564512599022,
        0.7800719927236871,
        0.5304355161868818,
        0.7825371683667053,
        0.5302297047896153,
        0.7731501672592425,
        0.8477816733289241,
        0.16798229204758888,
        0.40481000865163885,
        0.4851192856693895,
        0.6604003702073258,
        0.8646631348920568,
        0.41871492616507666,
        0.7022445774941481,
        0.5719927345859745,
        0.6490010879056165,
        0.6258836877057192,
        1.0377345201036108,
        1.0183213101403081,
        1.0093728867600809,
        0.743265522073661,
        0.8733991992413587,
        0.6356188145697474,
        0.7883356219838475,
        1.0730071431954968,
        0.9408884717593904,
        0.8828286766586704,
        0.9095430710384589,
        0.7160830922758648,
        0.4814269150023788,
        0.44255227799239566,
        0.9030724966796394,
        0.8888928090543995,
        0.8166212091269206,
        0.5704579178911571,
        0.19712385671127447,
        0.7939483674810707,
        0.8242402788059453,
        1.3780025864601957
      ],
      [
        0.6389606790094526,
        0.45193509382426966,
        0.4564403093790593,
        0.4001465671789976,
        0.6449728226500201,
        0.11982416041915794,
        0.4088003904727622,
        0.6826146203731214,
        0.970897882512822,
        0.17221313522080958,
        0.8323975941842399,
        0.4347181633672972,
        0.5233262574567101,
        0.9724238993892775,
        0.285732066152741,
        0.704007955001084,
        1.0470324916844456,
        0.0,
        0.6460382785565041,
        0.9894610943739395,
        0.3112206056492355,
        0.2811112253676853,
        0.529921741177435,
        0.5557999518271476,
        0.7385297266432482,
        0.35141803753324946,
        0.6967287415368661,
        0.7501418769555603,
        0.800788273642209,
        0.6295364981199543,
        0.9898531640704187,
        0.5919337350741645,
        0.48609026388952803,
        0.5177216687839714,
        0.60195872077603,
        0.885048492132982,
        1.0113285926828675,
        0.9351573871313266,
        0.9690142865542871,
        0.7804786347580761,
        0.9762880038950603,
        0.38683850882480575,
        0.4665502782686138,
        0.7626716677755436,
        0.6873606136793997,
        0.9480121518698936,
        0.6372455003020182,
        0.5898125895320125,
        0.7350699310425257,
        0.655592579560508,
        0.7682929849253148,
        1.0340834619019112,
        0.5150792230479186,
        0.6438299602404789,
        0.25964433609527976,
        0.25664709228308435,
        0.12159881438414567,
        0.19483766105419625,
        0.3311951872942371,
        0.5382370211483282,
        0.7099409040912896,
        0.7334913656297501,
        0.8731781722400108,
        0.6227269225312572,
        0.679096879176505,
        0.8099347442347762,
        1.0108768840644136,
        0.44199753685653087,
        0.26628975390976994,
        0.45735630255335424
      ],
      [
        0.1410646398999494,
        0.8274357213957988,
        0.8789096834133266,
        0.520886804507614,
        0.8306876107520419,
        0.6895359917055172,
        0.26138526077658586,
        0.4406351593430612,
        0.7534456168320707,
        0.5489391981794244,
        0.5570482477434817,
        0.35252010564529535,
        0.12271202109979398,
        0.5718096630323614,
        0.6457694308024293,
        0.4838019933960603,
        0.6562306375513899,
        0.6460382785565041,
        0.0,
        0.6675782237733621,
        0.6942766540066293,
        0.65241665198292,
        0.34930300962719074,
        0.1579541666447469,
        0.4804014203058591,
        0.4601559262696341,
        0.4335046016004083,
        0.4915845697301107,
        0.611961284670326,
        0.7637464859001294,
        0.6427060761321168,
        0.19763867588941406,
        0.26573510428925695,
        0.15393530651614867,
        0.7316106717157607,
        0.6501382589200257,
        0.8532050352029608,
        0.9062238039848542,
        0.615601084806358,
        0.378773368202308,
        0.7148836753367672,
        0.2818721386514043,
        0.6602487891012268,
        0.47485290539901015,
        0.634988384404081,
        0.7368971815363266,
        0.012493609435079923,
        0.2544221114934358,
        0.8150056481330392,
        0.7021408638397021,
        0.88903623857353,
        0.8444560450320033,
        0.3598046253484004,
        0.28756028688790114,
        0.39967614941293017,
        0.6843476706245796,
        0.5517183659309628,
        0.505925333934317,
        0.4228075139731766,
        0.19970879652743678,
        0.4145232461246026,
        0.28253325489903297,
        0.9432347410188302,
        0.8079183008026576,
        0.8330569665285585,
        0.5956881718751366,
        0.6102626477074974,
        0.2959482808192341,
        0.4463973987663652,
        0.8363240309491017
      ],
      [
        0.6919705262192478,
        1.0380202350898473,
        0.9994033232400951,
        0.7122540198408494,
        0.6847539298011458,
        0.9744500181497772,
        0.6021568138577602,
        0.3327870540535409,
        0.34129411365858214,
        0.8864530734846705,
        0.17981364027489977,
        0.8545186432954992,
        0.5848031199174732,
        0.15293754577363528,
        0.834101662259483,
        0.3460228725156537,
        0.27713203744167775,
        0.9894610943739395,
        0.6675782237733621,
        0.0,
        1.0621587360117295,
        1.104018738035439,
        0.473086434331638,
        0.5636571822904528,
        0.2644114524928707,
        0.6515231416028694,
        0.3099519178962554,
        0.2616307701482622,
        0.3758154476607885,
        0.8742419804068255,
        0.038851866782593183,
        0.7548684717219389,
        0.8775027108415617,
        0.5276226363985613,
        0.5745488157045027,
        0.27418341009845615,
        0.5025365157997415,
        0.578269625156558,
        0.11886703318601469,
        0.35569474979006466,
        0.2098869063075305,
        0.6184162021837099,
        0.6775016386112365,
        0.2433813697963931,
        0.4857676382439167,
        0.29989258796051627,
        0.680071833208442,
        0.4419558222525729,
        0.8136024646289561,
        0.814782573918894,
        0.7771540588607335,
        0.4709801648791449,
        0.967027315868839,
        0.43458233276821373,
        0.7298167582786597,
        1.014488279490309,
        0.8818077532198023,
        0.84293304340303,
        0.9580416193685592,
        0.8114764373668077,
        0.2795201902826498,
        0.5629592061891787,
        0.6420085485924613,
        0.6787445326917358,
        0.5844023812275733,
        0.3382390899918098,
        0.15663483349012855,
        0.8674524279766088,
        0.7472829311775792,
        1.2232565091284775
      ],
      [
        0.8353412939065787,
        0.1407144881750342,
