{
  "sol": {
    "z": 2.7333025990822164,
    "tours": [
      [
        0,
        7,
        15
      ],
      [
        1,
        19,
        18,
        8,
        22,
        5,
        2,
        27
      ],
      [
        25,
        10,
        9,
        20,
        16,
        23,
        24,
        17,
        6,
        4
      ],
      [
        3,
        4,
        13
      ],
      [
        26,
        11,
        12,
        5
      ],
      [
        14,
        69,
        0
      ],
      [
        21,
        7
      ]
    ]
  },
  "params": {
    "gm": [
      [
        0.0,
        0.8399630170373583,
        0.34110046649919157,
        0.9904939582652466,
        0.9034171057149227,
        0.3740818553194585,
        0.9032164610902783,
        0.061139966316437956,
        0.5605027118604815,
        0.7494906371620774,
        0.6894177542400539,
        0.6116785808419719,
        0.5660414674603023,
        1.1328145710745812,
        0.3587155104054355,
        0.19917788784863935,
        0.9239727904821686,
        0.7709757042933585,
        0.6279975014055482,
        0.7753637002456599,
        0.7720425504906787,
        0.2652810742899087,
        0.37872982662145455,
        0.8761853126621644,
        0.25311527284794266,
        0.5579131095344072,
        0.7324298421373825,
        0.42802710558614865,
        0.7403399800227717,
        0.47571513771809065,
        0.8541214286038561,
        0.9889926171042651,
        0.18649445533226008,
        0.14595014424128064,
        0.7844261542091844,
        0.5822374059388369,
        0.3308187057534605,
        0.8194241353452167,
        0.26904635276849054,
        0.5886800287128934,
        0.8634028030680201,
        0.6536519481698316,
        0.08669546188936268,
        0.8757151200418132,
        0.5716854226577998,
        0.08955747530570313,
        0.6170782699500287,
        0.46145169052628315,
        0.22201388277892442,
        0.9362949575827239,
        0.5678446814922231,
        0.19015099800747728,
        0.8890713854871456,
        0.6613484249615305,
        0.36199972164623984,
        0.4810844249072879,
        0.3434740932585987,
        0.8757293455893509,
        0.3469146800160118,
        0.2617790871854005,
        0.11352882004482166,
        0.7931671851097755,
        0.12924729819312425,
        0.991818280267939,
        0.6172939365726662,
        0.6655576916044939,
        1.082392397708621,
        0.3096945345570016,
        0.41607695239606995,
        0.7532793175166927
      ],
      [
        0.8399630170373583,
        0.0,
        0.6079060943909933,
        0.314191840085152,
        0.0634540886775644,
        0.6040891670197921,
        0.06325344405291995,
        0.9011029833537962,
        0.3579072260107903,
        0.5295159598032024,
        0.5733486388538155,
        0.9251760682817612,
        0.9059159968986672,
        0.3010347480967914,
        0.6710727692299026,
        0.8112216346713207,
        0.4530507806582417,
        0.14553616678346962,
        0.2852157524510769,
        0.13986706581205807,
        0.5817670297084225,
        1.04767663178249,
        0.5402899184312471,
        0.2883696229632884,
        0.6600979810086824,
        0.6605044924998293,
        0.8711958704052759,
        0.6370155493269603,
        0.6818101572258224,
        0.7977172160324758,
        0.23201233221270215,
        0.3220325193412897,
        0.8453689491012654,
        0.7672631096153445,
        0.6755077491281547,
        0.9490748011637906,
        0.7328623854416879,
        0.5428729441958573,
        0.6875439094241446,
        0.48897335666679387,
        0.09161531270750062,
        0.30461888952781974,
        0.926658478926721,
        0.395070533782399,
        0.6991002311664125,
        0.8262830176841083,
        0.6806509782299814,
        0.7833226132018042,
        1.0619768998162826,
        0.34643287811181117,
        0.3469627052233895,
        0.9115846706094246,
        0.49298252229617157,
        0.3095728047982916,
        0.795199674499492,
        0.47432613243947763,
        0.653970389822908,
        0.3399826038233348,
        0.5676741920277837,
        0.8447641633945244,
        0.95349183708218,
        0.4695992079840938,
        0.9692103152304825,
        0.40419443802277144,
        0.2998072431982941,
        0.8147314440266464,
        0.24242938067126255,
        0.8605145684546754,
        0.6084959809449029,
        0.9996699352308439
      ],
      [
        0.34110046649919157,
        0.6079060943909933,
        0.0,
        0.8061738671656612,
        0.6627462197731465,
        0.20813331281827452,
        0.6155880856075515,
        0.39851917737630416,
        0.2645867307839324,
        0.45635643805420795,
        0.39435962172768174,
        0.6619190091372614,
        0.6040960104792683,
        0.8857714045836637,
        0.36988801736309157,
        0.325587563927451,
        0.6317188397920424,
        0.46494618407960875,
        0.33239027893149603,
        0.4690821932786334,
        0.49945090557938887,
        0.5465959825941105,
        0.12333109334944217,
        0.5807960252975748,
        0.08798519365124895,
        0.322099369002759,
        0.7533136940431159,
        0.18351256848455968,
        0.6532742308762426,
        0.4932525604174482,
        0.5542156162506942,
        0.8004352225521127,
        0.32981887235006013,
        0.19515032225791096,
        0.68005063624826,
        0.6467301716741641,
        0.19394674602262985,
        0.5320923132623103,
        0.20558794554653717,
        0.4786386899027926,
        0.5675627051258958,
        0.49098368354306765,
        0.3628848102332837,
        0.5910284372008159,
        0.28699873981680235,
        0.2541702303266747,
        0.6351675091953053,
        0.47954092977155977,
        0.5593930938387907,
        0.6403789765061747,
        0.26180400802975246,
        0.3921713039838699,
        0.7786821228341545,
        0.3553077514990598,
        0.44985222656337515,
        0.370149062467712,
        0.34314449793016727,
        0.5801221231152986,
        0.042640815256692235,
        0.40125068287678556,
        0.4330816922740949,
        0.49810905259740335,
        0.4187638870820565,
        0.683874230377119,
        0.3093498866818462,
        0.7119004581459921,
        0.8292025540446223,
        0.36278676140172117,
        0.3526185451741166,
        0.810939198076649
      ],
      [
        0.9904939582652466,
        0.314191840085152,
        0.8061738671656612,
        0.0,
        0.324076023222317,
        0.8529930932328503,
        0.36914836756982616,
        1.0496527020595752,
        0.63309417894722,
        0.8437077998883544,
        0.8875404789389675,
        0.7695102604392597,
        0.7434306543344064,
        0.14232061280933464,
        0.7169780563049749,
        1.0743058433447068,
        0.7662562150522642,
        0.4597280068686216,
        0.5994075925362289,
        0.4540589058972101,
        0.8959588697935745,
        1.2557750325551553,
        0.8154768713676768,
        0.601613740657204,
        0.8490083591869693,
        0.9506028511083122,
        0.6858501986978329,
        0.9142422230699621,
        0.48625461477003207,
        0.7391640296064913,
        0.5458688718878947,
        0.07293252861734278,
        0.8969043645199927,
        0.8465615767447197,
        0.44989427600572,
        0.8000890094932914,
        1.0001206131882912,
        0.8570647842810093,
        0.7244204074995928,
        0.4340753937634908,
        0.40577669587604065,
        0.47982699995405,
        1.0051438926252163,
        0.7082383321187844,
        1.012268029502798,
        0.90093657023327,
        0.5689811784802578,
        0.7246077579040032,
        1.2105266185220616,
        0.6560450366659876,
        0.6220469194218725,
        0.9734807818049197,
        0.1787906822110196,
        0.6142236864318379,
        0.8418344723606658,
        0.5258633936995074,
        0.7110911588345031,
        0.6541744439084868,
        0.8331729684066237,
        0.9010287683168984,
        1.081527144883262,
        0.7837910480692458,
        1.0561357980433703,
        0.18826936815469644,
        0.5627937118499693,
        0.6666089088811379,
        0.16960451599954285,
        0.9984358733414033,
        0.6600332422049326,
        0.8311856244251898
      ],
      [
        0.9034171057149227,
        0.0634540886775644,
        0.6627462197731465,
        0.324076023222317,
        0.0,
        0.5406350783422277,
        0.05781983701893516,
        0.9645570720313607,
        0.40706453828461564,
        0.5328462213719553,
        0.5791542811260784,
        0.9853138702303603,
        0.9693507644392312,
        0.28195903065925504,
        0.7345075367704665,
        0.8630135922991202,
        0.4473236762276508,
        0.2056739687320687,
        0.3346528992171581,
        0.19901397014410604,
        0.5887086909592661,
        1.0971137785485712,
        0.5894472307050724,
        0.284618742669869,
        0.7095351277747637,
        0.7099416392659106,
        0.931333672353875,
        0.6807868801940254,
        0.7419479591744215,
        0.8611519835730398,
        0.23257877931769513,
        0.25857843066372527,
        0.868628231112266,
        0.7762145189729008,
        0.7108410410156292,
        1.0125095687043546,
        0.77943928802486,
        0.5505084664282315,
        0.6692077640754852,
        0.549111158615393,
        0.10997582175970329,
        0.3647566914764188,
        0.943292320452397,
        0.3896780796791593,
        0.6937077770631728,
        0.825159458355983,
        0.7407887801785805,
        0.8467573807423682,
        1.1086537430811727,
        0.3336705735116566,
        0.4036217311670902,
        0.9467096494049472,
        0.4543318797915053,
        0.37145876428463,
        0.858596191427353,
        0.5374912291877729,
        0.7174231520219525,
        0.3476858675393642,
        0.6232845114028513,
        0.9082169255935689,
        1.0138711119189476,
        0.4754048502563567,
        0.9984894790193253,
        0.37513942283871904,
        0.3534438992299024,
        0.8748692459752455,
        0.2187683956709608,
        0.9012074368888472,
        0.6716610776931982,
        1.059807737179443
      ],
      [
        0.3740818553194585,
        0.6040891670197921,
        0.20813331281827452,
        0.8529930932328503,
        0.5406350783422277,
        0.0,
        0.5984549153611628,
        0.4338760143035902,
        0.2849675794222499,
        0.5566021698811406,
        0.4946053535546145,
        0.5852209064879572,
        0.5275424779717441,
        0.8225941090014828,
        0.29355919755450754,
        0.5311189266997287,
        0.7319645716189751,
        0.5117631262492234,
        0.3576819917829907,
        0.5126007235389999,
        0.6054814627719739,
        0.6393629296093672,
        0.10258488700179312,
        0.6011631778400429,
        0.18019895165543165,
        0.46889092985004793,
        0.6763260907214302,
        0.36086875749386016,
        0.6293587125386964,
        0.4162649570957626,
        0.5779861949113373,
        0.7992135090059529,
        0.3279931527700382,
        0.23557944063067315,
        0.6525876118843046,
        0.5714160818788673,
        0.3994781087949075,
        0.6324662069123932,
        0.12857268573325756,
        0.4501347539009317,
        0.5910723909144128,
        0.5131782811345986,
        0.4026572421101693,
        0.6954621639871661,
        0.4417041749411764,
        0.28452438001375535,
        0.5581533557680655,
        0.40252677634432,
        0.5947499307660766,
        0.6607598251444922,
        0.36734074323748256,
        0.4060745710627195,
        0.7487710293173258,
        0.4608444867067899,
        0.3881804998296534,
        0.3417904627179245,
        0.2664618609297974,
        0.6054138359667933,
        0.17038187078005118,
        0.37153473098248024,
        0.47323603357671995,
        0.5983547844243361,
        0.4578544006770976,
        0.7297923902147734,
        0.3552680465195006,
        0.6353469256384681,
        0.7594034740131885,
        0.5683181241739989,
        0.275603285360837,
        0.7341252619142064
      ],
      [
        0.9032164610902783,
        0.06325344405291995,
        0.6155880856075515,
        0.36914836756982616,
        0.05781983701893516,
        0.5984549153611628,
        0.0,
        0.9170275260621201,
        0.35618617217044174,
        0.4750263843530201,
        0.5227736345144113,
        0.9295251907085758,
        0.9268850141201848,
        0.33794020569109406,
        0.7110855337018993,
        0.8127285101010704,
        0.3974517840521042,
        0.1716519477144796,
        0.28456361578421735,
        0.16336603540772215,
        0.532455064989292,
        1.047024477668727,
        0.5385688645908985,
        0.233163234474047,
        0.659445844341823,
        0.6598523558329699,
        0.8740646765552977,
        0.6261386218817324,
        0.6849579071170724,
        0.8377299805044726,
        0.17888961859981511,
        0.30020538837163063,
        0.8795371592619428,
        0.766610972948485,
        0.6808709576123879,
        0.9688945547707817,
        0.7259545867490965,
        0.4955444616525072,
        0.6917673032556322,
        0.4939796265910659,
        0.0528856177428835,
        0.3071617078542911,
        0.9343454609238577,
        0.33947757102279497,
        0.6435072684068084,
        0.8256308810172488,
        0.6859824611685881,
        0.8233353776738009,
        1.062304992583706,
        0.28732182301419,
        0.3598378724897409,
        0.924459837875776,
        0.49595883749941067,
        0.3381048866173128,
        0.835825476294954,
        0.5184265133481812,
        0.7079395019445924,
        0.29225960041146115,
        0.5770763002933421,
        0.8955374527608231,
        0.979481096473835,
        0.4190242036446896,
        0.9902245377726305,
        0.4167663805466244,
        0.3067247657109696,
        0.819080566453461,
        0.27541964567128113,
        0.8475182761709672,
        0.6525963618536065,
        1.0042049076321473
      ],
      [
        0.061139966316437956,
        0.9011029833537962,
        0.39851917737630416,
        1.0496527020595752,
        0.9645570720313607,
        0.4338760143035902,
        0.9170275260621201,
        0.0,
        0.5756175617572588,
        0.7712042952625122,
        0.7111314123404887,
        0.6389601255192863,
        0.5970407574901311,
        1.1919733148689098,
        0.40212572656835444,
        0.22089154594907415,
        0.9456864485826034,
        0.8024131085842323,
        0.6483319741179996,
        0.8032507058740088,
        0.7937562085911135,
        0.22484273785219744,
        0.4361485374985671,
        0.8918268562709011,
        0.31053398372505525,
        0.579626767634842,
        0.7658277468585384,
        0.44974076368658344,
        0.7783481562836327,
        0.5133678543468412,
        0.8700547590796768,
        1.0438837753145407,
        0.2150791237282688,
        0.2033688551183932,
        0.8224343304700452,
        0.6068917806815427,
        0.3525323638538953,
        0.8411377934456515,
        0.3264232457973932,
        0.643571186923169,
        0.8817223732494217,
        0.7110288411987342,
        0.08500683958496556,
        0.935588241017158,
        0.6315585436331446,
        0.14943059628104796,
        0.6550864462108896,
        0.4994598667871441,
        0.16087391646248647,
        0.9358570860320026,
        0.6252633923693357,
        0.1951984728941895,
        0.945226112701848,
        0.718767135838643,
        0.3890076134688791,
        0.5367418525897382,
        0.3895389044031021,
        0.8960638183018022,
        0.40433339089312437,
        0.28114630300261156,
        0.062453570411714815,
        0.8148808432102103,
        0.09890554674310068,
        1.0204423725497822,
        0.6459180288545094,
        0.6939751085022925,
        1.1435323640250588,
        0.3314081926574364,
        0.4734538454249726,
        0.7763339240063502
      ],
      [
        0.5605027118604815,
        0.3579072260107903,
        0.2645867307839324,
        0.63309417894722,
        0.40706453828461564,
        0.2849675794222499,
        0.35618617217044174,
        0.5756175617572588,
        0.0,
        0.3108075804786748,
        0.372804396805201,
        0.8001903625405891,
        0.7424601813101579,
        0.6442829831640156,
        0.5087680033031808,
        0.4565427938735088,
        0.4522885488362773,
        0.2267955468269735,
        0.07271441236074085,
        0.22763314411675004,
        0.37679656283041885,
        0.6912642337655599,
        0.18238269242045674,
        0.3162092945136424,
        0.3150351104296247,
        0.3184250320155027,
        0.7970506620959155,
        0.2836721377644298,
        0.6325284979367827,
        0.6193077290372836,
        0.29443719732241797,
        0.5613858029675173,
        0.5362805806812826,
        0.4145525676192009,
        0.6400544019575587,
        0.7833750762697982,
        0.3754251651270892,
        0.38745466547423757,
        0.35509469073318345,
        0.4212989494289999,
        0.3061048114921629,
        0.29326584806915257,
        0.5822870555945736,
        0.4104945845649163,
        0.4872801086339467,
        0.4735724756879646,
        0.597316250031515,
        0.6071597788107167,
        0.7364914782197453,
        0.37579224572224235,
        0.08237316381523269,
        0.608664938703987,
        0.5925265917384823,
        0.17587690728454003,
        0.6139170756900658,
        0.5128352992282721,
        0.48137956426821105,
        0.32044625654454345,
        0.23007607334046315,
        0.596727193661267,
        0.6380711321689736,
        0.37240780306906857,
        0.6381661324433464,
        0.44482481079252356,
        0.07030046709725073,
        0.7365050506769776,
        0.5927246659869402,
        0.507171156892145,
        0.5021252903607629,
        0.9216374212199046
      ],
      [
        0.7494906371620774,
        0.5295159598032024,
        0.45635643805420795,
        0.8437077998883544,
        0.5328462213719553,
        0.5566021698811406,
        0.4750263843530201,
        0.7712042952625122,
        0.3108075804786748,
        0.0,
        0.061996816326526226,
        1.0573354042114398,
        1.0139564988239176,
        0.8129665900441141,
        0.7801827039273992,
        0.5503127493134381,
        0.18360728423121117,
        0.5003674546811722,
        0.3835219928394156,
        0.4922786606245778,
        0.06598898235174404,
        0.7720596759912879,
        0.45401728287934756,
        0.267697936597172,
        0.5400532298996527,
        0.20546809602877705,
        1.1078582425745902,
        0.32243662211736146,
        0.9433360784154575,
        0.8894806487274636,
        0.3053089466970708,
        0.7752317727246507,
        0.7818837345099279,
        0.6466109159485409,
        0.9508619824362334,
        1.0524290398648484,
        0.4216882674784303,
        0.0766470849955628,
        0.6242407749335246,
        0.7321065299076748,
        0.4381072779766456,
        0.6040734285478273,
        0.8028239077346644,
        0.20316217548827412,
        0.18848409422370177,
        0.6706120415757983,
        0.9081238305101897,
        0.8749243770249755,
        0.9320782117249987,
        0.26650877605235307,
        0.3931807442939075,
        0.8440252119394052,
        0.9033341722171571,
        0.4866844877632148,
        0.88381803520889,
        0.8236428797069468,
        0.7528758817819708,
        0.18953335597986767,
        0.4481313198575549,
        0.8527116803854475,
        0.8319935680719805,
        0.061600222590393765,
        0.8585871559219747,
        0.7556323912711984,
        0.38110804757592553,
        1.0473126311556524,
        0.7504460300243012,
        0.5368079713642151,
        0.771271374561104,
        1.2064676879278728
      ],
      [
        0.6894177542400539,
        0.5733486388538155,
        0.39435962172768174,
        0.8875404789389675,
        0.5791542811260784,
        0.4946053535546145,
        0.5227736345144113,
        0.7111314123404887,
        0.372804396805201,
        0.061996816326526226,
        0.0,
        0.9953385878849136,
        0.9519596824973915,
        0.8150371842203243,
        0.718185887600873,
        0.49023986639141454,
        0.2373592180643606,
        0.5442001337317852,
        0.44551880916594183,
        0.5361113396751909,
        0.11101082725392786,
        0.71446041632909,
        0.39202046655282136,
        0.3102584303261685,
        0.4780564135731264,
        0.1551962717674284,
        1.087544966026605,
        0.26175187655975596,
        1.0053328947419837,
        0.8274838324009374,
        0.34990533513229743,
        0.822979022886042,
        0.7198869181834017,
        0.5846140996220147,
        1.0128587987627595,
        0.990432223538322,
        0.3627888191194823,
        0.13786085335777865,
        0.5622439586069984,
        0.7941033462342009,
        0.48193995702725867,
        0.6660702448743535,
        0.7408270914081382,
        0.247157645266095,
        0.12648727789717554,
        0.6086152252492721,
        0.9685541401221948,
        0.8129275606984493,
        0.8720053288029752,
        0.3096940636493094,
        0.4551775606204337,
        0.782028395612879,
        0.9653309885436833,
        0.548681304089741,
        0.8218212188823638,
        0.7645086841953938,
        0.6908790654554446,
        0.2333660350304807,
        0.3861345035310287,
        0.7907148640589213,
        0.7719206851499569,
        0.10374943086972163,
        0.7965903395954484,
        0.8176292075977245,
        0.44310486390245174,
        1.0597641301641152,
        0.7979019517730639,
        0.47485000244469366,
        0.7092745582345779,
        1.1444708716013468
      ],
      [
        0.6116785808419719,
        0.9251760682817612,
        0.6619190091372614,
        0.7695102604392597,
        0.9853138702303603,
        0.5852209064879572,
        0.9295251907085758,
        0.6389601255192863,
        0.8001903625405891,
        1.0573354042114398,
        0.9953385878849136,
        0.0,
        0.06049594113125364,
        0.9063729558351241,
        0.2920605282449272,
        0.7930568597624488,
        1.1802187712002117,
        0.7796399014982917,
        0.8164231488448875,
        0.7895624072792254,
        1.1063494151388413,
        0.8626267174393342,
        0.6178076701201323,
        1.0666066063257509,
        0.5804173810787039,
        0.9749229816219891,
        0.14688466740829542,
        0.8443660911369274,
        0.28729733251143413,
        0.2346414212769013,
        1.0158274308199164,
        0.759412237368343,
        0.4258778706124707,
        0.5129253218331558,
        0.32967964704240343,
        0.04225048587957938,
        0.8558657551598913,
        1.1331994412426922,
        0.45664822075469963,
        0.43620461619493567,
        0.9146535597842429,
        0.6223634828542847,
        0.5553270694696156,
        1.1349885178839676,
        0.9154757849550276,
        0.5595197198438077,
        0.34751342425371134,
        0.22008514957441325,
        0.737148083374122,
        1.136579146408358,
        0.775130401808703,
        0.45349697788965665,
        0.596595926074537,
        0.6816266583393956,
        0.250227893362074,
        0.49340330696334117,
        0.318810798272378,
        1.0448670523523256,
        0.6441534807939023,
        0.3593501028525502,
        0.6229416687921727,
        1.0990880187546352,
        0.5722880397355458,
        0.8759732295433368,
        0.7766492078348417,
        0.11044462425511482,
        0.9076554996607351,
        0.872012037254216,
        0.5336094061177454,
        0.1491322837164331
      ],
      [
        0.5660414674603023,
        0.9059159968986672,
        0.6040960104792683,
        0.7434306543344064,
        0.9693507644392312,
        0.5275424779717441,
        0.9268850141201848,
        0.5970407574901311,
        0.7424601813101579,
        1.0139564988239176,
        0.9519596824973915,
        0.06049594113125364,
        0.0,
        0.8679600722852292,
        0.23484322766876467,
        0.7358395591862863,
        1.1224885899697803,
        0.775862102949794,
        0.8137829722564965,
        0.7858019237206832,
        1.0629002217265922,
        0.8216928253436184,
        0.5600774888897011,
        1.058655779727951,
        0.5237313035867056,
        0.917354033161297,
        0.1704602895671818,
        0.7866978397353905,
        0.2617313778299185,
        0.2621631769289357,
        1.0097298821591338,
        0.7456257564225269,
        0.38223777568943046,
        0.46045517959421206,
        0.3065276872993396,
        0.06977224153161375,
        0.7980427565018982,
        1.08982053585517,
        0.3989697922384866,
        0.43356443960654467,
        0.9120133831958519,
        0.6197233062658937,
        0.514828078943406,
        1.0772583366535362,
        0.8584873249670064,
        0.50922485899266,
        0.37108904641259766,
        0.24760690522644763,
        0.7579146739526176,
        1.097575198258414,
        0.772490225220312,
        0.4177501583656686,
        0.5646399721233868,
        0.6789864817510046,
        0.20926725592581552,
        0.43618600638717864,
        0.2610806170419468,
        0.9871368711218942,
        0.5871650208058812,
        0.32172570829074915,
        0.5855760700976456,
        1.0485263726282894,
        0.536346879059744,
        0.8469530731384185,
        0.7740090312464507,
        0.10780444766672381,
        0.895120598584902,
        0.8147947366780535,
        0.47639210554158284,
        0.20732740828926693
      ],
      [
        1.1328145710745812,
        0.3010347480967914,
        0.8857714045836637,
        0.14232061280933464,
        0.28195903065925504,
        0.8225941090014828,
        0.33794020569109406,
        1.1919733148689098,
        0.6442829831640156,
        0.8129665900441141,
        0.8150371842203243,
        0.9063729558351241,
        0.8679600722852292,
        0.0,
        0.8356028494792979,
        1.0907807319746152,
        0.7251212654421978,
        0.42662903207591957,
        0.5734694689200497,
        0.4166892113050303,
        0.8703719158956229,
        1.3277574517667916,
        0.8266656755844723,
        0.5650356713738216,
        0.9390507294186867,
        0.9487582089688023,
        0.8270851750822035,
        0.9277396957696398,
        0.6258273651234055,
        0.8725485033369232,
        0.5143537590245627,
        0.15221142951038755,
        1.0051330087842985,
        0.9888821895540543,
        0.5907504280266288,
        0.9354945435938943,
        1.0185644191831331,
        0.8324243153236022,
        0.8667410203089274,
        0.5525240179017592,
        0.3860334927128699,
        0.585541094658924,
        1.1399096820312076,
        0.6682448975124361,
        0.9415244621174998,
        1.0432571830426047,
        0.7023656522106897,
        0.8579922316344352,
        1.3528472313313962,
        0.6083156423054634,
        0.6242214961270678,
        1.0843759756651057,
        0.3208794859745257,
        0.591464153745542,
        0.9604592655349887,
        0.6610136453368398,
        0.831255301165007,
        0.6296310848564736,
        0.8451382315346784,
        1.019933954061202,
        1.2171090525744899,
        0.7569585586687085,
        1.1674205922458072,
        0.204744256784605,
        0.5792686004798778,
        0.8053867031097769,
        0.06444969210937376,
        1.010299481623169,
        0.781176274305282,
        0.9724456276739484
      ],
      [
        0.3587155104054355,
        0.6710727692299026,
        0.36988801736309157,
        0.7169780563049749,
        0.7345075367704665,
        0.29355919755450754,
        0.7110855337018993,
        0.40212572656835444,
        0.5087680033031808,
        0.7801827039273992,
        0.718185887600873,
        0.2920605282449272,
        0.23484322766876467,
        0.8356028494792979,
        0.0,
        0.5009963315175217,
        0.888950547547372,
        0.5410188752810293,
        0.5814824156639217,
        0.5509586960519186,
        0.8291436182141388,
        0.6234884970140614,
        0.3263853108827241,
        0.8249636017209738,
        0.28889613187473273,
        0.6837050579477393,
        0.3867055804282409,
        0.5526118232150369,
        0.3911381334683902,
        0.12664444680257322,
        0.7748866544903691,
        0.6833914199689104,
        0.19861412718955965,
        0.23343623526496912,
        0.4352243076548028,
        0.2780020319338881,
        0.5638347633857215,
        0.8560467409586516,
        0.16498651182125001,
        0.28307883157753866,
        0.6830445020886875,
        0.41993994722135786,
        0.3303743974492178,
        0.843720294231128,
        0.6247215672921367,
        0.2877317970545237,
        0.26787642339564716,
        0.11224984397190164,
        0.5629996430308409,
        0.8640371558360058,
        0.5743292646072227,
        0.26573054627580844,
        0.5864267454377576,
        0.5285008737219985,
        0.12485641605569087,
        0.201342778718414,
        0.027542574619538494,
        0.7535988286994859,
        0.3533992631310114,
        0.1844519190589238,
        0.40890660535659595,
        0.8147606149534196,
        0.3690420777340296,
        0.7999524121439041,
        0.5790684704004316,
        0.34264767533548846,
        0.8328893810373265,
        0.5799515090092888,
        0.2415488778728182,
        0.4411413504804447
      ],
      [
        0.19917788784863935,
        0.8112216346713207,
        0.325587563927451,
        1.0743058433447068,
        0.8630135922991202,
        0.5311189266997287,
        0.8127285101010704,
        0.22089154594907415,
        0.4565427938735088,
        0.5503127493134381,
        0.49023986639141454,
        0.7930568597624488,
        0.7358395591862863,
        1.0907807319746152,
        0.5009963315175217,
        0.0,
        0.7247949026335293,
        0.6711719944758695,
        0.5284848274495204,
        0.674474415653201,
        0.5728646626420394,
        0.23697671979217622,
        0.4359033179860839,
        0.7727520883871513,
        0.41357275757869993,
        0.3587352216857679,
        0.8877019119457625,
        0.2288492177375093,
        0.870588781958314,
        0.6276407783200949,
        0.7509799911959267,
        1.0025974673650042,
        0.38567234318089944,
        0.34512803208992,
        0.8925299331013127,
        0.7789983634514097,
        0.13164081790482113,
        0.6202462474965774,
        0.46822424061712986,
        0.6775715342483556,
        0.7624246383734532,
        0.6986498112723707,
        0.2850328530782453,
        0.7272603567742212,
        0.4232306593902077,
        0.28873536315434245,
        0.7688727549131688,
        0.6132461754894233,
        0.3817654624115606,
        0.7950489724376478,
        0.46947013575905544,
        0.38932888585611664,
        0.9520082150334956,
        0.5629738792283628,
        0.5611776094948792,
        0.583089126350258,
        0.5285389061370601,
        0.7236059014218952,
        0.36074010623337316,
        0.4609569750340399,
        0.2816808187585424,
        0.5939892972611361,
        0.3179968976047652,
        0.8860364751900103,
        0.5115121314947375,
        0.8436440068530101,
        1.0368685995374443,
        0.11051664670836221,
        0.4489192778448328,
        0.9421376819979663
      ],
      [
        0.9239727904821686,
        0.4530507806582417,
        0.6317188397920424,
        0.7662562150522642,
        0.4473236762276508,
        0.7319645716189751,
        0.3974517840521042,
        0.9456864485826034,
        0.4522885488362773,
        0.18360728423121117,
        0.2373592180643606,
        1.1802187712002117,
        1.1224885899697803,
        0.7251212654421978,
        0.888950547547372,
        0.7247949026335293,
        0.0,
        0.4434405331507242,
        0.37957413647553645,
        0.43493338991989056,
        0.1995233055355719,
        0.9518196343934506,
        0.629379684617182,
        0.1647144265060936,
        0.6902068870551289,
        0.388838423350517,
        1.1468290718782974,
        0.49911109462411657,
        0.9706628917035788,
        1.0128397265875864,
        0.22128546558309006,
        0.6961804782710892,
        0.9309606583488872,
        0.7972589249458517,
        0.969125663790187,
        1.1667969802670914,
        0.6001480371838429,
        0.14236434999055742,
        0.7849651871064977,
        0.7650640520435256,
        0.3624396959307029,
        0.5955241962083245,
        0.9649934129212243,
        0.05801977091348294,
        0.3620494682974964,
        0.844177415649593,
        0.9479344756720305,
        0.9986963844981864,
        0.8938554877210598,
        0.11887231815154373,
        0.47515238927686887,
        0.9943928846120104,
        0.8919339273988692,
        0.5268378660062829,
        1.0047985023869261,
        0.7948293413550451,
        0.8614079729278336,
        0.13535171884788608,
        0.5962943891711205,
        1.0008830420332524,
        0.9703649463903604,
        0.13493303734871231,
        1.0208724897699972,
        0.7930175522926772,
        0.4184932085974044,
        1.0846977921771312,
        0.6607263286419502,
        0.7122092205090542,
        0.9289991898604704,
        1.269830162720058
      ],
      [
        0.7709757042933585,
        0.14553616678346962,
        0.46494618407960875,
        0.4597280068686216,
        0.2056739687320687,
        0.5117631262492234,
        0.1716519477144796,
        0.8024131085842323,
        0.2267955468269735,
        0.5003674546811722,
        0.5442001337317852,
        0.7796399014982917,
        0.775862102949794,
        0.42662903207591957,
        0.5410188752810293,
        0.6711719944758695,
        0.4434405331507242,
        0.0,
        0.15723476337615547,
        0.009939820770889299,
        0.5209374779055675,
        0.9081487142680458,
        0.40917823924743024,
        0.2934654097957961,
        0.5179735221613551,
        0.532523503424908,
        0.7256597036218063,
        0.5104469580811953,
        0.5362739904423528,
        0.6676633220836026,
        0.24008064119260772,
        0.464252399395794,
        0.7236710622739448,
        0.6250255600520778,
        0.5299715823446851,
        0.8190092655604976,
        0.6006193381275418,
        0.5142286561632863,
        0.5436883181456912,
        0.3434371898833242,
        0.14202562680765823,
        0.15908272274435012,
        0.7927600480274506,
        0.3896739076500711,
        0.6706874116289607,
        0.6840454681208415,
        0.5351148114465119,
        0.653268719252931,
        0.9632870250467187,
        0.36279174391973795,
        0.20317179517411135,
        0.7677937605601465,
        0.4601190404873805,
        0.16685237558378793,
        0.6658752913367202,
        0.35262824561215717,
        0.5421412342085683,
        0.31083409870130446,
        0.42406102427734665,
        0.7254707943399531,
        0.8629569300682618,
        0.44045070286206356,
        0.8486391248762233,
        0.5292185651999031,
        0.16152436490232194,
        0.6691952772431768,
        0.3674535078483942,
        0.7339459772089105,
        0.4867980941175824,
        0.8541337684473743
      ],
      [
        0.6279975014055482,
        0.2852157524510769,
        0.33239027893149603,
        0.5994075925362289,
        0.3346528992171581,
        0.3576819917829907,
        0.28456361578421735,
        0.6483319741179996,
        0.07271441236074085,
        0.3835219928394156,
        0.44551880916594183,
        0.8164231488448875,
        0.8137829722564965,
        0.5734694689200497,
        0.5814824156639217,
        0.5284848274495204,
        0.37957413647553645,
        0.15723476337615547,
        0.0,
        0.15705523669154006,
        0.4495109751911597,
        0.762460879331413,
        0.25509710478119757,
        0.27394629863243686,
        0.3748822285576056,
        0.3752887400487525,
        0.7701524165206982,
        0.35439473149206346,
        0.6036709950538942,
        0.6920221413980244,
        0.2422134173558171,
        0.5308592768803124,
        0.6089949930420234,
        0.4820473571642676,
        0.608545353404212,
        0.8557925129070935,
        0.44787026720906975,
        0.45112640164578444,
        0.4278091030939243,
        0.39330161266350283,
        0.23540530166247178,
        0.24893132073539684,
        0.6497818451396403,
        0.33778017220417544,
        0.5546544664734299,
        0.5410672652330314,
        0.5705210371959973,
        0.6798741911714575,
        0.8092058905804861,
        0.33935616062185897,
        0.09689142377921858,
        0.6615133891652537,
        0.5499676384784272,
        0.14908169444902236,
        0.6866314880508066,
        0.46850077189451633,
        0.5540939766289519,
        0.24773184418380262,
        0.2954529996500701,
        0.6694416060220079,
        0.7107855445297144,
        0.3773484483445617,
        0.7056609219884131,
        0.4142982847053186,
        0.0397739410100458,
        0.7059785245897727,
        0.5209823128660043,
        0.5778937506197787,
        0.5748397027215038,
        0.8911108951326996
      ],
      [
        0.7753637002456599,
        0.13986706581205807,
        0.4690821932786334,
        0.4540589058972101,
        0.19901397014410604,
        0.5126007235389999,
        0.16336603540772215,
        0.8032507058740088,
        0.22763314411675004,
        0.4922786606245778,
        0.5361113396751909,
        0.7895624072792254,
        0.7858019237206832,
        0.4166892113050303,
        0.5509586960519186,
        0.674474415653201,
        0.43493338991989056,
        0.009939820770889299,
        0.15705523669154006,
        0.0,
        0.5109976571346783,
        0.9114511354453771,
        0.41001583653720675,
        0.2841440085228133,
        0.5223615181136565,
        0.5323439767402925,
        0.7355107390741957,
        0.5110646782940484,
        0.5458744872508596,
        0.6776031428544919,
        0.23051494433654832,
        0.4575924008078313,
        0.7333099909512142,
        0.6294135560043792,
        0.5393220862922804,
        0.8289317713414314,
        0.6022479885715665,
        0.506139862106692,
        0.5534574787552349,
        0.3533585723374683,
        0.1325237356202298,
        0.16885188335389376,
        0.797148043979752,
        0.38090996442646813,
        0.6625986175723664,
        0.688433464073143,
        0.5450490459682621,
        0.6632085400238202,
        0.9641246223364953,
        0.35336903531527636,
        0.2075322848220375,
        0.7721542502080727,
        0.4698882010969242,
        0.17477494244051167,
        0.6758151121076095,
        0.36226717428942645,
        0.5517801628858376,
        0.30274530464471017,
        0.4284490202296481,
        0.7354106151108424,
        0.8657042762857237,
        0.4323619088054692,
        0.8530271208285247,
        0.527275490032715,
        0.1637802510746752,
        0.6791177830241106,
        0.36551043268120614,
        0.7345636974217636,
        0.4964370227948517,
        0.8640621464727437
      ],
      [
        0.7720425504906787,
