{
  "sol": {
    "z": 3.137435641178536,
    "tours": [
      [
        0,
        26,
        3,
        15,
        9,
        21,
        4,
        1,
        22,
        18,
        23,
        27
      ],
      [
        27,
        13,
        17,
        19,
        8,
        6,
        16,
        14,
        7,
        5,
        12
      ],
      [
        25,
        69,
        24,
        11,
        20,
        2,
        10,
        4
      ]
    ]
  },
  "params": {
    "gm": [
      [
        0.0,
        0.3836158339409316,
        0.799261075979721,
        0.05812045308007766,
        0.41504579593734847,
        0.5375820470466726,
        0.23974815044668663,
        0.5139632062650755,
        0.8844420044132739,
        0.21752162494371868,
        0.27499753714027114,
        0.8117566510514176,
        0.7954394819487196,
        0.7828735197675741,
        0.4571627076764554,
        0.16694631459565792,
        0.391984397573809,
        0.8427968385045406,
        0.8196896063908483,
        0.8223596382933074,
        0.8350160192018539,
        0.30971941607475906,
        0.6024617887183721,
        0.8260879126482719,
        0.9063661697109643,
        0.9401844550316794,
        0.0328204740674209,
        0.7094116153094001,
        0.16962066420151323,
        0.6707456898383503,
        0.6300023500679296,
        0.8938708848315198,
        0.70843142844359,
        0.8208523731270975,
        0.2969453727553981,
        0.8397285648375976,
        0.1515497472953688,
        0.6370818695073903,
        0.609907789717064,
        0.6760014419408134,
        1.0292047482293345,
        0.8880697510737516,
        0.44182466140019083,
        0.11595953216751194,
        0.5768359044921758,
        0.7456992865490495,
        0.39125809332216066,
        0.7397751188629251,
        0.19655723000759356,
        1.0251645001001075,
        0.4385611091780169,
        0.8323691713684485,
        0.8007012311875082,
        0.569505927480479,
        0.38216442927481875,
        0.18300779155856012,
        1.0774440890149415,
        0.42480706774114385,
        0.7358186650771297,
        0.24885211053939849,
        0.3355970853918378,
        0.7069462750639288,
        0.48789798054427164,
        0.4707642928961707,
        0.7376675426641659,
        0.3790833856759662,
        0.7219826242018155,
        0.8656069629183867,
        0.6969958726335199,
        1.2720367004528075
      ],
      [
        0.3836158339409316,
        0.0,
        1.0158789609628704,
        0.33486694715351584,
        0.2789871664271602,
        0.5600724596022048,
        0.5065612057242372,
        0.7916535154497498,
        0.6406791869710564,
        0.17150170107763713,
        0.4603871112399874,
        0.8959107520863179,
        0.7784982514948997,
        0.5404041254948021,
        0.6629046961608055,
        0.28494044288400966,
        0.5672153470434759,
        0.5903202644344383,
        0.4478727358313263,
        0.6128707004444233,
        0.8729858868497766,
        0.20879167221991451,
        0.24504848274085658,
        0.5212347719380993,
        0.9453397005406536,
        0.8132513894535468,
        0.35226897332416734,
        0.5768543504520505,
        0.24707410954881234,
        0.7114507933799786,
        0.4164423898388578,
        0.7669378192533871,
        0.6553310957810705,
        0.5980882019284285,
        0.4297474395114789,
        0.8964895835573425,
        0.5351655812363004,
        0.26742916627138114,
        0.24295772102918917,
        0.698565200050425,
        0.8157777230251396,
        0.9568057258107363,
        0.7306021289043003,
        0.42681790318020235,
        0.19572947546360617,
        0.37873197257644625,
        0.05091760841287644,
        0.7357390430860073,
        0.5301355822592835,
        0.791504244875079,
        0.7170292966547744,
        0.6967181430635374,
        0.5688849984028986,
        0.7526340186101621,
        0.1965508954854322,
        0.22954739073468788,
        0.8553294900280333,
        0.20269246875423547,
        0.758309077632662,
        0.1503174216020884,
        0.24837771778209844,
        0.7120076163952447,
        0.6708169436040219,
        0.22700147545395324,
        0.370717473976291,
        0.34760942659091076,
        0.7705385394961152,
        0.9056076815693875,
        0.4517313066867956,
        1.0575098190702845
      ],
      [
        0.799261075979721,
        1.0158789609628704,
        0.0,
        0.8463506023965114,
        0.7603083376418776,
        0.47922304446683295,
        0.5741770058745249,
        0.30778194044150603,
        1.0013828369606532,
        0.9027496480816455,
        0.5974917028629951,
        0.21390063702483467,
        0.5075804890572639,
        0.9362310342840445,
        0.35540809547645275,
        0.9566629871183869,
        0.4486636139193946,
        0.8900960631918177,
        1.2642865786535862,
        0.7858107226106861,
        0.22714100476093835,
        0.810551856950605,
        1.08915177940768,
        1.08551277318667,
        0.3394424815612364,
        0.6723559768586068,
        0.8320815500471419,
        1.0154289784082224,
        0.9579369020136828,
        0.42153330161485886,
        0.8070378182928001,
        0.6276662137416247,
        0.5692831453384448,
        0.8173566361767027,
        0.6289913734947029,
        0.23699522069607712,
        0.707302362670252,
        1.1373331311551353,
        1.111412146195677,
        0.5113094824763869,
        0.8728113709390674,
        0.23297837024356305,
        0.374354415135123,
        0.8952511537202551,
        1.1244929358484228,
        1.2135513562838267,
        0.9845305670000817,
        0.43658435549156194,
        0.6027101858343593,
        0.9502458251063377,
        0.37029384239743773,
        0.6123962375895722,
        0.9900051341884688,
        0.4731576484917688,
        0.8352535773777687,
        0.9717412104913936,
        0.7813742567058881,
        0.8467955073869341,
        0.341817813978053,
        0.8858775340858402,
        0.8319467621620704,
        0.5115414393454827,
        0.39412101642485176,
        0.8654401606608202,
        1.1573651904602182,
        0.6707269981565804,
        0.38170838671788115,
        0.34253134561959375,
        0.8458796248778255,
        0.9287695954227357
      ],
      [
        0.05812045308007766,
        0.33486694715351584,
        0.8463506023965114,
        0.0,
        0.3569253428572708,
        0.5957025001267502,
        0.2978686035267643,
        0.566697365249397,
        0.8345573976720044,
        0.1713604923877809,
        0.3331179902203488,
        0.8698771041314953,
        0.8113587144263408,
        0.732125980806221,
        0.5152831607565331,
        0.11086838662371695,
        0.45010485065388667,
        0.7846763854244628,
        0.7738122991838826,
        0.7642391852132298,
        0.8620525538673998,
        0.26355828351882127,
        0.5578217726141814,
        0.8207316516205572,
        0.9113348657976974,
        0.968690896602541,
        0.027464213039706243,
        0.7040553542816854,
        0.11158629961717133,
        0.6676602570134793,
        0.571881896987852,
        0.9223773264023813,
        0.7665518815236677,
        0.7627319200470197,
        0.35506582583547575,
        0.8780152266115651,
        0.208882780073099,
        0.5910375828165457,
        0.564137438974161,
        0.734121895020891,
        0.9710842951492569,
        0.9334419895395655,
        0.49458207897608597,
        0.113983102852863,
        0.5283698409304312,
        0.7004894785601103,
        0.3442879387010446,
        0.7392055156264018,
        0.25467768308767125,
        0.9670440470200299,
        0.49668156225809457,
        0.866510918690826,
        0.7605712950460994,
        0.6276263805605566,
        0.337112155192964,
        0.12539060809488228,
        1.0332409859279008,
        0.3806039646541032,
        0.7527467315018704,
        0.2046490074523578,
        0.2894359528359,
        0.7650667281440066,
        0.5460184336243493,
        0.42656118980913005,
        0.6918971919212629,
        0.40368997195911754,
        0.7272538958891651,
        0.870652981598592,
        0.6388754195534423,
        1.2139162473727299
      ],
      [
        0.41504579593734847,
        0.2789871664271602,
        0.7603083376418776,
        0.3569253428572708,
        0.0,
        0.28108529317504455,
        0.32449401843112335,
        0.5736483192418492,
        0.47763205481473364,
        0.2378979708352079,
        0.27485666133005887,
        0.6169235856591576,
        0.5397484664087862,
        0.3752006379489502,
        0.42286136939281366,
        0.3948449096426378,
        0.3322203693406036,
        0.42775104256719204,
        0.5457840656854924,
        0.4073138423559589,
        0.5939987204226164,
        0.1514878287109906,
        0.3288434417658024,
        0.49919142700718194,
        0.6734184959481958,
        0.6117655537452702,
        0.38438955589697704,
        0.4327012440541031,
        0.3534337332123907,
        0.4324636269528184,
        0.21495655413058115,
        0.5654519835451105,
        0.4538452600727939,
        0.405806577189749,
        0.2478774881276727,
        0.6175024171301824,
        0.4744880608774614,
        0.37702479351325785,
        0.3511038085537993,
        0.41957803362326473,
        0.6141589522919861,
        0.677818559383576,
        0.5218669420689453,
        0.4709084457101338,
        0.3641845982065454,
        0.47286388242927213,
        0.23427619802627184,
        0.49232491264306444,
        0.34826554608277227,
        0.610118704162759,
        0.5053342931579565,
        0.5095855758335552,
        0.4036459521888287,
        0.5031913725519668,
        0.08496903760381926,
        0.34397862459798784,
        0.7055960665251655,
        0.08648716974505657,
        0.4793219112055017,
        0.20971218039143943,
        0.15246486540523516,
        0.4507502175214082,
        0.4210726526389131,
        0.10513182301894265,
        0.3970568528183406,
        0.166632433368778,
        0.49155137306895497,
        0.6332246541637296,
        0.2819500766961715,
        0.8569909045154592
      ],
      [
        0.5375820470466726,
        0.5600724596022048,
        0.47922304446683295,
        0.5957025001267502,
        0.28108529317504455,
        0.0,
        0.2980589035289853,
        0.37768937555589804,
        0.616445170248157,
        0.4701308195974662,
        0.2758057009081712,
        0.3358382924841131,
        0.25866317323374155,
        0.5482663960521904,
        0.21284048141863576,
        0.6048191222642028,
        0.17271701105145096,
        0.5031977797946212,
        0.826869358860537,
        0.39486931128732017,
        0.3129134272475718,
        0.38014697474490877,
        0.6099287349408469,
        0.6972985719979419,
        0.39233320277315126,
        0.4047669515360518,
        0.5704025211140934,
        0.6263423146090626,
        0.5668993969468279,
        0.15137833377777388,
        0.4190829196594198,
        0.35845338133589216,
        0.18019421371720704,
        0.4295674548517724,
        0.2839181045443096,
        0.3364171239551378,
        0.4899167318973423,
        0.6581100866883024,
        0.6321891017288439,
        0.13849274044822021,
        0.5693149592125318,
        0.39673326620853144,
        0.35527055088706916,
        0.6332452200337277,
        0.64526989138159,
        0.7539491756043166,
        0.5153614912013164,
        0.21123961946801992,
        0.34102481703907894,
        0.6020858702743795,
        0.3348684480453969,
        0.2996732679432078,
        0.6018668933406777,
        0.2715088340511979,
        0.3660543307788638,
        0.5613090440212082,
        0.6607520734457112,
        0.36757246292010115,
        0.19823661803045717,
        0.45487842888499713,
        0.3527237176952374,
        0.16966492434636365,
        0.1893901141381442,
        0.3862171161939872,
        0.6781421459933852,
        0.26766302118527163,
        0.21046607989391042,
        0.3521393609886851,
        0.45681465935674004,
        0.7534197843304041
      ],
      [
        0.23974815044668663,
        0.5065612057242372,
        0.5741770058745249,
        0.2978686035267643,
        0.32449401843112335,
        0.2980589035289853,
        0.0,
        0.3063288396671443,
        0.7866935781523278,
        0.33505950464660006,
        0.049926027298522434,
        0.586685141209669,
        0.5557502024253609,
        0.6842565932603587,
        0.22567459582233557,
        0.4066944650423446,
        0.15418003079348117,
        0.7471587016026469,
        0.8582620990639633,
        0.6929282148163054,
        0.6099445093601052,
        0.30265099572375714,
        0.6386095336174529,
        0.8129540584959778,
        0.6671102481578847,
        0.7011482087106075,
        0.2725686245141075,
        0.7571952624852264,
        0.40936881464819985,
        0.43116433823157146,
        0.5394505725617045,
        0.6548346385104478,
        0.469952286465272,
        0.7276263583807576,
        0.08238927600913555,
        0.6146570549958489,
        0.1921160177172133,
        0.6837372902324309,
        0.6562246455996635,
        0.43652260694336187,
        0.8673448257076735,
        0.662998241232003,
        0.23786469249997655,
        0.33518631650474245,
        0.6512466928029261,
        0.7826299742809226,
        0.48301257288964494,
        0.5000782620543658,
        0.04319092043909307,
        0.9001447738033648,
        0.22872315746940827,
        0.5936502730490811,
        0.7174085836776246,
        0.33490547141060223,
        0.34562923492243447,
        0.42275594200524674,
        0.9587819399408528,
        0.3882285510181248,
        0.49629552155944245,
        0.370929450147754,
        0.3423258743311975,
        0.46753533265340796,
        0.2541119525384813,
        0.42451959637728326,
        0.7164446261766813,
        0.16251930728346087,
        0.4827267026487358,
        0.6263510413653071,
        0.5997836602041339,
        1.0505068135220235
      ],
      [
        0.5139632062650755,
        0.7916535154497498,
        0.30778194044150603,
        0.566697365249397,
        0.5736483192418492,
        0.37768937555589804,
        0.3063288396671443,
        0.0,
        0.9514065740803627,
        0.6413883443137444,
        0.3442556396914401,
        0.36986508580073973,
        0.6116957219042571,
        0.9160177860930672,
        0.16565239679636656,
        0.6775535074509066,
        0.24272219989730887,
        0.8555304753290576,
        1.1192902862133836,
        0.7681333671391668,
        0.3609879851971054,
        0.5841757772991354,
        0.9024824770280192,
        1.0521602181411938,
        0.5173523406443128,
        0.7548737797656309,
        0.5392331522096907,
        0.9940937046499395,
        0.6768513701472112,
        0.5269568553523731,
        0.7856280933845599,
        0.7085602095654712,
        0.5479456037580839,
        0.7917953766126482,
        0.37964755838823194,
        0.39628436198587197,
        0.40511558429225797,
        0.9505215267149896,
        0.9242999295766944,
        0.4885087641388364,
        0.9193309829031481,
        0.4381928933533265,
        0.0722178322717112,
        0.5994212916773278,
        0.9300983199862389,
        1.0465029176914888,
        0.7645342155415557,
        0.5724553235261316,
        0.3229297204700502,
        0.9753499261262262,
        0.0776249653983515,
        0.6543303488500123,
        0.9566147433228405,
        0.22676032474836738,
        0.6217755950899483,
        0.6897915322763912,
        0.938278609718209,
        0.6538046931659218,
        0.47566479441422005,
        0.6595014544343706,
        0.6238506559065757,
        0.5186239747123013,
        0.19004339389503946,
        0.6786380435468339,
        0.9705630733462318,
        0.44404408885883906,
        0.5188708814691076,
        0.4994356986319146,
        0.8245660493976168,
        1.0815061652481182
      ],
      [
        0.8844420044132739,
        0.6406791869710564,
        1.0013828369606532,
        0.8345573976720044,
        0.47763205481473364,
        0.616445170248157,
        0.7866935781523278,
        0.9514065740803627,
        0.0,
        0.6684271930873478,
        0.7367675508538053,
        0.7987074296641379,
        0.5103313128682405,
        0.10243698489196904,
        0.8040146851125456,
        0.8317737307096204,
        0.7503884602966007,
        0.11413660657985454,
        0.360670226288827,
        0.22245468734608662,
        0.7802239128793923,
        0.608210876976746,
        0.4080952991305624,
        0.13190900993331964,
        0.7458507675045207,
        0.6710517387503592,
        0.8516215303458531,
        0.18118771067530118,
        0.7883540547472492,
        0.5955199086541996,
        0.2783618713118188,
        0.6247381685501996,
        0.43625095653095,
        0.18825783599771584,
        0.7149802055022004,
        0.783977045341243,
        0.9415907782519891,
        0.3938148957854959,
        0.40627367082302646,
        0.5064833849295407,
        0.312722055934555,
        0.8232812263819762,
        0.9499571897080182,
        0.9355252768922228,
        0.47708611015406943,
        0.340787016256502,
        0.590016479741587,
        0.5694424905295653,
        0.8152078579864829,
        0.2511361505685333,
        0.9305054703911696,
        0.40733330268350554,
        0.09103461355688135,
        0.8208890321313544,
        0.5123064692458072,
        0.7762976560574592,
        0.38355668346324107,
        0.4616580453798055,
        0.6802776425693399,
        0.6355898938738754,
        0.6232290047899262,
        0.48987857879778046,
        0.7900539772024608,
        0.4136777115171032,
        0.2785139178759246,
        0.6387076373728856,
        0.6223444645306548,
        0.7147553194528911,
        0.20489630938987874,
        0.5391552780735968
      ],
      [
        0.21752162494371868,
        0.17150170107763713,
        0.9027496480816455,
        0.1713604923877809,
        0.2378979708352079,
        0.4701308195974662,
        0.33505950464660006,
        0.6413883443137444,
        0.6684271930873478,
        0.0,
        0.34510716422041327,
        0.7969181980303284,
        0.6994459182799925,
        0.569530976669925,
        0.5496529601132976,
        0.16334653762227255,
        0.45408603416225085,
        0.6427743181869984,
        0.6026408700133963,
        0.6387511203629426,
        0.7736588298798921,
        0.09219779113104037,
        0.38650757645407546,
        0.6626938656513182,
        0.862349472149294,
        0.8362679524764433,
        0.1847011508762978,
        0.6572036427852761,
        0.11992686165990145,
        0.6196183002561029,
        0.4394589528617541,
        0.7899543822762836,
        0.6503250333146733,
        0.6329758173952686,
        0.3144674924919048,
        0.806547943552604,
        0.3690355333851885,
        0.419907147770573,
        0.39289697961811215,
        0.6086235600456864,
        0.8466525029511972,
        0.8668640858059977,
        0.5729241971465766,
        0.27648254992318533,
        0.3597146562224136,
        0.5291457471380387,
        0.17373663865194064,
        0.6813704390654861,
        0.3782504250856931,
        0.8357831356705309,
        0.5637826621160084,
        0.7266900508204553,
        0.6236416146235702,
        0.6395047057289371,
        0.1657516628051831,
        0.10787046297011135,
        0.8631220958281101,
        0.21048507455431226,
        0.6683674376279234,
        0.035869945501153945,
        0.1180754604481191,
        0.6030072912866216,
        0.5605480280416483,
        0.25697338321087115,
        0.520656732565214,
        0.23232947957133665,
        0.6792047725712963,
        0.822000734971134,
        0.4959488978256534,
        1.0894844551746703
      ],
      [
        0.27499753714027114,
        0.4603871112399874,
        0.5974917028629951,
        0.3331179902203488,
        0.27485666133005887,
        0.2758057009081712,
        0.049926027298522434,
        0.3442556396914401,
        0.7367675508538053,
        0.34510716422041327,
        0.0,
        0.5367591139111465,
        0.5343748057347758,
        0.6343305659618362,
        0.24306367112331465,
        0.4419438517359291,
        0.1577846916777574,
        0.6974170789682625,
        0.8086948989203233,
        0.6704182318682994,
        0.5600184820615828,
        0.2529093730893729,
        0.5890423334738129,
        0.7652787603177741,
        0.656178330915171,
        0.673588290526057,
        0.30781801120769203,
        0.707557905384162,
        0.44461820134178437,
        0.4173232478865061,
        0.48981321546064005,
        0.6272747203258973,
        0.44014741914784433,
        0.6806632385198079,
        0.035584783422356984,
        0.5647310276973264,
        0.21936978376701127,
        0.6343725785803611,
        0.6069124725684921,
        0.4127926212121929,
        0.8436148399765045,
        0.6130722139334805,
        0.2786127998558788,
        0.3767075025426162,
        0.6013206655044037,
        0.7330627741372826,
        0.4332709502552607,
        0.48386187482755666,
        0.07844030713267758,
        0.8776347908553588,
        0.26734190366187643,
        0.5645966335844828,
        0.6697332854994209,
        0.3431953784674273,
        0.29633517419562055,
        0.44677876986715886,
        0.9350519542096839,
        0.33842693380720185,
        0.47404231893862836,
        0.32823505022460814,
        0.29258425169681324,
        0.44304356081019297,
        0.2659105985263779,
        0.3745974756762995,
        0.6665225054756974,
        0.1127776846490766,
        0.47179478540602215,
        0.6154191241225935,
        0.5500420375697496,
        1.0291314168314383
      ],
      [
        0.8117566510514176,
        0.8959107520863179,
        0.21390063702483467,
        0.8698771041314953,
        0.6169235856591576,
        0.3358382924841131,
        0.586685141209669,
        0.36986508580073973,
        0.7987074296641379,
        0.7969181980303284,
        0.5367591139111465,
        0.0,
        0.29584080257286155,
        0.7379039824384649,
        0.5355174825971063,
        0.9406574147483158,
        0.5003543710206713,
        0.6857711040597659,
        1.0640645602267402,
        0.5794281053699348,
        0.02325936815043633,
        0.704720406899288,
        0.9457670274249599,
        0.8872981478945648,
        0.1502799631652187,
        0.45885402044355506,
        0.8445771251188385,
        0.8152069599813765,
        0.9027376894309409,
        0.21611971556560705,
        0.6016165591129972,
        0.4139287669985665,
        0.3706749058451292,
        0.612077791857196,
        0.5723438973335034,
        0.027971913786179917,
        0.7507262844162712,
        0.9660241487497033,
        0.9381816127446089,
        0.30533843666402216,
        0.6686187912624879,
        0.07631310002233406,
        0.4420829180724509,
        0.9134666164537627,
        0.981108183865703,
        1.0133293378569808,
        0.8511997836854295,
        0.22932292675607244,
        0.6151994210438241,
        0.7460532454297583,
        0.44749005119909124,
        0.40147521364457467,
        0.7917667238483965,
        0.5966254105491071,
        0.7018926232629769,
        0.8971473365053213,
        0.5771816770293086,
        0.7034107554042142,
        0.13760167445365593,
        0.7800460840345232,
        0.6885620101793505,
        0.3134000635627522,
        0.5252284066222572,
        0.7220554086781003,
        0.9899342482750042,
        0.6035013136693848,
        0.17689163794043428,
        0.1383387659430143,
        0.6467195045601211,
        0.7250127488039487
      ],
      [
        0.7954394819487196,
        0.7784982514948997,
        0.5075804890572639,
        0.8113587144263408,
        0.5397484664087862,
        0.25866317323374155,
        0.5557502024253609,
        0.6116957219042571,
        0.5103313128682405,
        0.6994459182799925,
        0.5343748057347758,
        0.29584080257286155,
        0.0,
        0.4617647536370016,
        0.4460433251078906,
        0.8334658624008388,
        0.4176349010810069,
        0.39626506989733057,
        0.8042081872052942,
        0.288197530346864,
        0.2805352820509276,
        0.6210453364393137,
        0.7793740219026961,
        0.6103666889259349,
        0.24016513820275462,
        0.16821528368117913,
        0.7838945013866345,
        0.5553605168906405,
        0.7955461370834639,
        0.14369845741286144,
        0.362055861656042,
        0.1276388506154981,
        0.13317000214842142,
        0.3220936771508547,
        0.5408184443453,
        0.27755780686668585,
        0.7478568768556196,
        0.7838726698511018,
        0.7560301338460074,
        0.12318695776542068,
        0.4961222838535503,
        0.31308823753236714,
        0.5928979332293102,
        0.8909365189301033,
        0.8217899808131446,
        0.7534828947662447,
        0.7276190810885572,
        0.07849301876666841,
        0.598882251941126,
        0.4954140893339234,
        0.5725257342243496,
        0.10586144438228161,
        0.5157089998962026,
        0.5301720072849395,
        0.6247175040126054,
        0.7899557841578442,
        0.5875593980867296,
        0.5947906122112487,
        0.20621616366265524,
        0.6912422691973369,
        0.5813704578318735,
        0.09643862699337093,
        0.44805328737188577,
        0.5553263321541899,
        0.7138765243228102,
        0.5131921119964424,
        0.1316641837508638,
        0.206004234041809,
        0.3861330480930384,
        0.4947566110966626
      ],
      [
        0.7828735197675741,
        0.5404041254948021,
        0.9362310342840445,
        0.732125980806221,
        0.3752006379489502,
        0.5482663960521904,
        0.6842565932603587,
        0.9160177860930672,
        0.10243698489196904,
        0.569530976669925,
        0.6343305659618362,
        0.7379039824384649,
        0.4617647536370016,
        0.0,
        0.7503653892967006,
        0.7320048452017992,
        0.7074210072895538,
        0.10594413443856045,
        0.3531578609174465,
        0.19073439428152159,
        0.7180048847912829,
        0.5068665722625745,
        0.40910541833395997,
        0.14956082726879935,
        0.7016344879022013,
        0.5769791575291777,
        0.7500530457001533,
        0.1189573678816197,
        0.6883594591643146,
        0.5272990451815147,
        0.18017015791448862,
        0.530665587329018,
        0.36807218233498334,
        0.15818726933551652,
        0.6135767303654032,
        0.7258644603536001,
        0.8401873031151919,
        0.36757914028982397,
        0.3800379153273546,
        0.4366082734122915,
        0.34621622988596795,
        0.7701849038607168,
        0.8966441348124228,
        0.8351984337253195,
        0.4508503546583975,
        0.3125775279002559,
        0.48974141826533263,
        0.511229626089541,
        0.7127708730945138,
        0.3023088616642206,
        0.8761651107986934,
        0.36619234078704066,
        0.05411063795364511,
        0.7839650565281182,
        0.4112618836185212,
        0.6743086283168385,
        0.4376533441191473,
        0.36115881202734823,
        0.6123194446785949,
        0.5340214092281756,
        0.5211247730750265,
        0.4246895949385618,
        0.7376565101903345,
        0.31340265004084883,
        0.25227816238025275,
        0.5367268311040038,
        0.5611909790664091,
        0.6676591811967652,
        0.10809203837709343,
        0.5863132272653421
      ],
      [
        0.4571627076764554,
        0.6629046961608055,
        0.35540809547645275,
        0.5152831607565331,
        0.42286136939281366,
        0.21284048141863576,
        0.22567459582233557,
        0.16565239679636656,
        0.8040146851125456,
        0.5496529601132976,
        0.24306367112331465,
        0.5355174825971063,
        0.4460433251078906,
        0.7503653892967006,
        0.0,
        0.6012548916419341,
        0.09570957960280473,
        0.689878078532691,
        0.9670320115327142,
        0.6060121097210122,
        0.5257539086662075,
        0.4574551689822572,
        0.7504274586146706,
        0.8993975652424522,
        0.605173684191787,
        0.5892213829692643,
        0.4899831817438763,
        0.828441307853573,
        0.6267833718779686,
        0.36421881519640964,
        0.6199756965881933,
        0.5429078127691046,
        0.3822932069617173,
        0.6285172036673394,
        0.27375189238088743,
        0.5492576053737735,
        0.39076107953795175,
        0.7988319488055482,
        0.7734267960375435,
        0.32285636734246986,
        0.7536785861067815,
        0.5883864657200157,
        0.14685500453717537,
        0.5588716214298349,
        0.7855331495785084,
        0.8944478992781404,
        0.6312100970699381,
        0.4237530657421738,
        0.26060547766886183,
        0.8132286687080715,
        0.12649078527862398,
        0.4886779520536458,
        0.803965886585188,
        0.11774955301531606,
        0.4809469615973116,
        0.6401704992350155,
        0.8451157003399609,
        0.5066822127367846,
        0.41107709944909293,
        0.5327808461174924,
        0.49713004758969753,
        0.3529715779159347,
        0.03871292094839899,
        0.5263797688661644,
        0.8183047986655624,
        0.3174769554297826,
        0.4233065613125462,
        0.5649798424073209,
        0.6589136526012502,
        0.9407999362045532
      ],
      [
        0.16694631459565792,
        0.28494044288400966,
        0.9566629871183869,
        0.11086838662371695,
        0.3948449096426378,
        0.6048191222642028,
        0.4066944650423446,
        0.6775535074509066,
        0.8317737307096204,
        0.16334653762227255,
        0.4419438517359291,
        0.9406574147483158,
        0.8334658624008388,
        0.7320048452017992,
        0.6012548916419341,
        0.0,
        0.5155847326755663,
        0.8061152108457686,
        0.7327901152810217,
        0.8000291230010502,
        0.9177325495117745,
        0.24341499500080455,
        0.5262327715505298,
        0.7834473121803043,
        0.9971519821045158,
        0.9732770404607974,
        0.1383203552412159,
        0.6667710148414325,
        0.04364575282080484,
        0.7545544416465251,
        0.6017598942098418,
        0.9269634702606377,
        0.7850133359814098,
        0.7953144277150989,
        0.463891687351056,
        0.9412362462193405,
        0.31186849326478006,
        0.552051248432594,
        0.52695354010699,
        0.7433118627124229,
        1.0077176006386392,
        1.0015523884727342,
        0.605450465599803,
        0.15042412912897496,
        0.479661042841558,
        0.6633514315420902,
        0.30980174393438076,
        0.8160587417322226,
        0.3635035446032515,
        0.998568953692696,
        0.6055074237736748,
        0.8728655879815829,
        0.7580606307195407,
        0.7010034042422525,
        0.3283199942885717,
        0.05868506430260696,
        1.0166989835241882,
        0.37383065477377586,
        0.8030557402946599,
        0.19826584174379736,
        0.2520954045689653,
        0.7370272354074678,
        0.6256061547424026,
        0.42015677857541633,
        0.6547132930540919,
        0.3835466834411008,
        0.8141480805222109,
        0.9569198920249873,
        0.6592331814953077,
        1.2488578235842382
      ],
      [
        0.391984397573809,
        0.5672153470434759,
        0.4486636139193946,
        0.45010485065388667,
        0.3322203693406036,
        0.17271701105145096,
        0.15418003079348117,
        0.24272219989730887,
        0.7503884602966007,
        0.45408603416225085,
        0.1577846916777574,
        0.5003543710206713,
        0.4176349010810069,
        0.7074210072895538,
        0.09570957960280473,
        0.5155847326755663,
        0.0,
        0.6362518537167461,
        0.8774865779540935,
        0.5675863223387712,
        0.4786269523089848,
        0.3618882430312105,
        0.6608740454511021,
        0.8314117963477855,
        0.5166724915608425,
        0.5737099118808574,
        0.4248048716412299,
        0.7649216133947067,
        0.5592304854963711,
        0.28423465545506427,
        0.5471769234711847,
        0.5273963416806977,
        0.35290361011236937,
        0.6022844659032234,
        0.1845895773594109,
        0.4945896250531501,
        0.34004187950463316,
        0.70920680216869,
        0.6833198825494592,
        0.3058632290562263,
        0.736685447820538,
        0.5477011005028457,
        0.19956872941141757,
        0.4878239522415707,
        0.6927079711427282,
        0.8048944861145718,
        0.5358669530806871,
        0.35504952629312886,
        0.19542716756621542,
        0.7748028813258305,
        0.18061816144370782,
        0.4709094444273119,
        0.7358663215294323,
        0.18541867156668626,
        0.3865899634583742,
        0.5557576398089964,
        0.8281225620537174,
        0.4144057784799984,
        0.36932112994345545,
        0.4372139201664457,
        0.4015631216386508,
        0.3374675610477719,
        0.11002142206683632,
        0.4368343352875437,
        0.7287593650869416,
        0.2220633842371858,
        0.3322889460516937,
        0.47591328476826494,
        0.6141704460367752,
        0.9123915121776696
      ],
      [
        0.8427968385045406,
        0.5903202644344383,
        0.8900960631918177,
        0.7846763854244628,
        0.42775104256719204,
        0.5031977797946212,
        0.7471587016026469,
        0.8555304753290576,
        0.11413660657985454,
        0.6427743181869984,
        0.6974170789682625,
        0.6857711040597659,
        0.39626506989733057,
        0.10594413443856045,
        0.689878078532691,
        0.8061152108457686,
        0.6362518537167461,
        0.0,
        0.44968635130074897,
        0.10832846850730103,
        0.6676332635079132,
        0.5712181446954638,
        0.5010699004822807,
        0.22860676463520554,
        0.6317245486657351,
        0.5623072740458005,
        0.8121405984641691,
        0.2247664242984301,
        0.7626758479391103,
        0.4854550925607347,
        0.21359393923162512,
        0.5159937038456408,
        0.3275064918263913,
        0.07417521859448975,
        0.6667774072397541,
        0.6705669950216111,
        0.8933879799895429,
        0.4595436224381447,
        0.47200239747567535,
        0.3977941508226909,
        0.24059469838687492,
        0.7092805303668516,
        0.8358205831281637,
        0.8986594882773258,
        0.5428148368067183,
        0.4152576872677658,
        0.5394026560215619,
        0.4564500751533919,
        0.7671655499875586,
        0.2019936569257657,
        0.816368863811315,
        0.29320708384471994,
        0.14607512010196588,
        0.7580900797122885,
        0.4788537316726466,
        0.7498038051612885,
        0.33203181262005427,
        0.43231935986479736,
        0.5697258825958108,
        0.6082186267110611,
        0.5794349546767058,
        0.37930236358778946,
        0.6759713597992347,
        0.3867453026500721,
        0.3442426445285735,
        0.584639394319186,
        0.509855186268072,
        0.6006272754713239,
        0.14737504139851296,
        0.48173780870792887
      ],
      [
        0.8196896063908483,
        0.4478727358313263,
        1.2642865786535862,
        0.7738122991838826,
        0.5457840656854924,
        0.826869358860537,
        0.8582620990639633,
        1.1192902862133836,
        0.360670226288827,
        0.6026408700133963,
        0.8086948989203233,
        1.0640645602267402,
        0.8042081872052942,
        0.3531578609174465,
        0.9670320115327142,
        0.7327901152810217,
        0.8774865779540935,
        0.44968635130074897,
        0.0,
        0.5438912391396241,
        1.0428771333663123,
        0.5913696801923242,
        0.2196525654465105,
        0.22877240717245795,
        1.0437722949957142,
        0.8519054318038305,
        0.7868691323234274,
        0.24885760024536377,
        0.6946047940949646,
        0.8487516167813783,
        0.4666022901688857,
        0.817097719583415,
        0.6950057011372194,
        0.5110516491591237,
        0.7780880150466261,
        1.0550214344911588,
        0.9501825641485329,
        0.1827808789341967,
        0.20978354976334732,
        0.7587430209761736,
        0.6732922305278641,
        1.1029376885209334,
        1.0586064893932146,
        0.8729240251444157,
        0.2544540178786356,
        0.07642966234920834,
        0.4297590522308468,
        0.8430439317257415,
        0.8784761577944307,
        0.6104059216614762,
        1.0511121790823141,
        0.7151271586484447,
        0.3043105300977861,
        1.034164948672259,
        0.5130228966753608,
        0.6771513587943268,
        0.7404486841482041,
        0.471232494826093,
        0.9321955408605893,
        0.5709293793401106,
        0.6248274693565965,
        0.7527451393081034,
        0.9633897838456744,
        0.4406522426665498,
        0.14872721286715182,
        0.695950002126058,
        0.8899046080883758,
        1.0075283473295793,
        0.4187097360125046,
        0.8963473466695391
      ],
      [
        0.8223596382933074,
        0.6128707004444233,
        0.7858107226106861,
        0.7642391852132298,
        0.4073138423559589,
        0.39486931128732017,
        0.6929282148163054,
        0.7681333671391668,
        0.22245468734608662,
        0.6387511203629426,
        0.6704182318682994,
        0.5794281053699348,
        0.288197530346864,
        0.19073439428152159,
        0.6060121097210122,
        0.8000291230010502,
        0.5675863223387712,
        0.10832846850730103,
        0.5438912391396241,
        0.0,
        0.5618150840450671,
        0.5579521648694162,
        0.596242470669726,
        0.33139011929002293,
        0.5233960801584341,
        0.4564128140280431,
        0.791703398252936,
        0.30357633359975633,
        0.7575918169605053,
        0.38400240227439464,
        0.2007702391991426,
        0.4158363809623621,
        0.23027081272045513,
        0.03469814356445222,
        0.6551913304836317,
        0.5635272502540015,
        0.8818019032334203,
        0.55471619262559,
        0.5671749676631206,
        0.2994066489466019,
        0.20792475350668627,
        0.6012824872343738,
        0.7500740103110853,
        0.8782222880660927,
        0.6379874069941636,
        0.5011488164033258,
        0.562343257121225,
        0.3503519863338035,
        0.7358941283263991,
        0.2072165589870594,
        0.7296454815373316,
        0.18487861533741892,
        0.24124769028941112,
        0.6602325616862498,
        0.47318649101706384,
        0.7465677992478014,
        0.2993618677398656,
        0.4334775415568071,
        0.4671181797987264,
        0.6063798890568145,
        0.5587283400318591,
        0.27786982066502,
        0.578113841773196,
        0.3934777876787949,
        0.43941521471601874,
        0.5739462757247369,
        0.4044650701069005,
        0.4923011635234531,
        0.16489657781807948,
        0.45075670573015936
      ],
      [
        0.8350160192018539,
