{
  "sol": {
    "z": 2.0997988317000935,
    "tours": [
      [
        0,
        13,
        35,
        20,
        28
      ],
      [
        1,
        11
      ],
      [
        2,
        6,
        22,
        15,
        17,
        25,
        37,
        10,
        3,
        16
      ],
      [
        26,
        24,
        9,
        18,
        27,
        8,
        14,
        7,
        23,
        5,
        12
      ],
      [
        19,
        14,
        4
      ],
      [
        21,
        1
      ]
    ]
  },
  "params": {
    "gm": [
      [
        0.0,
        0.935529021611112,
        0.2612621404603266,
        0.6303455920663306,
        0.6840047161408676,
        0.6387369517897986,
        0.43618430007271025,
        0.29901172222856987,
        0.38346749743716124,
        0.7236368976680567,
        0.778576614167421,
        1.074297089454206,
        0.42311448619529346,
        0.06222611944837265,
        0.2806056500088815,
        0.5645667700157714,
        0.5584908721182457,
        0.6613429891868604,
        0.6511153842525117,
        0.8568693369364853,
        0.19569333320403662,
        0.9979867583185678,
        0.4434310782276691,
        0.34295195951801105,
        0.8037426251487307,
        0.6348334435387729,
        0.6221807385466003,
        0.46874935272463825,
        0.2513025512045004,
        0.5800248549034749,
        0.5377801730370342,
        0.378196776162171,
        0.6998746771690063,
        1.0432568625934875,
        0.8545716660070399,
        0.2092368010217623,
        0.33518770401364,
        0.7961371853919973,
        0.560921723015458,
        0.28961141932407275,
        0.3042975782877289,
        0.5551662142308942,
        0.9515081289224012,
        0.39918110598729606,
        0.39484152632945096,
        0.1529100119106254,
        0.8268217709967522,
        0.8207189812300428,
        0.5706948487504613,
        0.7702739308814348,
        0.4677087414477404,
        0.8785613621641046,
        0.5335918667203488,
        0.5392531814657585,
        0.48662662699581366,
        0.7741160435476935,
        0.0584447709511916,
        0.6450935373196531,
        1.039760131583925,
        0.11340615687355313,
        0.9008046489873873,
        0.9565070315784552,
        0.6895006977511036,
        0.06669870285091496,
        1.0191273565309786,
        0.8810967091168799,
        0.3679354551982508,
        0.5620549617185393,
        0.4933280164540874,
        0.8071821819355484
      ],
      [
        0.935529021611112,
        0.0,
        0.9555153976073757,
        0.9582948983745603,
        0.5434982466392946,
        0.3789906980677211,
        0.9941858747104614,
        0.7809729120286655,
        0.6326329379979809,
        0.3172872221956724,
        0.95726540072353,
        0.13876806784309417,
        0.7178349479504771,
        0.9557196700604923,
        0.7360397204568909,
        0.8914632556956256,
        0.7249624461335868,
        0.9927528191378666,
        0.38725692910069714,
        0.49059928249173795,
        1.0704297437179413,
        0.49673854402173545,
        0.8697136785613714,
        0.8015295482362599,
        0.42827468733573476,
        0.9577697765582434,
        0.5486937934761891,
        0.5615971017238593,
        0.9213813776891411,
        0.5609245792422957,
        0.4797407575921545,
        0.6488354149791294,
        0.39049873498819904,
        0.6510172533627516,
        0.8087083508415459,
        0.806812539734395,
        0.7804740329609138,
        1.0634766436579637,
        0.9987658221590324,
        0.7394799509308665,
        0.7953223297107005,
        0.5925942967206278,
        0.603514752174754,
        0.6169109611512325,
        0.6696668547491115,
        1.0884390335217373,
        0.3027141144948554,
        0.8459248373036347,
        0.6289534122409879,
        0.735163517920042,
        0.8176013897071351,
        0.17070687756981773,
        0.4959261826391729,
        0.9484144740940441,
        0.6133615042137761,
        0.2970745101411271,
        0.9939737925623036,
        0.9719900229995073,
        0.23930058698544834,
        1.048935178484665,
        0.4399188766735837,
        0.0902496253059385,
        0.506686144446934,
        1.002227724462027,
        0.0835983349198666,
        0.5970791546142998,
        0.8141903515498798,
        0.587028880445773,
        0.5875307579634161,
        1.1133836626958735
      ],
      [
        0.2612621404603266,
        0.9555153976073757,
        0.0,
        0.3690834516060039,
        0.8079878173426893,
        0.5765246995396546,
        0.18151968876695726,
        0.5602738626888965,
        0.5236371594468151,
        0.6794543573021219,
        0.5212620663200064,
        0.9190457976661754,
        0.24127241190955673,
        0.3234882599086992,
        0.5418677904692081,
        0.30749889814640435,
        0.3447775430863579,
        0.40016385914939256,
        0.6061429451319298,
        0.9557524978927305,
        0.4466024830934743,
        0.8136852907573824,
        0.18850808518007023,
        0.6042140999783376,
        0.6218796077390983,
        0.3768538295029695,
        0.4403177211369679,
        0.42270081179705216,
        0.03422370484553694,
        0.39715463209927576,
        0.5076635971200235,
        0.5137940263440448,
        0.6560575547686323,
        0.9679640000983986,
        0.6414971340371629,
        0.4704989414820889,
        0.5964498444739665,
        0.5348750721340281,
        0.3005085150086466,
        0.5508735597843993,
        0.5655597187480556,
        0.3699012541028928,
        0.766726083929083,
        0.5126461716859744,
        0.6058082095918512,
        0.16926647275158022,
        0.6554203344342425,
        0.5594568407697162,
        0.3728580218645328,
        0.5884318565956981,
        0.2249589000723384,
        0.7914407867040769,
        0.5433653634529355,
        0.27835382035864725,
        0.6070360816989492,
        0.7262931165111881,
        0.30057803105530284,
        0.3880256654502861,
        0.8889413696578233,
        0.1658542216943037,
        0.9980790023874329,
        0.8942947793283111,
        0.5076322618730683,
        0.2893683675111016,
        0.9156232297087101,
        0.6938811553568415,
        0.15024309974888944,
        0.3802026137595024,
        0.5805738052539915,
        0.5467339375860369
      ],
      [
        0.6303455920663306,
        0.9582948983745603,
        0.3690834516060039,
        0.0,
        0.992975872219689,
        0.8323636299259085,
        0.2536677489404706,
        0.8137131175173054,
        0.7313617912231697,
        0.7275325159172672,
        0.15934761792808616,
        0.9327661477672173,
        0.3623770747994762,
        0.6925717115147032,
        0.7198931963867263,
        0.06683164267893481,
        0.2333324522409735,
        0.11478172118772394,
        0.8011053669794466,
        1.16865466790838,
        0.8156859346994783,
        0.6328487137421063,
        0.18808452252122787,
        0.8648949720615097,
        0.572893025057184,
        0.04339793583467535,
        0.409778484148541,
        0.6766927264229763,
        0.38009951221115884,
        0.40464949377280446,
        0.7443319437234652,
        0.6806258270300212,
        0.7812593347524587,
        0.7871274230831224,
        0.272413682431159,
        0.7912620453738456,
        0.8450908727971626,
        0.21811778862467135,
        0.158124294566194,
        0.7622342173155326,
        0.8202742470257655,
        0.4061147316733721,
        0.5322279495083815,
        0.7329494851443699,
        0.8243966179970328,
        0.53710319055213,
        0.6577005242015201,
        0.19037338916371233,
        0.448848161259168,
        0.3127768560540713,
        0.24529521941950283,
        0.7950608668152535,
        0.7889662574573739,
        0.12039593541062771,
        0.8041347221409123,
        0.687046852268564,
        0.6696614826613068,
        0.05857438757375013,
        0.8902866707783934,
        0.5349376733003076,
        1.208051513107796,
        0.9570130919140072,
        0.46197297377261703,
        0.6584518191171056,
        0.9193612917233027,
        0.4840428786584051,
        0.2986689967188758,
        0.3785713410285832,
        0.83059699858587,
        0.25714877149264775
      ],
      [
        0.6840047161408676,
        0.5434982466392946,
        0.8079878173426893,
        0.992975872219689,
        0.0,
        0.3424235509746282,
        0.9652557905190224,
        0.39290301968619346,
        0.3642034657991625,
        0.44725466498326943,
        1.1523234901477752,
        0.6756109820594074,
        0.7276282272937594,
        0.6236750454452026,
        0.43004704220436973,
        1.0055489841141303,
        0.8645635308361872,
        1.0940821759632962,
        0.41182675372968985,
        0.17567879568869105,
        0.7196385919232123,
        0.9636502281354693,
        0.8842961042718371,
        0.36858411140732855,
        0.6412945367536431,
        1.0363738080543643,
        0.7650086967519957,
        0.3959034209412077,
        0.7737641124971524,
        0.7741630264517245,
        0.33499425638352226,
        0.4145213134902826,
        0.495023934682162,
        0.8384061201066431,
        1.0686121034895408,
        0.4747679151191053,
        0.3635265746486711,
        1.2110936608443603,
        1.0387215129642062,
        0.39815006254981333,
        0.5292293473239963,
        0.7845574107608756,
        0.9938888531753576,
        0.35625041322128975,
        0.295347336586352,
        0.8125707259433188,
        0.5778427293302295,
        1.0892897044500751,
        0.8298056452915061,
        0.9873848768795588,
        0.8600952816758693,
        0.5857980899480998,
        0.2869857112973521,
        0.9885506522952657,
        0.2168434373783089,
        0.5084791379547948,
        0.7103443693730125,
        0.9624037719454711,
        0.7584838542021985,
        0.7855530412523064,
        0.22992358756913311,
        0.4534394122140729,
        0.7589985388035996,
        0.7308497427469602,
        0.6192050045901281,
        0.9401520873416963,
        0.7746664853996594,
        0.7476812630002977,
        0.22745651001412348,
        1.2501246437123368
      ],
      [
        0.6387369517897986,
        0.3789906980677211,
        0.5765246995396546,
        0.8323636299259085,
        0.3424235509746282,
        0.0,
        0.7478663946627926,
        0.4019822139609444,
        0.255493257213989,
        0.10483111400864127,
        0.8544859879694217,
        0.44438885064571043,
        0.49504464979668306,
        0.5784072810941336,
        0.3583008605509109,
        0.7655319872469737,
        0.5990311776849351,
        0.862981181112864,
        0.06940320275506168,
        0.5181023466633192,
        0.6915591463544104,
        0.621226677160841,
        0.6573118199408129,
        0.4225388501685388,
        0.298870985779015,
        0.8283660750015236,
        0.4225851457773675,
        0.18453403638202878,
        0.54239067962142,
        0.4739960957001973,
        0.10106439873857558,
        0.269937002214935,
        0.15260038370753384,
        0.495982569132015,
        0.7261885525149128,
        0.4295001507680363,
        0.40148333489319266,
        0.9673409459014897,
        0.8107861728748524,
        0.36058708529584943,
        0.41720885652903994,
        0.5055777895846374,
        0.6514653022007295,
        0.23985576042938628,
        0.29067615668139035,
        0.7225895293839978,
        0.23541917835560128,
        0.7517212434341408,
        0.5381545837218944,
        0.6449613259049307,
        0.6289942868254372,
        0.2433745389734716,
        0.11693548457145175,
        0.7587875984959365,
        0.234370806146055,
        0.16605558698016668,
        0.6653801177179567,
        0.8460587545508556,
        0.440182434786626,
        0.7096148760982675,
        0.5723471385437613,
        0.3177700797886565,
        0.41657498782897145,
        0.6863313685848236,
        0.4058508879096696,
        0.5977285363670681,
        0.5500367925007926,
        0.4829897925693204,
        0.20854005989569505,
        1.0208019773320667
      ],
      [
        0.43618430007271025,
        0.9941858747104614,
        0.18151968876695726,
        0.2536677489404706,
        0.9652557905190224,
        0.7478663946627926,
        0.0,
        0.6737433393647935,
        0.6097647434343069,
        0.6945268175922727,
        0.3805207231197937,
        0.9631866831920116,
        0.2903305854763647,
        0.46901200872495963,
        0.6579155110803996,
        0.1872875223596209,
        0.3537883319216596,
        0.24161901538292918,
        0.7549156684892577,
        1.1046003210180613,
        0.6097791889301468,
        0.8482638670869527,
        0.12569802353925108,
        0.7259285336166762,
        0.6511675034245652,
        0.2426891863489106,
        0.4696056168224348,
        0.5714735351543802,
        0.20547571504137263,
        0.4332612954681657,
        0.6479620555239703,
        0.5578945025667925,
        0.7854155472099301,
        1.0025425764279687,
        0.5260814313716295,
        0.6179191390510569,
        0.7106410013339115,
        0.3698235054556507,
        0.13159757874994632,
        0.6811563739802844,
        0.7065262447982984,
        0.41553081628586724,
        0.7768160181058853,
        0.6141810921744391,
        0.7017460988167343,
        0.3127360883396773,
        0.6915269978031324,
        0.44404021795224324,
        0.4376031931744206,
        0.5253565081284887,
        0.1822700495206908,
        0.8275474500729669,
        0.6893169520229728,
        0.1355036705115572,
        0.7528775062714534,
        0.755753928193225,
        0.4677032090127634,
        0.2678142896635027,
        0.9250480330267132,
        0.32938884802767043,
        1.156032793907422,
        0.9717620769998365,
        0.5368313363212949,
        0.45278858141056544,
        0.9612427160035583,
        0.7116337837637451,
        0.2047652066915375,
        0.4092009700304819,
        0.7385275967739806,
        0.37393309365614963
      ],
      [
        0.29901172222856987,
        0.7809729120286655,
        0.5602738626888965,
        0.8137131175173054,
        0.39290301968619346,
        0.4019822139609444,
        0.6737433393647935,
        0.0,
        0.15741342672456865,
        0.49698971571799294,
        0.9609982146702781,
        0.8462306222260609,
        0.5434294506332316,
        0.2389433466603472,
        0.09381992113057905,
        0.7468814748383705,
        0.674827870422694,
        0.8612701687105315,
        0.428097920730843,
        0.5676660709907558,
        0.33080669936594803,
        0.9799213951366224,
        0.6717783260081931,
        0.05218519425188274,
        0.5955453745936182,
        0.8173997881082358,
        0.6464195614859571,
        0.2575263075313085,
        0.5503142734330703,
        0.6537785872590572,
        0.3049893336169882,
        0.1792370214993997,
        0.4893300479780562,
        0.8327122334025373,
        0.9349712657741985,
        0.09003687464608096,
        0.03689766196911803,
        0.9946463512687551,
        0.7867952638082616,
        0.056625215124484554,
        0.1753367224346091,
        0.6221088697807251,
        0.9759932871876584,
        0.17081630682620835,
        0.12165515076149391,
        0.4467472762703337,
        0.611874259814026,
        0.9761718339233714,
        0.6679370504359138,
        0.8537683670330124,
        0.660222654069377,
        0.6453527944103704,
        0.2877706013228911,
        0.7799977718862016,
        0.21182438247771657,
        0.5525624934494691,
        0.3224679811387869,
        0.8274082421422523,
        0.8361992736895226,
        0.4008220007792821,
        0.6151480313016369,
        0.7197522937496009,
        0.7137397794157074,
        0.3440121352635424,
        0.8060306159765159,
        0.9314965582674615,
        0.5616799246654889,
        0.658985017541303,
        0.22494675631526734,
        1.01964837031545
      ],
      [
        0.38346749743716124,
        0.6326329379979809,
        0.5236371594468151,
        0.7313617912231697,
        0.3642034657991625,
        0.255493257213989,
        0.6097647434343069,
        0.15741342672456865,
        0.0,
        0.34394679200014083,
        0.8784229081104804,
        0.6982113971076875,
        0.4104706398174474,
        0.32313782674149627,
        0.10348884984781574,
        0.6645301485442349,
        0.5496793766780077,
        0.764000336244301,
        0.27310009926129303,
        0.5230653737022554,
        0.4391893977998033,
        0.8249235736670724,
        0.5432772687019418,
        0.19319605543424312,
        0.5303067136334368,
        0.7349912553102222,
        0.4898296016044116,
        0.10093634764976295,
        0.4897603394077274,
        0.5412405515272414,
        0.1548036975467902,
        0.05187597989982094,
        0.3319328183251258,
        0.675315003749607,
        0.8110467478635146,
        0.17423069641539898,
        0.1698537534257691,
        0.8992118778216915,
        0.6964002553292459,
        0.10776016644998059,
        0.18102091849348145,
        0.5425223678530482,
        0.8208994313873347,
        0.015722451025884605,
        0.09463990383325904,
        0.5310510473221558,
        0.45512966002311706,
        0.8218522560305039,
        0.5580510023726152,
        0.7267673351839083,
        0.5302378709514456,
        0.49668392688963003,
        0.1519241427660294,
        0.6512887255848309,
        0.14736890468928912,
        0.39749131483458855,
        0.4101106633653193,
        0.7450569158481166,
        0.681583353753472,
        0.4850158225486001,
        0.5562593565680968,
        0.5732633370026455,
        0.557149819534162,
        0.4310619142321863,
        0.6611753288325284,
        0.7749065983859158,
        0.43295698164655266,
        0.5494111153406932,
        0.13994809794331142,
        0.9223757841259205
      ],
      [
        0.7236368976680567,
        0.3172872221956724,
        0.6794543573021219,
        0.7275325159172672,
        0.44725466498326943,
        0.10483111400864127,
        0.6945268175922727,
        0.49698971571799294,
        0.34394679200014083,
        0.0,
        0.7496548739607803,
        0.3575618649081062,
        0.516820284120033,
        0.6633072269723916,
        0.4432224908695826,
        0.6607008732383324,
        0.49420006367629377,
        0.7619904366805735,
        0.07357285106217924,
        0.5696121673395379,
        0.7701911595946089,
        0.5885496243831547,
        0.6624208718039029,
        0.5215892737877283,
        0.19414189550433736,
        0.723636984726846,
        0.31775403176872624,
        0.25675354550506974,
        0.6455775372630341,
        0.36916498169155604,
        0.19212887550222124,
        0.3476194848793262,
        0.0908887296176574,
        0.43427091504213855,
        0.6213574385062715,
        0.5144000966462944,
        0.4998168132697853,
        0.8625098318928484,
        0.7680034397017393,
        0.4514733853585865,
        0.49054640143140704,
        0.4007466755759962,
        0.5751095306396027,
        0.32891553343099744,
        0.39094587089774263,
        0.825776387025612,
        0.13153626174160146,
        0.6468901294254995,
        0.4333234697132532,
        0.5401302118962894,
        0.6428429950100607,
        0.15809036230174126,
        0.21918137113941544,
        0.7184141046721232,
        0.33905630772265505,
        0.06132649670548903,
        0.7502800635962147,
        0.7412276405422142,
        0.3396070749868993,
        0.8128017337398816,
        0.582331157544721,
        0.2772352594075637,
        0.3117438738203302,
        0.7712313144630817,
        0.32643524506927246,
        0.5022153317179919,
        0.6108914288767996,
        0.37815867856067914,
        0.3130924101390643,
        0.9159708633234255
      ],
      [
        0.778576614167421,
        0.95726540072353,
        0.5212620663200064,
        0.15934761792808616,
        1.1523234901477752,
        0.8544859879694217,
        0.3805207231197937,
        0.9609982146702781,
        0.8784229081104804,
        0.7496548739607803,
        0.0,
        0.8821761193510151,
        0.509438191686787,
        0.7939037212197121,
        0.8671782935396991,
        0.2141167398319076,
        0.3806175493939463,
        0.14648735828841924,
        0.8232277250229596,
        1.3067407768263406,
        0.9677634483419075,
        0.5894907643813745,
        0.3351456394085386,
        1.0121800692144824,
        0.6140680946354182,
        0.1444392422788577,
        0.43250620803328776,
        0.8213994619879363,
        0.5273115726014217,
        0.48391715795611756,
        0.891393060610776,
        0.827686943917332,
        0.8019344172085613,
        0.7437694737223907,
        0.23163183336030388,
        0.9385471425268184,
        0.9923759699501353,
        0.11285495793206805,
        0.25489019931780516,
        0.9095193144685054,
        0.9622709991866736,
        0.5154988518405577,
        0.4911071555530516,
        0.8800106020316806,
        0.9714577348843435,
        0.6815355034357744,
        0.6739186238808161,
        0.1431691773087377,
        0.5480756459778147,
        0.26078004532049853,
        0.37947644469883046,
        0.8086763173215349,
        0.9360273743446846,
        0.2486633603119215,
        0.9540850538006799,
        0.7179066436031784,
        0.8215121503485965,
        0.20852471923351765,
        0.8469287214176616,
        0.6866886934590015,
        1.2389113044424103,
        0.9732747515762512,
        0.45553689340236114,
        0.8106254629977722,
        0.9165662186990905,
        0.43801914510908235,
        0.44573011360618653,
        0.484777618758515,
        0.9805473302456376,
        0.1663159893626451
      ],
      [
        1.074297089454206,
        0.13876806784309417,
        0.9190457976661754,
        0.9327661477672173,
        0.6756109820594074,
        0.44438885064571043,
        0.9631866831920116,
        0.8462306222260609,
        0.6982113971076875,
        0.3575618649081062,
        0.8821761193510151,
        0.0,
        0.6798978616546427,
        1.0196343587500687,
        0.7993800164716063,
        0.8659345050882826,
        0.6994336955262439,
        0.9672240685305237,
        0.4310628448032065,
        0.6263767574263452,
        1.127580587274048,
        0.3725153642490673,
        0.8384567284220826,
        0.8643960902077874,
        0.4291021285785364,
        0.9364528183581479,
        0.5381122808384017,
        0.6142768779892034,
        0.893307605800921,
        0.5299270057064593,
        0.5436315320625872,
        0.7050089125587654,
        0.4060974400220586,
        0.5267940735900835,
        0.7295845009789703,
        0.8707272284239715,
        0.844135404805823,
        0.9950310772830832,
        0.9718420483690873,
        0.8045548396068608,
        0.8480697339155407,
        0.5491445435632827,
        0.4697702339017479,
        0.682784257504897,
        0.7322125173879642,
        1.0639758129234642,
        0.2885794535162675,
        0.8188868079614011,
        0.5949727242184714,
        0.7110403572938753,
        0.7912408629973472,
        0.2015274948273129,
        0.5591103524598006,
        0.9220539473842562,
        0.6787596567917654,
        0.31524432612261605,
        1.0310218044005104,
        0.9464612723921644,
        0.12128075138352157,
        1.0351287110583045,
        0.5776783394846056,
        0.22217156984533448,
        0.5074219315347102,
        1.0534720722749764,
        0.05644504906506744,
        0.5247836476289357,
        0.7767126231488031,
        0.5541948067386342,
        0.6529289105414054,
        1.0484921087136603
      ],
      [
        0.42311448619529346,
        0.7178349479504771,
        0.24127241190955673,
        0.3623770747994762,
        0.7276282272937594,
        0.49504464979668306,
        0.2903305854763647,
        0.5434294506332316,
        0.4104706398174474,
        0.516820284120033,
        0.509438191686787,
        0.6798978616546427,
        0.0,
        0.4157227288155049,
        0.46421343764743894,
        0.2955454321205414,
        0.14656101984023076,
        0.36944698511801616,
        0.5199609047776448,
        0.8562552013966066,
        0.61880781939933,
        0.5748722721232743,
        0.1742925522782483,
        0.5801873677797668,
        0.3806281389534373,
        0.3660065388865287,
        0.1990662523513068,
        0.33788902880348387,
        0.21850318570163663,
        0.15691036870818145,
        0.39398025105810747,
        0.3641924291338319,
        0.5431918643708934,
        0.7291509814642905,
        0.43145717981174647,
        0.5331524042742406,
        0.5568244932410136,
        0.5049617543110467,
        0.3208344060909937,
        0.4874543005473237,
        0.5128241713653378,
        0.13205172803560072,
        0.535567982975972,
        0.4083729395847134,
        0.5050495825339595,
        0.39551593277957797,
        0.41517607104314824,
        0.4695629115765003,
        0.14758036255516777,
        0.34715944468614135,
        0.13546009083058932,
        0.5511965233129826,
        0.4409276211303294,
        0.26626946011527003,
        0.5322075204426541,
        0.4852145637220969,
        0.4781088316195896,
        0.37607219942442316,
        0.648697106266729,
        0.37259506057964026,
        0.924084673780537,
        0.7112119286048275,
        0.26638621155581016,
        0.4759195275679513,
        0.6777737036414181,
        0.46353307905921043,
        0.09681476149416034,
        0.1389404755232458,
        0.5119647835628502,
        0.5277380131946127
      ],
      [
        0.06222611944837265,
        0.9557196700604923,
        0.3234882599086992,
        0.6925717115147032,
        0.6236750454452026,
        0.5784072810941336,
        0.46901200872495963,
        0.2389433466603472,
        0.32313782674149627,
        0.6633072269723916,
        0.7939037212197121,
        1.0196343587500687,
        0.4157227288155049,
        0.0,
        0.2202759793132165,
        0.626792889464144,
        0.5622837486557357,
        0.7106310241078888,
        0.5907857135568466,
        0.7965396662408202,
        0.20995657814867927,
        0.9905950009387792,
        0.5056571976760418,
        0.28463856543223454,
        0.7963508677689421,
        0.6970595629871456,
        0.6147889811668117,
        0.4084196820289732,
        0.31352867065287304,
        0.5726330975236864,
        0.4774505023413692,
        0.317867105466506,
        0.6395450064733413,
        0.9829271918978225,
        0.8471799086272513,
        0.14890713032609726,
        0.2754860682190872,
        0.8388355141806103,
        0.600609587474906,
        0.22928174862840772,
        0.24396790759206388,
        0.5477744568511056,
        0.9512907117914768,
        0.3388514352916311,
        0.33451185563378594,
        0.20837490340207387,
        0.7664921003010873,
        0.8829451006784155,
        0.5633030913706727,
        0.7628821735016462,
        0.5299348608961131,
        0.8182316914684395,
        0.4732621960246838,
        0.6014793009141312,
        0.42629695630014863,
        0.7137863728520284,
        0.10561444470707299,
        0.7073196567680258,
        0.9971424645018504,
        0.16365656003258994,
        0.8404749782917222,
        0.8961773608827901,
        0.6821089403713151,
        0.12167433077514513,
        0.9837013614103266,
        0.8792558078747154,
        0.43016157464662347,
        0.5546632043387507,
        0.4329983457584224,
        0.8429451023811092
      ],
      [
        0.2806056500088815,
        0.7360397204568909,
        0.5418677904692081,
        0.7198931963867263,
        0.43004704220436973,
        0.3583008605509109,
        0.6579155110803996,
        0.09381992113057905,
        0.10348884984781574,
        0.4432224908695826,
        0.8671782935396991,
        0.7993800164716063,
        0.46421343764743894,
        0.2202759793132165,
        0.0,
        0.6530615537077915,
        0.605792927780125,
        0.7674502475799525,
        0.3708849518952271,
        0.5988417938799813,
        0.33594985281947487,
        0.919372620656543,
        0.5925623130224005,
        0.14500177567478334,
        0.6270421249491465,
        0.7235798669776567,
        0.5781767733126083,
        0.18928351935795965,
        0.5319082012133819,
        0.5788229154634873,
        0.2572909606834682,
        0.10002100851360708,
        0.4217117258910457,
        0.7650939113155268,
        0.8437175947361193,
        0.07136884898711923,
        0.1251976764104362,
        0.9008264301381761,
        0.7453188942336807,
        0.042341020928806344,
        0.10038105063903913,
        0.5471531979851552,
        0.9223028846205057,
        0.11920280168408258,
        0.13470649756512834,
        0.42818919989387605,
        0.5480335880070477,
        0.8855648851173313,
        0.5929813786403438,
        0.7631614182269724,
        0.5810066410835844,
        0.5979638847091048,
        0.2548066632343393,
        0.700781758900409,
        0.2214468599673317,
        0.49422672615029817,
        0.30724881593703957,
        0.7335883210116733,
        0.7778908769505365,
        0.38215397512032034,
        0.6386294393326933,
        0.6760709403395675,
        0.6454969912423586,
        0.32820006680390656,
        0.7634548220255941,
        0.8632537700941125,
        0.4824639116796962,
        0.5840293457457331,
        0.2238379536143105,
        0.9258284491848711
      ],
      [
        0.5645667700157714,
        0.8914632556956256,
        0.30749889814640435,
        0.06683164267893481,
        1.0055489841141303,
        0.7655319872469737,
        0.1872875223596209,
        0.7468814748383705,
        0.6645301485442349,
        0.6607008732383324,
        0.2141167398319076,
        0.8659345050882826,
        0.2955454321205414,
        0.626792889464144,
        0.6530615537077915,
        0.0,
        0.1665008095620387,
        0.11860663190615527,
        0.7342737243005117,
        1.1374621950447164,
        0.7537766860782185,
        0.6917106280942514,
        0.12125287984229308,
        0.7980633293825748,
        0.5245087280717367,
        0.07051831326986528,
        0.3429468414696062,
        0.6098610837440415,
        0.313267869532224,
        0.3378178510938697,
        0.6775003010445304,
        0.6137941843510865,
        0.7144276920735239,
        0.8459893374352676,
        0.3392453251100938,
        0.7244304026949108,
        0.7782592301182277,
        0.24776487643038458,
        0.10730256646340691,
        0.6954025746365978,
        0.7534426043468306,
        0.3392830889944373,
        0.5990595921873163,
        0.666117842465435,
        0.757564975318098,
        0.4702715478731952,
        0.5908688815225853,
        0.25693780195506016,
        0.3820165185802332,
        0.3531856350494434,
        0.17846357674056806,
        0.7282292241363187,
        0.7221346147784391,
        0.05771323143379072,
        0.80006262259672,
        0.6202152095896292,
        0.6074698759967717,
        0.08052676730388177,
        0.8243899167461661,
        0.4732089688839262,
        1.141219870428861,
        0.8901814492350725,
        0.3951413310936822,
        0.5968264033267892,
        0.8525296490443679,
        0.5394629106846998,
        0.231837354039941,
        0.31173969834964843,
        0.7827063959121932,
        0.2765165020448861
      ],
      [
        0.5584908721182457,
        0.7249624461335868,
        0.3447775430863579,
        0.2333324522409735,
        0.8645635308361872,
        0.5990311776849351,
        0.3537883319216596,
        0.674827870422694,
        0.5496793766780077,
        0.49420006367629377,
        0.3806175493939463,
        0.6994336955262439,
        0.14656101984023076,
        0.5622837486557357,
        0.605792927780125,
        0.1665008095620387,
        0.0,
        0.26779037300427977,
        0.567772914738473,
        1.0028162212368374,
        0.75418397735388,
        0.542636571457699,
        0.28775368940433177,
        0.7231829908734269,
        0.358007918509698,
        0.23701912283190396,
        0.17644603190756752,
        0.4686601098949796,
        0.3281866439928466,
        0.171317041531831,
        0.5405412708983383,
        0.5057719192665179,
        0.5479268825114851,
        0.6969152807987151,
        0.49195716888893126,
        0.6747318944069266,
        0.7013093727094317,
        0.40330514219731034,
        0.2738033760254456,
        0.6182026552982094,
        0.6195544267785146,
        0.17278227943239863,
        0.5248815961489641,
        0.5460119145074593,
        0.6435694417999474,
        0.5083709560784789,
        0.42436807196054666,
        0.42343861151709883,
        0.2155157090181945,
        0.40884751365674254,
        0.2820211106708201,
        0.56172841457428,
        0.5874886409705602,
        0.22421404099582942,
        0.6630315467618118,
        0.45371440002759045,
        0.6108387966643828,
        0.24702757686592047,
        0.6578891071841274,
        0.492982114212324,
        0.9747190608668224,
        0.7236806396730338,
        0.22864052153164355,
        0.6059797503517378,
        0.6860288394823292,
        0.460921364817386,
        0.19453444333746847,
        0.1452388887876097,
        0.642975195810249,
        0.4261685746091983
      ],
      [
        0.6613429891868604,
        0.9927528191378666,
        0.40016385914939256,
        0.11478172118772394,
        1.0940821759632962,
        0.862981181112864,
        0.24161901538292918,
        0.8612701687105315,
        0.764000336244301,
        0.7619904366805735,
        0.14648735828841924,
        0.9672240685305237,
        0.36944698511801616,
        0.7106310241078888,
        0.7674502475799525,
        0.11860663190615527,
        0.26779037300427977,
        0.0,
        0.8355632877427528,
        1.2234927263584203,
        0.8443382976267888,
        0.6812072338147465,
        0.22784135423999338,
        0.9124520232547358,
        0.6008796053793386,
        0.0713845161568299,
        0.4442364049118473,
        0.7007565942658027,
        0.4124066192096977,
        0.4391074145361108,
        0.7619167823742885,
        0.7144061337873747,
        0.8157172555157649,
        0.8354859431557626,
        0.3446806460103528,
        0.8388190965670718,
        0.8926479239903887,
        0.13551476919303057,
        0.11123793174852654,
        0.8097912685087588,
        0.8630378760188806,
        0.4405726524366784,
        0.592352418820179,
        0.7641468824464513,
        0.858112091396199,
        0.5511640407018746,
        0.6921584449648264,
        0.25288851218371305,
        0.48330608202247427,
        0.3428403883866148,
        0.23398689428742683,
        0.8295187875785598,
        0.8081651460921431,
        0.12257493904707498,
        0.893890172519318,
        0.7215047730318702,
        0.6994636582917546,
        0.1700073891700085,
        0.9256794801884072,
        0.561966456195477,
        1.2425094338711022,
        0.9914710126773135,
        0.4964308945359233,
        0.6865660376882312,
        0.953819212486609,
        0.5297735253424632,
        0.3336210573994007,
        0.4130292617918895,
        0.8749674011587911,
        0.15837820160491853
      ],
      [
        0.6511153842525117,
        0.38725692910069714,
        0.6061429451319298,
        0.8011053669794466,
        0.41182675372968985,
        0.06940320275506168,
        0.7549156684892577,
        0.428097920730843,
        0.27310009926129303,
        0.07357285106217924,
        0.8232277250229596,
        0.4310628448032065,
        0.5199609047776448,
        0.5907857135568466,
        0.3708849518952271,
        0.7342737243005117,
        0.567772914738473,
        0.8355632877427528,
        0.0,
        0.49603931627735864,
        0.6970193460266252,
        0.5518234744057794,
        0.672050337236626,
        0.4554726708753998,
        0.2573200960365315,
        0.7868151852590402,
        0.3913268828309055,
        0.18344213333487758,
        0.572266125092842,
        0.4427378327537353,
        0.12598065371953734,
        0.27444767131134246,
        0.08468911021353258,
        0.4280712956380137,
        0.6949302895684507,
        0.44187858323074936,
        0.4331842803571818,
        0.9360826829550276,
        0.8265384317244077,
        0.38085583487052843,
        0.4172349892612149,
        0.47431952663817545,
        0.5820620994456678,
        0.2584192181385145,
        0.32693521880213305,
        0.7524649748554199,
        0.18634326107187663,
        0.7204629804876788,
        0.5068963207754325,
        0.6137030629584687,
        0.6502118333132534,
        0.2315319975006271,
        0.1616213014224171,
        0.7771669701545584,
        0.28547059473952613,
        0.12450469723768318,
        0.6777585501806697,
        0.8148004916043935,
        0.40850941155651993,
        0.7394903215696895,
        0.5638687886612891,
        0.33974931256914,
        0.38531672488250945,
        0.6987098010475367,
        0.3997682777705528,
        0.5341340193301859,
        0.5622250623249936,
        0.4517315296228584,
        0.25901705446875634,
        0.9895437143856047
      ],
      [
        0.8568693369364853,
        0.49059928249173795,
        0.9557524978927305,
        1.16865466790838,
        0.17567879568869105,
        0.5181023466633192,
        1.1046003210180613,
        0.5676660709907558,
        0.5230653737022554,
        0.5696121673395379,
        1.3067407768263406,
        0.6263767574263452,
        0.8562552013966066,
        0.7965396662408202,
        0.5988417938799813,
        1.1374621950447164,
        1.0028162212368374,
        1.2234927263584203,
        0.49603931627735864,
        0.0,
        0.895271422749704,
        0.9577408571149998,
        1.0162093152024232,
        0.5442627819985529,
        0.7216495320220107,
        1.2079233018107036,
        0.8749824445939526,
        0.5345198632490664,
        0.922228511251906,
        0.9022751691906901,
        0.46430288900840244,
        0.5705383856710624,
        0.5807284264908912,
        0.9241106119153724,
        1.149598306772927,
        0.6476325359147229,
        0.5389645591593096,
        1.3590074955514508,
        1.1701496970487661,
        0.5695409438491871,
        0.6961529631588543,
        0.9339448866690223,
        1.0645170652680185,
        0.5128207235946101,
        0.4648023742452133,
        0.9820257636021802,
        0.6455148937392535,
        1.195487923908853,
        0.9703040021893824,
        1.0770986604058606,
        0.9895058320709935,
        0.507989014585889,
        0.4153275802662772,
        1.1188028872379958,
        0.3790161762891249,
        0.5888341332231624,
        0.8822979553862359,
        1.124576510856287,
        0.7003029000787127,
        0.9584176620479241,
        0.06782947238393044,
        0.40423415567113014,
        0.8580487984589272,
        0.9023596263022152,
        0.5699431020167366,
        1.0301733356075444,
        0.9079311094279724,
        0.9033431516068082,
        0.383118398620634,
        1.3817837544350169
      ],
      [
        0.19569333320403662,
