{
  "sol": {
    "z": 1.9427843533243792,
    "tours": [
      [
        0,
        6,
        15,
        11,
        3,
        21,
        7,
        14,
        9,
        19,
        30
      ],
      [
        18,
        8
      ],
      [
        1,
        27,
        21,
        71,
        10
      ],
      [
        16,
        29,
        73,
        31,
        2
      ],
      [
        17,
        2,
        13,
        4
      ],
      [
        5,
        25,
        22,
        12,
        26,
        23
      ],
      [
        24,
        41,
        28,
        20
      ]
    ]
  },
  "params": {
    "gm": [
      [
        0.0,
        0.4741316326553038,
        0.6067586370050635,
        0.06318405140323463,
        0.5936439773876141,
        0.4716291154437525,
        0.10330986268976092,
        0.267238188892826,
        0.3828380818164363,
        0.29026829719672415,
        0.46063427090740916,
        0.11960759114490341,
        0.3813379806945532,
        0.5785008242802905,
        0.36349411362586076,
        0.12167201961920719,
        0.7806677478423073,
        0.5654617252897707,
        0.33075749509656693,
        0.2818286817689608,
        0.422940411942929,
        0.16607877698243687,
        0.49894178650380233,
        0.39070204308374323,
        0.33830435054293045,
        0.5196495444448643,
        0.3351141980811901,
        0.33796745717080495,
        0.3437739201498374,
        0.6465419808035829,
        0.30773531775453516,
        0.6290353164072631,
        0.3855966582766925,
        0.2873362702676717,
        0.6069457283238651,
        0.5168262046693481,
        0.5991136329437682,
        0.39504925641597477,
        0.4204033133786589,
        0.35629279461105173,
        0.4033420505317479,
        0.3035835904507601,
        0.2882615586529874,
        0.17200814219904595,
        0.6775692401772342,
        0.30047100291389317,
        0.32981971737547383,
        0.7582708461856289,
        0.09076506495578061,
        0.4808715215650315,
        0.5249887302175562,
        0.2861802545619412,
        0.07630968800719107,
        0.6157882425949751,
        0.29901308333453486,
        0.23330231232112436,
        0.2551671299690723,
        0.499401548685094,
        0.7002559477322647,
        0.5247642824870896,
        0.47709568474288727,
        0.3342576316248965,
        0.06541026865412328,
        0.4613231448409202,
        0.7756410532185907,
        0.21936515245217117,
        0.48417994571980766,
        0.3664434428402775,
        0.09769207731131548,
        0.37774383551190305,
        0.28718398692658614,
        0.4839502221987536,
        0.463415070576212,
        0.34861827915665416,
        0.39967542302620196,
        0.596241760032062,
        0.31587125101942776,
        0.20766642315515155,
        0.2884367660493294,
        0.8040388216978624
      ],
      [
        0.4741316326553038,
        0.0,
        0.9156405327805129,
        0.44814496515444996,
        0.6525723314236004,
        0.4720961371685671,
        0.5774414953450647,
        0.7413698215481298,
        0.5740553775383194,
        0.6413313905640015,
        0.07061265272917266,
        0.5813177106942524,
        0.5260717372467543,
        0.668263090722367,
        0.8376257462811645,
        0.5958036522745109,
        1.0505041570272087,
        0.6481491518001826,
        0.4280933161767966,
        0.6361749612406151,
        0.851071242115327,
        0.31894338897119257,
        0.49520485397979147,
        0.5844902256152857,
        0.7382323709447606,
        0.28410806514372317,
        0.5363422419429918,
        0.15696232470133162,
        0.7862336496249959,
        0.9321292999514764,
        0.44846660690941204,
        0.8689412426688722,
        0.8309260513813843,
        0.7614679029229755,
        0.5730592623601519,
        0.2196666437331693,
        0.9589350841237639,
        0.8338869168820943,
        0.5953149652531933,
        0.6645697155242641,
        0.8612110496954206,
        0.568691454466926,
        0.557708995562243,
        0.3034764903389201,
        0.344118650971053,
        0.6777267919011577,
        0.5670388576846527,
        0.37571537589571863,
        0.5639430389750056,
        0.1026427319545534,
        0.36929111954015675,
        0.18830016890881798,
        0.5504413206624948,
        0.9183799986466996,
        0.5704607091854118,
        0.5228996123428229,
        0.3272472418513427,
        0.9053797954552292,
        0.3576659039633527,
        0.06429007641737096,
        0.5918183732021989,
        0.750793371599015,
        0.41616366255467013,
        0.7286630744015712,
        0.5018750071268049,
        0.4883640148684306,
        0.2353018319113451,
        0.7806841079172031,
        0.514916603969048,
        0.4347799757196682,
        0.7321731631815088,
        0.254694598457406,
        0.9224646984173465,
        0.8227499118119579,
        0.506655318665476,
        0.4278613326998868,
        0.768622899077018,
        0.5953333781578979,
        0.3603834551392807,
        1.063926656566375
      ],
      [
        0.6067586370050635,
        0.9156405327805129,
        0.0,
        0.6687597304549179,
        0.416576346220477,
        1.0772632401356428,
        0.62627091042887,
        0.4605836236253207,
        0.4423147555382763,
        0.5273672948982016,
        0.941176116514026,
        0.6962766275975019,
        0.9880966176996167,
        0.3679181808397224,
        0.4517834678306129,
        0.6185426851629755,
        0.1828389099242483,
        0.3494528973638958,
        0.5177773410016748,
        0.5368692719994257,
        0.8757603278304134,
        0.7728374139875004,
        1.1045299407137656,
        0.9974606800888067,
        0.8961424441551624,
        1.0478169398252568,
        0.9418728350862535,
        0.763440122746029,
        0.7911233192827385,
        0.09501394865677869,
        0.5112609726017817,
        0.09078633684232161,
        0.33487389557680447,
        0.5255957033670114,
        0.4926516791443828,
        1.057145828853741,
        0.21016858447474257,
        0.3247723968336099,
        0.41620167011644343,
        0.5023534332484136,
        0.45430218903979946,
        0.9103422274558236,
        0.8939329848771405,
        0.7636399427932199,
        0.7428337338295904,
        0.48093689675616735,
        0.9361722891133335,
        0.6823590865494553,
        0.6480011193674615,
        0.8880963131562067,
        1.0531561255979487,
        0.8143476499423337,
        0.6070039338573413,
        0.06752537926955726,
        0.9045889645003561,
        0.5676155320000769,
        0.6813012779045241,
        0.3059006670419346,
        0.722483991547593,
        0.9565035365134658,
        0.323822159578314,
        0.8658963168700852,
        0.6721689056591867,
        0.5801835218928482,
        0.6868167995097395,
        0.8252242152883267,
        0.9532539377399796,
        0.9099033498232301,
        0.704450714316379,
        0.5822208679224852,
        0.8477605216612547,
        1.0474047445552528,
        0.4456724379437785,
        0.4330730559684009,
        0.40898521411503697,
        1.2018176411978831,
        0.8317481297423548,
        0.814425060160215,
        0.6675898272215808,
        0.19915423112093136
      ],
      [
        0.06318405140323463,
        0.44814496515444996,
        0.6687597304549179,
        0.0,
        0.639908451112009,
        0.40850350968072496,
        0.15794476591818749,
        0.3236243383926407,
        0.446022133219671,
        0.3449032004251507,
        0.42625959374803063,
        0.13372939318597313,
        0.31940371732247314,
        0.6416848756835252,
        0.4167621295246463,
        0.18391609620794472,
        0.8438517992455419,
        0.6286457766930054,
        0.3691683581847902,
        0.3364635849973874,
        0.4176317535371726,
        0.12961107951436623,
        0.43577021025884777,
        0.3316346827804706,
        0.31972621752283825,
        0.49429323625836047,
        0.2740118530796581,
        0.325570806408741,
        0.34450951459438645,
        0.7097260322068175,
        0.3709193691577698,
        0.6900498101195041,
        0.4463874956632973,
        0.3344749586441485,
        0.6195061872489328,
        0.5042274747197996,
        0.6616847861399487,
        0.4560637501282157,
        0.48358736478189357,
        0.41931056643151804,
        0.45550145959321675,
        0.24213830518810972,
        0.2251732544222226,
        0.15940941224949737,
        0.6651725894151703,
        0.3634887747343595,
        0.2674125586584157,
        0.745874195423565,
        0.13825828019879097,
        0.4679606477082907,
        0.4996324220310524,
        0.2608239463754373,
        0.1394937394104257,
        0.6789722939982097,
        0.2358292340454382,
        0.296486363724359,
        0.20487712801185562,
        0.5596807686733564,
        0.6878592969702009,
        0.5031671008544849,
        0.5402797361461219,
        0.30302007490614075,
        0.08925476392401827,
        0.48516764011081515,
        0.8156161238461233,
        0.15646448483340877,
        0.48892512888805295,
        0.34878966075338647,
        0.07178635903189742,
        0.3274538335546863,
        0.2885974851949961,
        0.47135149224920503,
        0.5163148768558197,
        0.40391239197006074,
        0.46285947442943665,
        0.5330579107429653,
        0.32270452793668175,
        0.1778911832160862,
        0.23814676409211272,
        0.867222873101097
      ],
      [
        0.5936439773876141,
        0.6525723314236004,
        0.416576346220477,
        0.639908451112009,
        0.0,
        0.9352663659346733,
        0.6135756716259753,
        0.6065077565396761,
        0.25284774343463107,
        0.44042605455451156,
        0.7171712955532978,
        0.6885999967516018,
        0.9009823369745115,
        0.04880296901281718,
        0.6732897452130532,
        0.5704721239913945,
        0.5708906828901968,
        0.06729665084980065,
        0.28658202050179216,
        0.441562416451741,
        0.9855187740192595,
        0.5818915620290224,
        0.9644955855888834,
        0.9319179395956554,
        0.9178286391318018,
        0.8299306475233299,
        0.8665852637243351,
        0.5584834779486516,
        0.9038034853196125,
        0.5087634991905043,
        0.29695833529446247,
        0.5073626830627986,
        0.5759390202092309,
        0.6849512647426635,
        0.0814784417795444,
        0.7906890911582194,
        0.6227582821411478,
        0.5740292886927572,
        0.22749351899253295,
        0.39928897841596583,
        0.704220339391117,
        0.8350804450460168,
        0.7979391242918068,
        0.5152159874145394,
        0.34474461853384747,
        0.441126522599804,
        0.8483481355106284,
        0.2768569555278818,
        0.6272844714564801,
        0.5794799344929569,
        0.8352698332960218,
        0.5964613576404068,
        0.517334289380423,
        0.47845593650914675,
        0.8152945707089004,
        0.36034166506648974,
        0.43503132310015336,
        0.6579629222799734,
        0.32258081558174795,
        0.5882822550062294,
        0.13533163754326905,
        0.8290304877322658,
        0.6279767141317175,
        0.24155101946544655,
        0.27033606672885846,
        0.7456522704055077,
        0.7145692161275898,
        0.8748000735795115,
        0.6785717578350341,
        0.3675362895576396,
        0.8475164353001444,
        0.8200760269415983,
        0.7304994075854354,
        0.6456546527613908,
        0.19445577979099846,
        0.9990388610230452,
        0.8633624467602286,
        0.7897764571153788,
        0.4353812528241018,
        0.5739329371012062
      ],
      [
        0.4716291154437525,
        0.4720961371685671,
        1.0772632401356428,
        0.40850350968072496,
        0.9352663659346733,
        0.0,
        0.5587423253340987,
        0.7194200776298639,
        0.823810887966335,
        0.7381068367934643,
        0.4042902948331623,
        0.4880172393728268,
        0.13034793315821272,
        0.9577674975175127,
        0.801668131438368,
        0.5921163576836781,
        1.2450788432801492,
        0.9559283188350582,
        0.7141834526692659,
        0.7290647240693722,
        0.5949959904163749,
        0.4246170718590878,
        0.029229219654210097,
        0.17862033010757686,
        0.4772273721050723,
        0.18855073311932563,
        0.17400299302819447,
        0.4916031620696644,
        0.572320389994441,
        1.1109530762414248,
        0.7213607504122922,
        1.089217364412863,
        0.8501970239405354,
        0.7312817460976642,
        0.9589275787253675,
        0.2711732300310157,
        1.0692462205893392,
        0.8603489402673752,
        0.8613761195285575,
        0.827814076112243,
        0.8363177985919956,
        0.19263989161646367,
        0.18625864334358663,
        0.468981780220854,
        0.8046584572360085,
        0.7719922844150844,
        0.15876404746983824,
        0.8445835316382093,
        0.5336314169106898,
        0.5612810919680856,
        0.16549563987503615,
        0.40430411553065126,
        0.5479388034509436,
        1.080199338032817,
        0.17334451143521884,
        0.674275118471023,
        0.5521407679908804,
        0.9613478383303649,
        0.8145615333502487,
        0.5331582321598616,
        0.8948296058946709,
        0.5846846006759563,
        0.47721125162906347,
        0.8731241278158604,
        0.9598715654318489,
        0.25519644596184976,
        0.6699565780288239,
        0.5808322965766192,
        0.4149261759642929,
        0.6747174735337111,
        0.5403727139918062,
        0.21891993496474904,
        0.8974315616356048,
        0.7946002019271601,
        0.8151873836561658,
        0.15628205636052767,
        0.5804324152217737,
        0.395591721388705,
        0.5854104040711375,
        1.2684499171357042
      ],
      [
        0.10330986268976092,
        0.5774414953450647,
        0.62627091042887,
        0.15794476591818749,
        0.6135756716259753,
        0.5587423253340987,
        0.0,
        0.16568728680354924,
        0.36072792819134414,
        0.18695843450696323,
        0.5608134197121112,
        0.10143316781403487,
        0.45642506876415406,
        0.5841469945115718,
        0.26037171258758,
        0.0969324887799516,
        0.702611811304556,
        0.5670359190340748,
        0.3557943814936742,
        0.17851881907919986,
        0.406200641232003,
        0.2688851586461265,
        0.584782118015586,
        0.4551227593244044,
        0.32580365497226604,
        0.6085668133264237,
        0.40770330113483605,
        0.44127731986056584,
        0.32585586664108884,
        0.553879160451846,
        0.33277220415164244,
        0.5354845735865483,
        0.2915013223173075,
        0.18549217492743422,
        0.6319826147209724,
        0.620136067359109,
        0.5118858207165391,
        0.3016111636924694,
        0.3978063948160317,
        0.2875425157174753,
        0.30006408372318444,
        0.3783051522400594,
        0.37260334882927604,
        0.27531800488880687,
        0.7808791028669951,
        0.23509406516697226,
        0.408261510622146,
        0.8293265011854056,
        0.028322506556240128,
        0.5841813842547924,
        0.6282985929073173,
        0.38949011725170213,
        0.10134657440429837,
        0.58286223583463,
        0.3855540565264258,
        0.25833919871823163,
        0.35847699265883326,
        0.40352900473062453,
        0.8035658104220257,
        0.6280741451768506,
        0.47922052415130645,
        0.3199761636186042,
        0.1687201313438842,
        0.5646330075306811,
        0.8006779396156979,
        0.3035521038984638,
        0.5874898084095685,
        0.34864059980342577,
        0.1479154233804195,
        0.4037320994723459,
        0.26938114388973433,
        0.5660885161925184,
        0.3602655051244323,
        0.24630403027155715,
        0.4247123094233093,
        0.6827827332239529,
        0.29782669304731535,
        0.22883152391920922,
        0.39174662873909033,
        0.7281726871049147
      ],
      [
        0.267238188892826,
        0.7413698215481298,
        0.4605836236253207,
        0.3236243383926407,
        0.6065077565396761,
        0.7194200776298639,
        0.16568728680354924,
        0.0,
        0.35414667225806784,
        0.16892780569637225,
        0.7265007065156605,
        0.23569300397218115,
        0.6103965975820579,
        0.5770967645077762,
        0.10061799891554193,
        0.1945107534190073,
        0.5758760360234403,
        0.5593193981114429,
        0.3800666333239573,
        0.17084603969611362,
        0.5404604773901492,
        0.4295679717372843,
        0.7445389978630532,
        0.6013021035863825,
        0.46604722164805096,
        0.7651770587473216,
        0.5609198819224843,
        0.605205646063631,
        0.4601157027992351,
        0.42808011445634725,
        0.35615424281264235,
        0.36979728678299906,
        0.13796912760518337,
        0.07996416599013254,
        0.639188114397272,
        0.7840643935621741,
        0.36344205050552136,
        0.14897455365437653,
        0.38396263404963293,
        0.22300068722551603,
        0.14201788280201388,
        0.5335307131012643,
        0.533311099492617,
        0.43924633109187194,
        0.8249490466941093,
        0.17042110213547898,
        0.5651902088496576,
        0.8365320008617052,
        0.18741749574214078,
        0.7259096031458601,
        0.7922269191103823,
        0.5534184434547672,
        0.23641055148061854,
        0.4189291862075699,
        0.547193851062438,
        0.2827618371656163,
        0.5224053188618983,
        0.24293361702249022,
        0.8476357542491398,
        0.7920024713799156,
        0.4726322702457539,
        0.4542359997767505,
        0.33264845754694927,
        0.6429082751879355,
        0.8203178261914684,
        0.4651619702218137,
        0.7514181346126336,
        0.48290043596157206,
        0.3045256688013174,
        0.4271141381333458,
        0.4036409800478806,
        0.7226987616134163,
        0.19905788345296113,
        0.08184040067272222,
        0.42090051945184026,
        0.8444225277599651,
        0.43208652920546164,
        0.35623490432561206,
        0.5124830974324412,
        0.60217053886876
      ],
      [
        0.3828380818164363,
        0.5740553775383194,
        0.4423147555382763,
        0.446022133219671,
        0.25284774343463107,
        0.823810887966335,
        0.36072792819134414,
        0.35414667225806784,
        0.0,
        0.19095284926352324,
        0.6080853278714451,
        0.45893214742899424,
        0.7527210972242336,
        0.22341906632022762,
        0.4214450221968523,
        0.3596662284202167,
        0.49321126001975085,
        0.20630799084273072,
        0.14868357088939307,
        0.19390279755498802,
        0.7636996208469624,
        0.4506206940612536,
        0.8477150061020412,
        0.7726418667135124,
        0.6865312881760458,
        0.6903532355014697,
        0.7179522798976264,
        0.42568882498452987,
        0.6833548462560481,
        0.537328704195055,
        0.13387573529178506,
        0.5331010923805979,
        0.3296156231948216,
        0.4331257724794819,
        0.2942639184942453,
        0.7057759628192932,
        0.4457024017174127,
        0.3287889847945057,
        0.03802206824573545,
        0.15133703311791294,
        0.45377043831483616,
        0.6864216722671964,
        0.6678218229482097,
        0.38543223109579494,
        0.5418205014903846,
        0.18858479049818458,
        0.7038578678536627,
        0.49160780495867856,
        0.3890504347475843,
        0.5190025430439251,
        0.6956924212741615,
        0.45688394561854645,
        0.30652839380924524,
        0.5098401348078336,
        0.650466376531116,
        0.14953576949531197,
        0.30227324332576855,
        0.41001097698192046,
        0.5191337939353542,
        0.5871384760919098,
        0.11849259595996231,
        0.6774751432335635,
        0.44824835047055966,
        0.3100127144050444,
        0.48805394920489975,
        0.6022032342686074,
        0.5961587810158053,
        0.7061395794183851,
        0.47829463923312754,
        0.20483563061248855,
        0.6268801235046937,
        0.6858274094402658,
        0.48362637996508384,
        0.39375263966723073,
        0.08800495866894918,
        0.8791109759172641,
        0.6553256726622747,
        0.5851556608304643,
        0.28394191146211833,
        0.5066380705750781
      ],
      [
        0.29026829719672415,
        0.6413313905640015,
        0.5273672948982016,
        0.3449032004251507,
        0.44042605455451156,
        0.7381068367934643,
        0.18695843450696323,
        0.16892780569637225,
        0.19095284926352324,
        0.0,
        0.6120061405176074,
        0.2883785096025562,
        0.6233830235066038,
        0.4139977796239652,
        0.25209853460367454,
        0.28389092328691484,
        0.5549245939164011,
        0.3971965550729978,
        0.2178149882137816,
        0.011647896909150033,
        0.5931459830205243,
        0.45584359315308975,
        0.7599698235141574,
        0.6303244368771528,
        0.5071451780828646,
        0.7493879977414277,
        0.5767620478486539,
        0.48882247171389503,
        0.5128012084296101,
        0.4885972731176362,
        0.19286478365458945,
        0.43658095805587993,
        0.19747743625574324,
        0.24530885179915626,
        0.47041226635440114,
        0.7611781881112475,
        0.37433002110558994,
        0.20259489806459163,
        0.22451594662825805,
        0.10366367611278204,
        0.29020173312081043,
        0.5454669451770007,
        0.5532002505039884,
        0.44524375384602766,
        0.7158860956927726,
        0.06135815113414229,
        0.5794573940976405,
        0.6677561528188344,
        0.21455725533641773,
        0.5673762164599448,
        0.7547271835141196,
        0.5159187078585046,
        0.28122107479363434,
        0.4838459702067523,
        0.5675085053930015,
        0.12422845047970102,
        0.3632886359254508,
        0.3045434301060781,
        0.709203662466828,
        0.6483104231996137,
        0.30856246449143615,
        0.5069215054071254,
        0.35567856585084745,
        0.4742232120713903,
        0.6520488535325742,
        0.4859080800926625,
        0.6571741736154876,
        0.5355859415919471,
        0.3242267937517013,
        0.26382467897529294,
        0.4563264856782556,
        0.7423998865638002,
        0.3339217958379716,
        0.2253270305191926,
        0.2522154563352951,
        0.8647371820905285,
        0.48477203483583664,
        0.4153586544188212,
        0.34919363827438843,
        0.5830604168861678
      ],
      [
        0.46063427090740916,
        0.07061265272917266,
        0.941176116514026,
        0.42625959374803063,
        0.7171712955532978,
        0.4042902948331623,
        0.5608134197121112,
        0.7265007065156605,
        0.6080853278714451,
        0.6120061405176074,
        0.0,
        0.559862938203966,
        0.4596416731017764,
        0.6936981089229761,
        0.8211851322996913,
        0.5823062905266163,
        1.0876142263417403,
        0.6735841700007916,
        0.4597602930241746,
        0.6236540374267574,
        0.8345315277811185,
        0.2973473012790305,
        0.4266482751057699,
        0.5180601614703079,
        0.7284621416576277,
        0.21767800099874526,
        0.469912177798014,
        0.1823973429019407,
        0.7623381417921169,
        0.9614893041887845,
        0.47782661114672015,
        0.8983012469061803,
        0.8094835767733506,
        0.7462940144543622,
        0.6376582264898494,
        0.14917204759364014,
        0.985161518651213,
        0.814601038582199,
        0.6324250345677248,
        0.6907961500517132,
        0.8546881596438038,
        0.5022613903219482,
        0.5361129078700808,
        0.29695360028730333,
        0.41447062358141246,
        0.6733642916517497,
        0.5006087935396748,
        0.4403143400254161,
        0.5513956343863171,
        0.17127363510400387,
        0.3028610553951788,
        0.17957551011605896,
        0.5369439589146002,
        0.9477400028840077,
        0.5488646214932498,
        0.552259616580131,
        0.3378220639550539,
        0.9159546175589404,
        0.42764874043793405,
        0.1288890405470684,
        0.6173539569357119,
        0.7250801318457595,
        0.40820271783625045,
        0.7691555978048878,
        0.5713915879589839,
        0.4667679271762685,
        0.2999054028956302,
        0.7684293278345913,
        0.48863302771385353,
        0.45414227247944483,
        0.7069166640305999,
        0.1857767716430119,
        0.9159418083657297,
        0.8071174499836683,
        0.5471478420687926,
        0.35747920452521287,
        0.7402785228736013,
        0.583078598075286,
        0.37109170003531095,
        1.1010410368970676
      ],
      [
        0.11960759114490341,
        0.5813177106942524,
        0.6962766275975019,
        0.13372939318597313,
        0.6885999967516018,
        0.4880172393728268,
        0.10143316781403487,
        0.23569300397218115,
        0.45893214742899424,
        0.2883785096025562,
        0.559862938203966,
        0.0,
        0.3751659323863653,
        0.6734568436442783,
        0.3136512618286043,
        0.18982545490293803,
        0.7969330946092206,
        0.6604177446537585,
        0.4257135144605546,
        0.27993337344845554,
        0.3047674734179681,
        0.2632955734179033,
        0.512045611187814,
        0.3660389668502113,
        0.2303542176758698,
        0.5398032198367863,
        0.325617931665262,
        0.4531361759512454,
        0.22442269882705396,
        0.6482531674300367,
        0.40269133711852284,
        0.6054902907551802,
        0.3719813783987553,
        0.2720991750840921,
        0.7019017476878529,
        0.5628413868913523,
        0.596836265790786,
        0.3827465970488564,
        0.4969542156747297,
        0.3883600831218246,
        0.3483005592191688,
        0.299033225070179,
        0.30357642351294145,
        0.28563234230741225,
        0.7927379589576746,
        0.3350876685671641,
        0.33142644524307635,
        0.8734395649660693,
        0.07444884589711781,
        0.5962420468592717,
        0.6243013275075084,
        0.39342128631023543,
        0.17126570737117874,
        0.6546221901797511,
        0.31873484133996416,
        0.32825833168511204,
        0.33860652119782875,
        0.4784667983599618,
        0.8154246665127052,
        0.6352986177061544,
        0.5720517041068749,
        0.21854299580456932,
        0.18493055879675857,
        0.5808434349835554,
        0.8705970725825782,
        0.23833063592910153,
        0.6037733221494344,
        0.24720743198939085,
        0.07915182989078207,
        0.3901872981681765,
        0.16794797607569945,
        0.497324922702881,
        0.4094143222627779,
        0.30726220981404007,
        0.49463144239018964,
        0.6159635180374912,
        0.19639352523328046,
        0.12852524656314745,
        0.3718761572780858,
        0.8218244118593331
      ],
      [
        0.3813379806945532,
        0.5260717372467543,
        0.9880966176996167,
        0.31940371732247314,
        0.9009823369745115,
        0.13034793315821272,
        0.45642506876415406,
        0.6103965975820579,
        0.7527210972242336,
        0.6233830235066038,
        0.4596416731017764,
        0.3751659323863653,
        0.0,
        0.9049182075180909,
        0.6867775876043887,
        0.5029667032353828,
        1.1583723100486472,
        0.9004046247353875,
        0.6331145952750664,
        0.6228470316114568,
        0.4652245532615904,
        0.3340626565097353,
        0.14651644830556293,
        0.05896882357449174,
        0.34695285607780046,
        0.24196367210303113,
        0.049570721163888214,
        0.5115320996348146,
        0.44224350869860257,
        1.0096396591959373,
        0.6381453197514102,
        0.9801938843650569,
        0.7449776577635526,
        0.627179715982266,
        0.8757121480644856,
        0.3465118831598627,
        0.9679000115962977,
        0.755508469994039,
        0.7902863287864562,
        0.7270466996193858,
        0.7233638470057338,
        0.07831215822602827,
        0.10304321268270461,
        0.385766349559972,
        0.8511338826412439,
        0.6809301789776148,
        0.05351965168587542,
        0.792382778175735,
        0.4295293867952917,
        0.6149080428569177,
        0.2958435730332489,
        0.4672125407812857,
        0.4576476687017443,
        0.9971262232895284,
        0.10225472069311753,
        0.6031853277289216,
        0.4689253373299984,
        0.8533296283803165,
        0.8576235556812782,
        0.5880256882406483,
        0.8264008395272165,
        0.45716726302075805,
        0.39613030774804014,
        0.792043183934837,
        0.9592093902892515,
        0.16464203061249724,
        0.701345914628765,
        0.45620677340317917,
        0.3087084835063776,
        0.5915020428728291,
        0.4117214445983041,
        0.28297003443017665,
        0.7845802546491432,
        0.6820409775948676,
        0.7417629311316877,
        0.284081521164307,
        0.4514102113041253,
        0.27118279554905533,
        0.5021949734102555,
        1.183933185849006
      ],
      [
        0.5785008242802905,
        0.668263090722367,
        0.3679181808397224,
        0.6416848756835252,
        0.04880296901281718,
        0.9577674975175127,
        0.5841469945115718,
        0.5770967645077762,
        0.22341906632022762,
        0.4139977796239652,
        0.6936981089229761,
        0.6734568436442783,
        0.9049182075180909,
        0.0,
        0.6392872179533676,
        0.555328970884071,
        0.5225311431661129,
        0.0201139389221844,
        0.28186160878066047,
        0.4162486469144205,
        0.9586548532582054,
        0.5868072076561085,
        0.9839015196968961,
        0.9355488475958986,
        0.9026854860244783,
        0.786924088616229,
        0.8701702441114132,
        0.5113007660210354,
        0.8740178447105306,
        0.4603640667625046,
        0.2882353116013206,
        0.458704517682044,
        0.5421657127588825,
        0.6563546637669702,
        0.12865017383331817,
        0.8024450173993602,
        0.5744346936223658,
        0.5402559812424086,
        0.1937202115421844,
        0.364159347663964,
        0.6687701814389265,
        0.8386776441011056,
        0.8033512765259563,
        0.5206281396486889,
        0.39062414720833194,
        0.40908031946179385,
        0.8537602877447779,
        0.32028262870923,
        0.6121413183491566,
        0.6256044261748925,
        0.7922718576424765,
        0.5534633819868614,
        0.5021911362730995,
        0.43013234799036465,
        0.8207067229430499,
        0.3451985119591662,
        0.43861294246696936,
        0.6228332915279715,
        0.3687053072636837,
        0.6317079281875777,
        0.10554599693418712,
        0.7992448471231839,
        0.633388866365867,
        0.2728045078009695,
        0.31890447562448415,
        0.7495417747244939,
        0.7011145810149859,
        0.8450144329704296,
        0.6701629142379588,
        0.35912744596056445,
        0.837800324667097,
        0.7841002494767546,
        0.6965902347947838,
        0.6117987903126142,
        0.17973670613948628,
        0.9771118522097942,
        0.8335768061511466,
        0.7808184032943186,
        0.4352456188508074,
        0.525971115352695
      ],
      [
        0.36349411362586076,
        0.8376257462811645,
        0.4517834678306129,
        0.4167621295246463,
        0.6732897452130532,
        0.801668131438368,
        0.26037171258758,
        0.10061799891554193,
        0.4214450221968523,
        0.25209853460367454,
        0.8211851322996913,
        0.3136512618286043,
        0.6867775876043887,
        0.6392872179533676,
        0.0,
        0.29488925623216566,
        0.550432579472333,
        0.6204188122666932,
        0.469330200526529,
        0.2569300062853604,
        0.5700383479863078,
        0.5277940072138267,
        0.8255759453878563,
        0.6796902286788156,
        0.5440054795044741,
        0.849392735355982,
        0.6372543414722573,
        0.7014615707966657,
        0.5380739606556583,
        0.40901000212809435,
        0.4446217939330635,
        0.3609971309882913,
        0.11964196981028116,
        0.09700149269706294,
        0.7138814749498228,
        0.8724309024105481,
        0.31945054188281713,
        0.1284803284788452,
        0.446187945287237,
        0.2752142771078025,
        0.04142299993916515,
        0.611922529668907,
        0.6168969210615196,
        0.5355022558249067,
        0.8876268274104013,
        0.23309888285177108,
        0.6447152478074613,
        0.911225361414256,
        0.27857991725946757,
        0.816549961672242,
        0.8884828438434169,
        0.6496743681878019,
        0.33686753747396747,
        0.4070926498888761,
        0.6317075806568226,
        0.37340219569199823,
        0.6150456462039249,
        0.18343831749778713,
        0.9103135349654319,
        0.8882583961129504,
        0.5379695947168648,
        0.5321942576331736,
        0.42890438227998406,
        0.7188566535432572,
        0.9013296882053689,
        0.5504009470748936,
        0.8476740593456684,
        0.5608586938179951,
        0.3887413454099778,
        0.515581689253767,
        0.48159923790430376,
        0.8069144382220768,
        0.09992389002877525,
        0.02770245004486006,
        0.496848897807162,
        0.9289362573543497,
        0.5100447870618847,
        0.44217650839175177,
        0.6009506485528624,
        0.5780385173325879
      ],
      [
        0.12167201961920719,
        0.5958036522745109,
        0.6185426851629755,
        0.18391609620794472,
        0.5704721239913945,
        0.5921163576836781,
        0.0969324887799516,
        0.1945107534190073,
        0.3596662284202167,
        0.28389092328691484,
        0.5823062905266163,
        0.18982545490293803,
        0.5029667032353828,
        0.555328970884071,
        0.29488925623216566,
        0.0,
        0.7252432663423912,
        0.5422898718935512,
        0.3075856417003473,
        0.27545130785915145,
        0.4945929283209062,
        0.28775079660164404,
        0.6188621720698161,
        0.5117026668001541,
        0.419358958332049,
        0.6413215640640715,
        0.4567693264530251,
        0.45963947679001216,
        0.414248153729992,
        0.5797726633824101,
        0.2845634643583156,
        0.5277563483206539,
        0.28568178070846356,
        0.24554235566182311,
        0.5837738749276455,
        0.6384982242885553,
        0.48709297962548803,
        0.2937702883293656,
        0.3972314599824393,
        0.3844750044974269,
        0.3363074123790056,
        0.42525516034441607,
        0.40878271569252767,
        0.2936801618182531,
        0.7992412597964415,
        0.3320265539469239,
        0.45126441487666297,
        0.7811177613920788,
        0.11752980831570836,
        0.6025435411842387,
        0.6466607498367635,
        0.4078522741811484,
        0.05313783461097147,
        0.5750213604715262,
        0.4187718462484592,
        0.21013045892490476,
        0.3768391495882795,
        0.3996197251117675,
        0.821927967351472,
        0.6464363021062968,
        0.4539238313466677,
        0.4083684507075073,
        0.18708228827333045,
        0.5829951644601273,
        0.752469199822371,
        0.3403476687125903,
        0.6058519653390149,
        0.4370328868923289,
        0.20931097947377272,
        0.35552335967901905,
        0.35777343097863745,
        0.6056222418179609,
        0.3914769137417035,
        0.2735930922266998,
        0.3765035696299824,
        0.7160005229459863,
        0.38621898013621847,
        0.3093064772531656,
        0.4101087856685366,
        0.7522064691835164
      ],
      [
        0.7806677478423073,
        1.0505041570272087,
        0.1828389099242483,
        0.8438517992455419,
        0.5708906828901968,
        1.2450788432801492,
        0.702611811304556,
        0.5758760360234403,
        0.49321126001975085,
        0.5549245939164011,
        1.0876142263417403,
        0.7969330946092206,
        1.1583723100486472,
        0.5225311431661129,
        0.550432579472333,
        0.7252432663423912,
        0.0,
        0.5062930066438358,
        0.6315504482423508,
        0.5432766970072511,
        0.9879966001918169,
        0.9385693011455483,
        1.2718246576662873,
        1.1575827837678783,
        1.008378716516566,
        1.17487252678646,
        1.109505163670761,
        0.9054713439983806,
        0.903359591644142,
        0.14873265085270992,
        0.6200981642811734,
        0.21301342644458196,
        0.4423731603772853,
        0.6342491063175402,
        0.6509696628803047,
        1.189794465263877,
        0.23904132371442463,
        0.43147297801302564,
        0.4551891917740154,
        0.5334066923139245,
        0.5466737370610825,
        1.0804317642219892,
        1.0689293064952947,
        0.8724771344726115,
        0.9093384703274804,
        0.5526853986960436,
        1.1104874652177812,
        0.8391991958293954,
        0.7306530557654985,
        1.001869420396883,
        1.1802117125591518,
        0.9414032369035368,
        0.7043580598351162,
        0.1648795052473322,
        1.0717343318449304,
        0.64229019283155,
        0.7902218504100632,
        0.37596024771083936,
        0.8881350157426353,
        1.077350968896598,
        0.4970878227513459,
        0.9495958131908283,
        0.8460780164964306,
        0.756311222450943,
        0.8361437052997581,
        1.0000329002944786,
        1.0841073881001,
        0.9946156585457141,
        0.8496638265422697,
        0.6910580596018769,
        0.9561995653708354,
        1.171919992487838,
        0.5186081160516762,
        0.536443224898141,
        0.5460675696383193,
        1.3652035589648364,
        0.9152638541628656,
        0.9243672965342024,
        0.7735163035804995,
        0.02813582296976671
      ],
      [
        0.5654617252897707,
        0.6481491518001826,
        0.3494528973638958,
        0.6286457766930054,
        0.06729665084980065,
        0.9559283188350582,
        0.5670359190340748,
        0.5593193981114429,
        0.20630799084273072,
        0.3971965550729978,
        0.6735841700007916,
        0.6604177446537585,
        0.9004046247353875,
        0.0201139389221844,
        0.6204188122666932,
        0.5422898718935512,
        0.5062930066438358,
        0.0,
        0.27297875003750016,
        0.39976384100691453,
        0.9428858585605937,
        0.5804791764609184,
        0.977573488501706,
        0.9290719367846791,
        0.8896463870339585,
        0.7849163343577602,
        0.8636933333001937,
        0.491186827098851,
        0.8582488500129188,
        0.44147645700210125,
        0.2777983224588153,
        0.4402392342062174,
        0.5234997868765968,
        0.6387345220360615,
        0.14480051128205296,
        0.7869155697494841,
