{
  "sol": {
    "z": 3.7355614804692987,
    "tours": [
      [
        0,
        2,
        34,
        7,
        21,
        6,
        18,
        17,
        24,
        33,
        14,
        29,
        32,
        9,
        15,
        28,
        25,
        5,
        16,
        10
      ],
      [
        13,
        26,
        19,
        20,
        3,
        30,
        31,
        12,
        22,
        4,
        35,
        11,
        8,
        27,
        23,
        1,
        29
      ]
    ]
  },
  "params": {
    "gm": [
      [
        0.0,
        0.3282117827229424,
        0.08611297830095288,
        0.7534703685440778,
        0.6471165243341042,
        0.6573597950163869,
        0.2828829512295685,
        0.30666501505677346,
        0.4477152637990292,
        0.6586877403870012,
        0.7540116374126051,
        0.5107138981681145,
        0.7839523151475136,
        0.7913682419065979,
        0.4208043192309217,
        0.5170878669833895,
        0.6010527288502682,
        0.4860735439835001,
        0.3299857967673724,
        0.8823396838150765,
        0.9533222881993664,
        0.3551601743442842,
        0.8444338680798809,
        0.14467687312361377,
        0.3834256225587221,
        0.6167633651245693,
        0.7486871941547485,
        0.39609443230470615,
        0.5502508345811143,
        0.42727793988543206,
        0.7351033200629127,
        0.8057574245486485,
        0.4709204769053724,
        0.37994297250636555,
        0.17305881617484367,
        0.5461333157133559,
        0.6871330635939716,
        0.2605951818631498,
        0.35139033741119047,
        0.4744176182261186,
        0.4174565623020831,
        0.5565538798689782,
        0.5804653769162049,
        0.598992528866348,
        0.30440708531348404,
        0.19025712065889508,
        0.44690343082956124,
        0.884504682446519,
        0.898373949328809,
        0.788346382243816,
        0.3935316262909788,
        0.2072758315780459,
        0.8218318641420275,
        0.23965120357823544,
        0.4302709078871848,
        0.6614447823568748,
        0.2947182558918249,
        0.9288088912355352,
        0.17964650532077223,
        0.7356275454487644,
        0.3187575452957107,
        0.5802764225978772,
        0.20554420394655368,
        0.4070265692476005,
        0.13887443969240862,
        0.6121236414504834,
        0.7820764239958184,
        0.3826313912340436,
        0.8875919355619696,
        0.4610506458661821,
        0.45854133912971234,
        0.6157273400303149,
        0.9157210239771244,
        0.7529172164738559,
        0.9209602500102168,
        0.7158215462816997,
        0.603434441643122,
        0.24206972923915682,
        0.7599223176557148,
        0.9184590010511893,
        0.8674112848220547,
        0.6655378456407735,
        0.38572629428634564,
        0.8556303009220729,
        0.3678973579125485,
        0.692483154965848,
        0.574115978306956,
        0.8418474380163652,
        0.6194808276329902,
        0.38326296250513847
      ],
      [
        0.3282117827229424,
        0.0,
        0.41432476102389526,
        0.5765029391770248,
        0.31890474161116183,
        0.7447309789564597,
        0.37410848501381816,
        0.46091661024103225,
        0.14997495575467965,
        0.3953976870074197,
        0.8079014896464345,
        0.18250211544517211,
        0.5396353994715484,
        0.7832924995371997,
        0.1332601484003042,
        0.5398021407201398,
        0.8382653316982469,
        0.15786176126055773,
        0.2426059500243549,
        0.8605951786281661,
        0.7757903228329364,
        0.4549577822391867,
        0.5162220853569385,
        0.44142560283298177,
        0.055213839835779724,
        0.6437906582380973,
        0.6944091183276276,
        0.1909078335890982,
        0.6233971854038167,
        0.16810511351265023,
        0.4998369800362386,
        0.5855125667358009,
        0.23601556723213757,
        0.11247074741204208,
        0.4566665855037412,
        0.21792153299041356,
        0.7695558593941827,
        0.4590685872188646,
        0.6301504521345468,
        0.15714947802430138,
        0.6639706818246953,
        0.2813240112548282,
        0.6079983745170489,
        0.2707807461434056,
        0.45721171210759237,
        0.4485828783648348,
        0.11869164810661885,
        0.5562928997235765,
        0.5701621666058667,
        0.5534414725705812,
        0.06531984356803647,
        0.44269103004782767,
        0.4936200814190852,
        0.5481333095196421,
        0.10205912516424244,
        0.41494762953534037,
        0.5860908389456647,
        0.8401253749199956,
        0.38563006907465597,
        0.4991614895522753,
        0.16946188567467627,
        0.6715308260851621,
        0.4144686215727199,
        0.18853031786780683,
        0.38669888919922973,
        0.28391185872754104,
        0.5662109836954791,
        0.5814726469887773,
        0.8546311959488809,
        0.13283886314323973,
        0.5772546349895791,
        0.35231156861411805,
        0.7386242888820921,
        0.7411226998783198,
        0.8460290855256541,
        0.4809166366084648,
        0.6996702162537705,
        0.28350359965248156,
        0.5197782672642436,
        0.8237633270476101,
        0.5391995020991124,
        0.7112504626225198,
        0.6322900407654632,
        0.5274185181991307,
        0.4829149669984063,
        0.8075007640517058,
        0.7811007600341398,
        0.8058332779232706,
        0.3642490428542827,
        0.4944153369236374
      ],
      [
        0.08611297830095288,
        0.41432476102389526,
        0.0,
        0.8013245614541409,
        0.733229502635057,
        0.6953267872831232,
        0.29236000485803726,
        0.29024622153505325,
        0.4335989969270796,
        0.7180441716231563,
        0.7955702165898011,
        0.564103304313286,
        0.8689361158480746,
        0.8449892579679126,
        0.5051488107843506,
        0.5736582960188956,
        0.5788075559435578,
        0.5123127030810798,
        0.34999069474183275,
        0.9416460301347572,
        1.0011764811094295,
        0.34971182555944774,
        0.9305468463808337,
        0.13056060625166413,
        0.46953860085967497,
        0.6693721442573903,
        0.8087589733539304,
        0.38197816543275653,
        0.5971472702966071,
        0.5009866379047567,
        0.8200096136085717,
        0.8901019161020773,
        0.5558267704510313,
        0.46428746405979443,
        0.14570594012498178,
        0.6188919133598081,
        0.7246892448161724,
        0.28201513713126525,
        0.31901070412194293,
        0.49809694477826627,
        0.3990228465137873,
        0.6302625778883029,
        0.6337131259836418,
        0.6851055071673009,
        0.2889089957534407,
        0.16600343137118911,
        0.4742067439221831,
        0.9706176607474719,
        0.9844869276297619,
        0.8732526757894749,
        0.4796446045919317,
        0.2213514362561551,
        0.9079448424429803,
        0.19281689452499912,
        0.5163838861881377,
        0.6984937452074265,
        0.2579680498134451,
        0.9820566403029721,
        0.18578197422326942,
        0.8199720370021932,
        0.4031020368491396,
        0.5618427068095814,
        0.23354106758436316,
        0.43070589579974816,
        0.16255376624455628,
        0.6982366197514362,
        0.8664209155492473,
        0.39752603372230066,
        0.9408396846294065,
        0.5471636241671349,
        0.49880056607137824,
        0.690051439254957,
        0.9635752168871875,
        0.8061649655412928,
        0.9779497552371582,
        0.8007278398273585,
        0.6429355801880186,
        0.26522345359682414,
        0.8412642998416473,
        0.9717067501186263,
        0.9535242631230075,
        0.7115009415665704,
        0.4482006919725323,
        0.9417432792230258,
        0.4049463207631001,
        0.7295321178163996,
        0.558944566127274,
        0.8961379801629709,
        0.7036527339129651,
        0.3705739580381874
      ],
      [
        0.7534703685440778,
        0.5765029391770248,
        0.8013245614541409,
        0.0,
        0.6247162182039692,
        0.46855734967141294,
        0.9297205736448195,
        0.9950222574426372,
        0.6189558139871911,
        0.23286718030946033,
        0.49460608840556763,
        0.7118449968040499,
        0.31031065082783166,
        0.4184148043412682,
        0.44392056850988376,
        0.32457114856235164,
        0.8592665235425069,
        0.704566383244773,
        0.8135286840142496,
        0.33371636619430745,
        0.19985191965528856,
        1.0153092366344187,
        0.502386505005182,
        0.7285151569603265,
        0.6306860322248283,
        0.3323996602354666,
        0.40822306793996643,
        0.6337272459313197,
        0.38974009901993895,
        0.40951071891833324,
        0.09571027380014226,
        0.15627948847223547,
        0.34477080509189817,
        0.497421169550741,
        0.9248900823051698,
        0.7099395467715227,
        0.47770241182880385,
        0.6041953447610816,
        0.7968835341019678,
        0.7212812301566686,
        0.8110379745923268,
        0.39137644803179555,
        0.33094935501644823,
        0.6489813075647878,
        0.9987332962378433,
        0.9404883196082876,
        0.6936184039387601,
        0.5165545905451714,
        0.5222684080928174,
        0.3878649534103511,
        0.5877465517413497,
        0.6463986008595027,
        0.6309370513344632,
        0.8014145617035133,
        0.6470626186700462,
        0.22848657453963944,
        0.7899480538796637,
        0.2906208962214244,
        0.93311687386485,
        0.20238064171021256,
        0.49799315265430644,
        0.8359796608584931,
        0.6128648927846282,
        0.7643051329975581,
        0.8923448082364864,
        0.6580325159078633,
        0.13463743407991005,
        0.7265994045309943,
        0.3091369492718796,
        0.505377705058322,
        0.4587276321696299,
        0.24808038931135515,
        0.1622506554330466,
        0.36150948638927427,
        0.32395859722845977,
        0.3174418774667398,
        0.4464541613993721,
        0.8589757920415302,
        0.05696514473959989,
        0.3050255756231189,
        0.5411343383165678,
        0.3979501419291841,
        0.36774407425773215,
        0.5461764162379458,
        0.5101092400961144,
        0.6112507841682024,
        0.7264097269095154,
        0.40251286493315014,
        0.218100765650787,
        1.0446581318739308
      ],
      [
        0.6471165243341042,
        0.31890474161116183,
        0.733229502635057,
        0.6247162182039692,
        0.0,
        0.9034755564100777,
        0.6185245015155126,
        0.7073785273264457,
        0.46887863018984555,
        0.5405770284317729,
        0.9596024785738595,
        0.24194890699837132,
        0.4000970585094109,
        0.9422147557908,
        0.3192465181928084,
        0.7141594487286029,
        1.136548297549676,
        0.46505673239528655,
        0.4661269342981327,
        0.9482660920811368,
        0.8234146888807952,
        0.6809742867655381,
        0.22673597339628374,
        0.7590527535835052,
        0.3404260024224432,
        0.7903623840751334,
        0.853331374581228,
        0.5076426765611431,
        0.7917333688709154,
        0.3270273697662506,
        0.5968987479592816,
        0.5709134493805702,
        0.3528097649501441,
        0.39348973583807095,
        0.7077222252204192,
        0.19337573412401746,
        0.9333160290730828,
        0.7573515530702937,
        0.9408820626072805,
        0.3064369982802454,
        0.9641367974073827,
        0.45477495769547743,
        0.7646863020116763,
        0.04859926247725451,
        0.7037728619560895,
        0.7008462025410304,
        0.3335691829598797,
        0.2629155100275444,
        0.2912121384411582,
        0.2986391087370194,
        0.2558668353281565,
        0.7510606995675978,
        0.17471533980792336,
        0.8659214704734306,
        0.40804255734719663,
        0.5600769168587255,
        0.9005736708232783,
        0.9153371144253937,
        0.6366611159821735,
        0.486509991670221,
        0.41985778657559275,
        0.9219267269860787,
        0.7195944966393825,
        0.37339030095957526,
        0.6415424305147671,
        0.13404205052710702,
        0.5736533175247496,
        0.8797556128402063,
        0.9216898926261325,
        0.2166878420130081,
        0.8142107570187432,
        0.49761662807508666,
        0.7869668736370158,
        0.9000449561319201,
        0.9486748154324289,
        0.3711639446991357,
        0.8690650204244251,
        0.5417676520946787,
        0.6418116057004866,
        0.9286196984161588,
        0.2645472300452905,
        0.8676014550206328,
        0.8505502061306804,
        0.2534563877189167,
        0.7676342483732062,
        1.032278518453893,
        1.0314966609350562,
        0.9429543507467497,
        0.5013701156777619,
        0.717639861130706
      ],
      [
        0.6573597950163869,
        0.7447309789564597,
        0.6953267872831232,
        0.46855734967141294,
        0.9034755564100777,
        0.0,
        0.9362510448056507,
        0.9635615056616307,
        0.6459468417997589,
        0.3751050255433935,
        0.10429227676894665,
        0.8949389855706511,
        0.7007653398263838,
        0.21390547697534343,
        0.6114708305561555,
        0.20492883823631994,
        0.45214468215416714,
        0.8587908043292969,
        0.9380498283577983,
        0.3343944193370631,
        0.48650633727291726,
        1.0088296851048442,
        0.8580888090167669,
        0.5790069021793667,
        0.766232294961197,
        0.13615768943594636,
        0.2498316172672475,
        0.6015198682449835,
        0.12682189389185164,
        0.5915278929965164,
        0.4707765647902279,
        0.5784510006033501,
        0.5626833008161796,
        0.664967266146987,
        0.8283612069045458,
        0.9104272343493687,
        0.02984047266300505,
        0.4225821765860394,
        0.5919281811935906,
        0.8843070348049047,
        0.49533478609615356,
        0.688645515957095,
        0.15111669964621915,
        0.8668938032890692,
        0.9611627742414883,
        0.846667132730193,
        0.835040257023,
        0.8838826409039445,
        0.8970350499706277,
        0.7540266966648423,
        0.7615658504144898,
        0.48236843841213395,
        0.986639355346048,
        0.6248697629659156,
        0.8012870397545702,
        0.3557009178712438,
        0.6084281709016477,
        0.3817909360973316,
        0.8332630406627262,
        0.5919248548191625,
        0.7000482875862377,
        0.42855356015405305,
        0.46178586380041065,
        0.890169706087269,
        0.7921302068855416,
        0.8419019699177468,
        0.552098769291732,
        0.5449862363559521,
        0.34079528838935674,
        0.7142119933548435,
        0.19885078406106746,
        0.41787643769123706,
        0.4632715464513426,
        0.26401271549511496,
        0.372330876265146,
        0.682182578093792,
        0.05480257852217113,
        0.8472989093934511,
        0.41159220493181303,
        0.3686205641154463,
        0.9089947339408939,
        0.07358027411939337,
        0.32042221772513124,
        0.9110537623170459,
        0.29082275361185167,
        0.1467969761300257,
        0.3189836262050755,
        0.25872761101213887,
        0.42725496599713597,
        1.0383044396888557
      ],
      [
        0.2828829512295685,
        0.37410848501381816,
        0.29236000485803726,
        0.9297205736448195,
        0.6185245015155126,
        0.9362510448056507,
        0.0,
        0.08885636944967563,
        0.46492281290512166,
        0.6968533933353592,
        1.0349035831869413,
        0.3783639901492794,
        0.9137438844853667,
        1.0742511931361665,
        0.5073686334141223,
        0.799970818212958,
        0.8707136863267614,
        0.31473793601827493,
        0.15241592767902795,
        1.165222635044645,
        1.1295724933001081,
        0.0855886629895991,
        0.812377674592499,
        0.41514967808797726,
        0.3219647618369175,
        0.8996463163541378,
        1.031570145384317,
        0.5136335085726197,
        0.8291071649599893,
        0.5422135985264684,
        0.8739454650500568,
        0.9596210517496191,
        0.6101240522459557,
        0.4720002922048612,
        0.15993257199732996,
        0.4321056997850482,
        0.9658230614850845,
        0.5432835915047046,
        0.6113689911698242,
        0.31209100192895495,
        0.6895588208033313,
        0.6554324962686463,
        0.8633483281457734,
        0.5802327906318395,
        0.08526094370392148,
        0.14261108945355788,
        0.2926388582562361,
        0.8558870761418701,
        0.8859559511123636,
        0.8271482835409616,
        0.4037689771066441,
        0.4897850755888164,
        0.7932398413234361,
        0.4840621362849107,
        0.32208725142246175,
        0.7164038197510891,
        0.5502388083958049,
        1.1846961073447908,
        0.10716837232570758,
        0.8732699745660935,
        0.5319684693332001,
        0.7614374897876917,
        0.48785673996627277,
        0.2453091842589437,
        0.14412083792010916,
        0.6375027760325134,
        0.9403194687092973,
        0.6654693224249274,
        1.170474886791538,
        0.49942941253086603,
        0.7397679591849717,
        0.7264200536279362,
        1.091971229077866,
        1.0358001677034243,
        1.1512364933937658,
        0.8550251216222828,
        0.8834383716832096,
        0.09761435603856049,
        0.8772926194131547,
        1.1735022518718097,
        0.8657689231136125,
        0.9441574808504387,
        0.6686092455159142,
        0.856356377039311,
        0.645428291193799,
        0.9700140882470984,
        0.8445887832713195,
        1.1247303892459337,
        0.7383575278681009,
        0.12367667019542582
      ],
      [
        0.30666501505677346,
        0.46091661024103225,
        0.29024622153505325,
        0.9950222574426372,
        0.7073785273264457,
        0.9635615056616307,
        0.08885636944967563,
        0.0,
        0.37606644345544604,
        0.7621550771331769,
        1.0590488430871707,
        0.46711953776595544,
        0.9952837409705504,
        1.0907854415583476,
        0.5939230415482455,
        0.823752882040163,
        0.8635977663020482,
        0.40358164185921064,
        0.24125963351996366,
        1.18900469887185,
        1.1948741770979256,
        0.06855542252073571,
        0.9001887509987878,
        0.4202630718239781,
        0.40570277040525254,
        0.9159205034515577,
        1.055352209211522,
        0.4276872749497691,
        0.8537446084125275,
        0.6237534550116521,
        0.9285862224085566,
        1.032675381723144,
        0.6867402936678677,
        0.502462512035367,
        0.14454291495230057,
        0.5206523092941092,
        0.9933693881531045,
        0.5632699270817015,
        0.6019276132712031,
        0.40094311046762365,
        0.6871445827262578,
        0.7419869044027695,
        0.8794170598889643,
        0.668960787202924,
        0.0037110387952061165,
        0.12424737993887641,
        0.3804494774662162,
        0.9436716302612612,
        0.9737330452893251,
        0.9149589027509417,
        0.48963715390965523,
        0.5054671423821495,
        0.882093867134369,
        0.47166086455699596,
        0.41093095726339746,
        0.7817055035489068,
        0.5402358341566075,
        1.2277605742082947,
        0.13271299476770484,
        0.9581506999588292,
        0.5476210723771868,
        0.7869821122296888,
        0.5099000658470011,
        0.3341503695074308,
        0.18024627661187417,
        0.7244859911897548,
        1.0096048259864305,
        0.6831842490245726,
        1.1865436185347291,
        0.5840791066139966,
        0.7647154030993307,
        0.8052411955264785,
        1.1572729128756838,
        1.0518688994466152,
        1.22762526506699,
        0.9316413630441949,
        0.909414684900085,
        0.17750757016165228,
        0.9425943032109724,
        1.2174106840239487,
        0.9538759505935956,
        0.9689106567997964,
        0.6923913093431191,
        0.9445516370544207,
        0.6745549335309919,
        0.9991407305842914,
        0.8491905686704277,
        1.1418434870873924,
        0.7820084979542601,
        0.08045956916347911
      ],
      [
        0.4477152637990292,
        0.14997495575467965,
        0.4335989969270796,
        0.6189558139871911,
        0.46887863018984555,
        0.6459468417997589,
        0.46492281290512166,
        0.37606644345544604,
        0.0,
        0.38608863367773083,
        0.7304834700995417,
        0.33247707119985176,
        0.6192172975151042,
        0.7769148166656458,
        0.2198194146460145,
        0.5611016623395245,
        0.7093098733825428,
        0.3078367170152374,
        0.39258090577903454,
        0.887125599129866,
        0.8188077336424797,
        0.44462186597618175,
        0.6661601540607668,
        0.30303839067541544,
        0.20518879559045938,
        0.6086297338407716,
        0.6953874549196051,
        0.051620831494323054,
        0.5234068181119091,
        0.24768701155620604,
        0.5525197789531106,
        0.656608938267698,
        0.3106738502124217,
        0.1263960685799209,
        0.5206093584077466,
        0.3678964887450932,
        0.6751694494535483,
        0.33188086375073234,
        0.4874395485914144,
        0.307124433778981,
        0.5300768748891921,
        0.3678832775005385,
        0.586487267690871,
        0.4207188148472339,
        0.37977748225065217,
        0.5003138233943225,
        0.2686666038612985,
        0.7062178056357528,
        0.718912302096583,
        0.6280997555508653,
        0.21406997905875277,
        0.3049216595558341,
        0.6435939699977689,
        0.40991371699840645,
        0.2520340809189221,
        0.40563906009346073,
        0.44021393471444337,
        0.8868749674112785,
        0.5087794382231509,
        0.5820842565033831,
        0.17155462892174073,
        0.6736235693322266,
        0.28134704964864404,
        0.3385052736224865,
        0.5366738449539094,
        0.4245227350505931,
        0.6335383825309845,
        0.45428492352064503,
        0.8840862957051754,
        0.2721921611796636,
        0.4567983755220404,
        0.42917475207103245,
        0.7812064694202377,
        0.7421010364702972,
        0.892778678016937,
        0.5555749195887489,
        0.5914773033300951,
        0.4334785554071612,
        0.5665278597555263,
        0.870512919538893,
        0.6879496375898286,
        0.6387026826359417,
        0.5265386018816096,
        0.6761686536898469,
        0.385766616607942,
        0.7085964808629428,
        0.7064280347802702,
        0.8120865714607551,
        0.40594205449881404,
        0.45652601261892517
      ],
      [
        0.6586877403870012,
        0.3953976870074197,
        0.7180441716231563,
        0.23286718030946033,
        0.5405770284317729,
        0.3751050255433935,
        0.6968533933353592,
        0.7621550771331769,
        0.38608863367773083,
        0.0,
        0.4191522036916265,
        0.5451356647852991,
        0.38033385759572835,
        0.42544441766766405,
        0.2621375386071155,
        0.17501302866179372,
        0.709708403641949,
        0.522640312873783,
        0.63480787204249,
        0.5212561374417181,
        0.4327190999647489,
        0.7824420563249583,
        0.5197005224743909,
        0.6012819994275712,
        0.45035780975010836,
        0.24980780401688843,
        0.407994983538542,
        0.4377094651720539,
        0.258568139078649,
        0.23215091974350188,
        0.2009512365022894,
        0.32301008608760445,
        0.18776726348162873,
        0.3386441810959397,
        0.8317465565618448,
        0.5564152738111817,
        0.3969730950396169,
        0.44485727383424395,
        0.6443867916982464,
        0.5421751313678713,
        0.6516999036654891,
        0.3137294786225441,
        0.22503551991793502,
        0.49197776595451836,
        0.765866115928383,
        0.839464482788917,
        0.5118450125710866,
        0.5281274702507218,
        0.5459515759089528,
        0.4044546802445935,
        0.4122322618648341,
        0.5046435356603385,
        0.648251068803672,
        0.6471448602141201,
        0.4651365482990562,
        0.019550426415729887,
        0.5922267492220068,
        0.5007863337335476,
        0.7807740389889847,
        0.28919838687332916,
        0.34067131433322323,
        0.6883667126353143,
        0.4847700687180083,
        0.5825234527544064,
        0.7818428591135584,
        0.49256867796870674,
        0.2958541156943694,
        0.5672613336041566,
        0.515292154762433,
        0.3502728980305036,
        0.28179939524613695,
        0.04308611839330163,
        0.3951178357425069,
        0.397487359475586,
        0.5066900443392061,
        0.33808927243133485,
        0.33396727376054697,
        0.6786475695668103,
        0.1804392260777955,
        0.4844242858611621,
        0.5526430108588696,
        0.3270991710349987,
        0.31140378606387115,
        0.5581766221966277,
        0.3130978508600562,
        0.4989896898846731,
        0.5787967786863367,
        0.4767280599411836,
        0.05909819517704649,
        0.8205300635307851
      ],
      [
        0.7540116374126051,
        0.8079014896464345,
        0.7955702165898011,
        0.49460608840556763,
        0.9596024785738595,
        0.10429227676894665,
        1.0349035831869413,
        1.0590488430871707,
        0.7304834700995417,
        0.4191522036916265,
        0.0,
        0.9499480871320314,
        0.7309789781428956,
        0.14083396755785899,
        0.6746413412461303,
        0.26809934892629467,
        0.5375123351815828,
        0.9028385762560442,
        1.0081503480536607,
        0.25474582172201227,
        0.41340959598682836,
        1.1033018553033518,
        0.8937006001675187,
        0.6788376816010653,
        0.8206564157982443,
        0.17063245564071808,
        0.20778367950090423,
        0.6875109656095053,
        0.20707665198763253,
        0.6510613187499648,
        0.5001708314102146,
        0.6044997393375048,
        0.6067927136237153,
        0.74315415110656,
        0.9260951584679982,
        0.9735977450393434,
        0.07908132205972464,
        0.5219699279571582,
        0.6737818280599321,
        0.9387705985911784,
        0.5814747296636973,
        0.7327549287646307,
        0.20163518967092192,
        0.911003216096605,
        1.056534147248401,
        0.944014757272724,
        0.8911713838064576,
        0.9181548202773288,
        0.9300969039111084,
        0.7876503961736032,
        0.8247363611044645,
        0.5821992178338325,
        1.0222511464968,
        0.7242575143370344,
        0.8453348116813174,
        0.3997486897979911,
        0.7078159222727665,
        0.30604646549510134,
        0.9277352108612338,
        0.621171723323768,
        0.759581713339686,
        0.5184785922172717,
        0.5622882512457567,
        0.957501647223999,
        0.8919609863072402,
        0.9050724806077215,
        0.5781475080258867,
        0.6443739877270709,
        0.2670622228837966,
        0.7691832970369664,
        0.2968789865982357,
        0.46199651739976444,
        0.3959135090562658,
        0.23872212129962675,
        0.29029420776403747,
        0.715370518874615,
        0.15299370768558646,
        0.9454900385568665,
        0.43764094366596773,
        0.2911292948169866,
        0.9433041978070464,
        0.09665594647638351,
        0.39856048136778377,
        0.94588241943559,
        0.39065353303355027,
        0.20723131520481858,
        0.4089086582682941,
        0.17398679564051,
        0.4636081651876669,
        1.1327823952051772
      ],
      [
        0.5107138981681145,
        0.18250211544517211,
        0.564103304313286,
        0.7118449968040499,
        0.24194890699837132,
        0.8949389855706511,
        0.3783639901492794,
        0.46711953776595544,
        0.33247707119985176,
        0.5451356647852991,
        0.9499480871320314,
        0.0,
        0.5732437264812074,
        0.9283938623496903,
        0.2834681550144957,
        0.6900101473343312,
        1.0108994159304001,
        0.2686357618060862,
        0.2266489039593193,
        0.9648920895081715,
        0.9056581768597447,
        0.4390297168056326,
        0.4517866938053601,
        0.5952496270677262,
        0.16164751404506275,
        0.7939986648522888,
        0.8395104811401184,
        0.3530699965622862,
        0.7736051920180081,
        0.3132064763251409,
        0.6247559688448121,
        0.6917959780084415,
        0.3698282576149165,
        0.29449603707003674,
        0.47747034455828014,
        0.055980287936589615,
        0.9197638660083741,
        0.6319534654999629,
        0.7933573155522475,
        0.06982991201892846,
        0.8329778415848558,
        0.42661611023333473,
        0.7582063811312403,
        0.20841556343560583,
        0.4635624518818078,
        0.4720563908973888,
        0.11441400638605254,
        0.4930665514303084,
        0.5227907690868109,
        0.5085820935140114,
        0.13465268215026482,
        0.6084407386448287,
        0.41666424680629466,
        0.7021269007765562,
        0.22075431689841013,
        0.5646856073132197,
        0.7469122630872757,
        0.97761144861791,
        0.40796325227336494,
        0.6228867075176086,
        0.3485611921263167,
        0.8506301325368026,
        0.5835145443978036,
        0.13339740851353793,
        0.4015495380687298,
        0.29144881313614585,
        0.676067227163658,
        0.7543575252698755,
        0.9383034148431426,
        0.20671362471201996,
        0.7290290249451923,
        0.5020495463919974,
        0.8704065307083729,
        0.8862240626908104,
        0.9835151592235686,
        0.5811069294761277,
        0.8498782228679619,
        0.3083469432314115,
        0.657264340962158,
        0.9612494007455246,
        0.49927777514209704,
        0.8614584692367113,
        0.8140111328936456,
        0.4889599318647412,
        0.6646360591265886,
        0.9850000641255587,
        0.9602000664857802,
        0.9562095976812683,
        0.5151303032057059,
        0.4757380753331302
      ],
      [
        0.7839523151475136,
        0.5396353994715484,
        0.8689361158480746,
        0.31031065082783166,
        0.4000970585094109,
        0.7007653398263838,
        0.9137438844853667,
        0.9952837409705504,
        0.6192172975151042,
        0.38033385759572835,
        0.7309789781428956,
        0.5732437264812074,
        0.0,
        0.5914906633091179,
        0.4063982157001732,
        0.5345169198050155,
        1.0692122947851708,
        0.6693497958696331,
        0.7799071028196004,
        0.5596303181325577,
        0.4284458991383979,
        0.9872184606509098,
        0.21042012193883566,
        0.8464195652922112,
        0.5946176851204112,
        0.5649300543775324,
        0.652079287574001,
        0.6271780965449621,
        0.6109904498915882,
        0.3715302859588982,
        0.23102746690329673,
        0.17728386037125468,
        0.3131093861705563,
        0.4938531260129153,
        0.9570111313223573,
        0.5675452167087605,
        0.7140753015661317,
        0.8079370275762439,
        0.9640271010801852,
        0.6430736385001359,
        0.96010625268529,
        0.41506820926680266,
        0.5578802808548483,
        0.4016244798507972,
        0.996615557392224,
        0.9742094358064087,
        0.635967375057117,
        0.21324462442903197,
        0.2143061284880137,
        0.10145794977239156,
        0.5531222834687197,
        0.8119599817577066,
        0.33897066826811684,
        0.9488983483118951,
        0.6230191310957698,
        0.3930093292675503,
        0.9656856520738272,
        0.5287625072205107,
        0.9250339143592874,
        0.10987904993037823,
        0.46609399442973964,
        0.9681629348402255,
        0.7773030968784057,
        0.7066411349947452,
        0.9228267548399223,
        0.5153612195834787,
        0.18502044859572933,
        0.874412014559341,
        0.533052016818339,
        0.47989353647419075,
        0.6582664009759125,
        0.354915925118341,
        0.4061068750670812,
        0.6053657060233089,
        0.5617922224364094,
        0.07493548371458904,
        0.6755506012409082,
        0.822907444937113,
        0.2933380344769278,
        0.5404617552659514,
        0.23646528614113604,
        0.634323031666512,
        0.6709076772070929,
        0.24328610573146336,
        0.6865567537118766,
        0.8428793800517386,
        0.9350715864649373,
        0.6305816821583914,
        0.323233917413646,
        1.026681655855858
      ],
      [
        0.7913682419065979,
        0.7832924995371997,
        0.8449892579679126,
        0.4184148043412682,
        0.9422147557908,
        0.21390547697534343,
        1.0742511931361665,
        1.0907854415583476,
        0.7769148166656458,
        0.42544441766766405,
        0.14083396755785899,
        0.9283938623496903,
        0.5914906633091179,
        0.0,
        0.6500553157658245,
        0.27475656272179466,
        0.6656491852063322,
        0.9090160662769261,
        1.0131545060637182,
        0.12050352933549671,
        0.27260086029757385,
        1.1465284162508822,
        0.8019107852479536,
        0.7372473173679226,
        0.8256605738083018,
        0.1756366136507756,
        0.08888338120957208,
        0.7326500046348541,
        0.2535079985537366,
        0.6151873860245495,
        0.5020918590092637,
        0.48504706321060453,
        0.6131892327757649,
        0.7376637760507571,
        0.9641861296260801,
        0.9401800209098048,
        0.20166714990239912,
        0.5827927348213294,
        0.782322252685332,
        0.9283906041218164,
        0.7092363456760546,
        0.7391514479166802,
        0.21136838166938313,
        0.8980219077514704,
        1.0944964803535535,
        0.9805548439775951,
        0.8961755418165152,
        0.80473528773815,
        0.8057967917971316,
        0.6929486130815095,
        0.796779383534371,
        0.6417806034214447,
        0.9304613315772348,
        0.7850803212012056,
        0.8515123017021993,
        0.405926179818873,
        0.7686387291369376,
        0.16869107692307087,
        0.9710147472273701,
        0.5669879276473591,
        0.7237077806142709,
        0.6424551197339541,
        0.6178873708109431,
        0.9625058052340565,
        0.9302426815990066,
        0.8804864551274159,
        0.47630401958613744,
        0.7051967945912421,
        0.12826744448475444,
        0.7378714863828766,
        0.3592917238620023,
        0.46849060928267766,
        0.2561641489082216,
        0.13355900957703581,
        0.15861564867572733,
        0.666426147023707,
        0.2398905871398145,
        1.0323869180110945,
        0.45107112914664227,
        0.15497171379819483,
        0.827955949450254,
        0.153438933327023,
        0.40996021048388376,
        0.8347767690405813,
        0.4510485085612895,
        0.34416654441980166,
        0.5328851857849766,
        0.05154459941596632,
        0.4730931536099449,
        1.1712450107218266
      ],
      [
        0.4208043192309217,
        0.1332601484003042,
        0.5051488107843506,
        0.44392056850988376,
        0.3192465181928084,
        0.6114708305561555,
        0.5073686334141223,
        0.5939230415482455,
        0.2198194146460145,
        0.2621375386071155,
        0.6746413412461303,
        0.2834681550144957,
        0.4063982157001732,
        0.6500553157658245,
        0.0,
        0.40654199231983557,
        0.8229009317732967,
        0.26295158016945974,
        0.3746614987773072,
        0.728194808404083,
        0.6428809429375142,
        0.5817262931618455,
        0.5185017770414521,
        0.4724742006915902,
        0.18822027114299295,
        0.5105305098377931,
        0.5611719345562525,
        0.23468333159403013,
        0.4901370370035125,
        0.03486792974127503,
        0.3666072118450627,
        0.4550576005057417,
        0.10327786599706339,
        0.09841698490010048,
        0.5896730168109543,
        0.29895640379321314,
        0.6362957109938785,
        0.4437041872939145,
        0.634865476534106,
        0.2800375927607558,
        0.649367829600122,
        0.148063862854524,
        0.47473822611674465,
        0.27306043782791917,
        0.5902181434148056,
        0.581589309672048,
        0.24970747396397117,
        0.5515910712275792,
        0.5630493306216637,
        0.42070377133550696,
        0.15009501985833432,
        0.44550189654894473,
        0.4939618580007318,
        0.5772096116843373,
        0.2179248237532765,
        0.28168748113503617,
        0.6011551577221748,
        0.7077250046959125,
        0.5186365003818691,
        0.372049896722357,
        0.102046773935211,
        0.6041157143456969,
        0.4115223269958389,
        0.32038591414729095,
        0.5197053205064429,
        0.2304311393615913,
        0.4348266243487092,
        0.5661082470638271,
        0.7222308257247978,
        0.10565536456059207,
        0.5356455491574704,
        0.21905142021381382,
        0.605865592779823,
        0.6078855161069446,
        0.713628715301571,
        0.3481789353733906,
        0.5664100678534663,
        0.41651003095969474,
        0.3873778970401604,
        0.691362956823527,
        0.5639942742375412,
        0.5779903142222156,
        0.542932749721913,
        0.553617938304654,
        0.47256149743523573,
        0.7305303608404161,
        0.7136856482946745,
        0.6766437297921899,
        0.23505949472320203,
        0.6210139115874691
      ],
      [
        0.5170878669833895,
        0.5398021407201398,
        0.5736582960188956,
        0.32457114856235164,
        0.7141594487286029,
        0.20492883823631994,
        0.799970818212958,
        0.823752882040163,
        0.5611016623395245,
        0.17501302866179372,
        0.26809934892629467,
        0.6900101473343312,
        0.5345169198050155,
        0.27475656272179466,
        0.40654199231983557,
        0.0,
        0.5346953749801553,
        0.6594823529577497,
        0.7716499121264567,
        0.3682405813714406,
        0.47826254829136794,
        0.8722480413276736,
        0.6876490569652859,
        0.47325614669657134,
        0.5947622634628285,
        0.10398851751795755,
        0.2363821217346154,
        0.538197645608884,
        0.08359504468367697,
        0.4056076220037166,
        0.3182847861072946,
        0.4343471002906112,
        0.3613496837784589,
        0.5049589772199361,
        0.6896944139986633,
        0.7054983961130488,
        0.22975371867404293,
        0.3274046198069433,
        0.5269341376709458,
        0.6865795850805914,
        0.5342472496381885,
        0.4873118989193742,
        0.06819623379690908,
        0.6655601862513485,
        0.8214949522968735,
        0.705914747304279,
        0.6562494662838068,
        0.699109164669693,
        0.7152924246722487,
        0.5724032147354885,
        0.5566370121781699,
