{
  "sol": {
    "z": 1.733162299846729,
    "tours": [
      [
        0,
        80,
        4,
        27
      ],
      [
        1,
        31,
        34,
        21,
        2,
        13
      ],
      [
        3,
        89,
        80
      ],
      [
        35,
        29,
        4,
        24,
        5,
        14,
        6,
        19,
        16,
        26,
        11,
        25,
        7,
        20
      ],
      [
        8,
        2
      ],
      [
        32,
        17,
        30,
        9,
        22,
        58,
        18
      ],
      [
        33,
        28,
        10,
        15,
        70,
        12
      ],
      [
        23,
        80
      ]
    ]
  },
  "params": {
    "gm": [
      [
        0.0,
        0.7735478694297553,
        0.8016661951112718,
        0.40636534056521584,
        0.5496764826483888,
        0.692289793424793,
        0.7613725293646534,
        0.6539131753058491,
        0.8779843958202922,
        0.5876571333343706,
        0.2952763084386474,
        0.6280153909875765,
        0.3503151243440489,
        0.7905009318869342,
        0.7605930222757249,
        0.3128090622384737,
        0.6838029929569571,
        0.6225027265469025,
        0.6808336034203251,
        0.7375783526768784,
        0.48804291850900444,
        1.0194779546603887,
        0.6811130946220416,
        0.21864685117617585,
        0.7254734633828936,
        0.6735032493958547,
        0.6398945764993617,
        0.10128711989404425,
        0.24472827881627432,
        0.6206554174320139,
        0.5995061457682367,
        0.8287265787855465,
        0.5691515604024555,
        0.25884379161710225,
        0.9322681816370166,
        0.6351052062395507,
        0.6187895240777458,
        0.3551001970161587,
        0.32863425813872926,
        0.8248242552180629,
        0.6266116507522792,
        0.16128626179103434,
        0.23728347321421345,
        0.7910749779532105,
        0.6565026170603373,
        0.5770265064432958,
        0.2782853978518075,
        0.9579317975535231,
        0.08150083051647275,
        0.2192622727362452,
        0.6019811288089718,
        0.30988801784177644,
        0.802035970955417,
        0.4525503893799468,
        0.5764232570420039,
        0.5199598669148039,
        0.6804976543868526,
        0.91535158675773,
        0.8825914604657821,
        0.5740057421369688,
        0.2723088176933492,
        0.5070940786095601,
        0.5413615533017326,
        0.9341525280171241,
        0.5802210084526734,
        0.38836453468226806,
        0.8452856370831822,
        0.3071587760490327,
        0.7125062501892645,
        0.4258404024529481,
        0.5667727512155074,
        0.40624019978650644,
        0.6658113493219536,
        0.6337615350401797,
        0.4842586136735235,
        0.6215320367842969,
        0.9236355986391308,
        0.08851208699325276,
        0.9426572417759819,
        0.8681428844585725,
        0.3873534007486576,
        0.2356647014564468,
        0.42937484424814854,
        0.38490183937670297,
        0.3016734986388027,
        0.7106262640420498,
        0.11772577388769752,
        0.7033168497187545,
        0.4196144084791532,
        0.7093825367775703
      ],
      [
        0.7735478694297553,
        0.0,
        0.17425154314665328,
        0.5695523976927093,
        0.559282339636861,
        0.6453419706679349,
        0.7137357736070632,
        0.9584463271378212,
        0.3459648117281357,
        0.3013230264681401,
        0.6667330383448334,
        0.7992488281188427,
        0.6353574337732194,
        0.2095034470254357,
        0.6922504450230795,
        0.6514546388432333,
        0.7859025544153341,
        0.4373745212347355,
        0.4986085766546259,
        0.8095485810455062,
        0.9117572773640343,
        0.357173572212086,
        0.43748458378924127,
        0.860069170983776,
        0.4590700070249336,
        0.8526501661181168,
        0.7806965881455363,
        0.8748349893237996,
        0.8034366162965099,
        0.5438369249341846,
        0.36868281098887973,
        0.15159984223379055,
        0.46753525454314476,
        0.7027855606320994,
        0.20372420830213603,
        0.5509838229030359,
        0.46995000171091783,
        0.6542501626869962,
        0.4660681370401983,
        0.15310193612297998,
        0.18107126921300193,
        0.670313486080661,
        0.5918297738717695,
        0.4476339394931131,
        0.578764361414089,
        0.8955748298854836,
        0.8926729737767055,
        0.5022075670910693,
        0.6992095118909586,
        0.8045398410240026,
        0.22688123554365303,
        0.47171788316066343,
        0.6414665392413206,
        0.8132736124103912,
        0.46099971185529615,
        0.4920980457068232,
        0.4726016504970195,
        0.19377833799877472,
        0.36412378595343725,
        0.49297198381689505,
        0.5084015247140822,
        0.8505303419476384,
        0.36672695073352807,
        0.25742877323197066,
        0.9379857626811204,
        0.7653245222016631,
        0.12880495513252918,
        0.4918211214741058,
        0.45409031418312246,
        0.6462403098010524,
        0.4968719490620424,
        0.37447014262092493,
        0.3281115422413197,
        0.4866154992338192,
        0.2960713659098388,
        0.16129666875361767,
        0.19105959913909346,
        0.6918178925901095,
        0.37061936814188023,
        0.4589755732417537,
        0.5885643375092675,
        0.7020439749589403,
        0.6341031111834451,
        0.4905194613191271,
        0.510180903554776,
        0.07848113200869801,
        0.8288327341420858,
        0.30454235921625183,
        0.7585534935826754,
        1.016066864777033
      ],
      [
        0.8016661951112718,
        0.17425154314665328,
        0.0,
        0.39530085454605596,
        0.5924858049073929,
        0.7350991156837972,
        0.8041818516236576,
        0.9917628891060505,
        0.32447443009261284,
        0.3279105137542285,
        0.5313107265364959,
        0.832565390087072,
        0.48947727614230147,
        0.036086103088209136,
        0.7964861725235205,
        0.5575030139063347,
        0.8254032238084735,
        0.46396200852082403,
        0.5251960639407144,
        0.8614987687644404,
        0.8927368283184511,
        0.5234402920562681,
        0.4640720710753298,
        0.8113242304361694,
        0.5576437114381049,
        0.8882653923485516,
        0.814489067420772,
        0.870882317686761,
        0.670762428861065,
        0.638882912721558,
        0.3952702982749682,
        0.31151453981102833,
        0.4941227418292332,
        0.567743243358041,
        0.3778061023669477,
        0.6479025566414818,
        0.49653748899700634,
        0.5165754554074276,
        0.501535545072194,
        0.12868559676577995,
        0.24909191198531302,
        0.6532686614751569,
        0.5661404531401202,
        0.404780769994712,
        0.6777009704116687,
        0.9288913918537129,
        0.8296814697224937,
        0.6713387074100999,
        0.7209975246160316,
        0.6785875797346467,
        0.25346878212747703,
        0.5080449477092659,
        0.7438010630615303,
        0.8877649451181727,
        0.5503320463012092,
        0.5724705389975776,
        0.49918913778310803,
        0.3671766356425688,
        0.34444585980476905,
        0.5818626477598954,
        0.5450726702658305,
        0.9310963834841806,
        0.3933331784847486,
        0.2145756037335696,
        0.9713023246493497,
        0.792491427014355,
        0.16744899161219823,
        0.5278994374522308,
        0.4806778014692109,
        0.5802275614166984,
        0.5234594363481309,
        0.4115106825255833,
        0.43299569030043317,
        0.5132029865199077,
        0.33143626966331274,
        0.19416301295067195,
        0.3652562325519734,
        0.7271827963435835,
        0.5440176657856743,
        0.4417471930867132,
        0.4143127943626142,
        0.6395802621233934,
        0.5791843566606102,
        0.5211707132750549,
        0.5464504884549521,
        0.10506861929478647,
        0.8148277499124794,
        0.38510840075279384,
        0.8391195351192176,
        1.0493834267452624
      ],
      [
        0.40636534056521584,
        0.5695523976927093,
        0.39530085454605596,
        0.0,
        0.2497321421170606,
        0.3904370659764608,
        0.4612295585970582,
        0.6490092263157182,
        0.7197752846386689,
        0.580420028156457,
        0.5820789275914346,
        0.4898117272967397,
        0.5701709487078344,
        0.4313869576342651,
        0.4580893699588817,
        0.5589754725513126,
        0.48264956101814127,
        0.64679667987722,
        0.7291451851437265,
        0.5187451059741081,
        0.4974359737723951,
        0.7384240333922596,
        0.6871702069723594,
        0.4160233758901135,
        0.3461751862626797,
        0.5455117295582194,
        0.4717354046304397,
        0.4988253947908593,
        0.6074306507030385,
        0.2946798567861863,
        0.594450275742636,
        0.5990789338174418,
        0.6226004606307645,
        0.612664502222428,
        0.6924209522548245,
        0.309750238541831,
        0.6681319192439213,
        0.59718151726878,
        0.32345219293496685,
        0.523986451311836,
        0.5050084713106424,
        0.257967806929101,
        0.17083959859406417,
        0.7246311033330612,
        0.34039436525375566,
        0.5861377290633807,
        0.4343806151764377,
        0.5905256180384277,
        0.3256966700699757,
        0.5806229351797338,
        0.5882406457233551,
        0.29469751395089766,
        0.472278993063719,
        0.4924640905721168,
        0.21523283712941682,
        0.18157956489431532,
        0.6755006635008678,
        0.6742927590128762,
        0.7397467143508251,
        0.22918089832402322,
        0.2673118268073644,
        0.53888402242563,
        0.5362385064100147,
        0.6098764582796256,
        0.6092043302748306,
        0.39719057246829914,
        0.5627498461582542,
        0.3012099081147468,
        0.7149232943676664,
        0.6475039204968429,
        0.6450157998356971,
        0.3881992298449087,
        0.3625788307342759,
        0.6909261602665263,
        0.46868513717527516,
        0.5894638674967279,
        0.6940396186884512,
        0.36274183728947285,
        0.7290431076709201,
        0.7073966665620801,
        0.019011939816558243,
        0.24427940757733743,
        0.6404494436384705,
        0.3738969516194617,
        0.2890111335285072,
        0.5003694738408424,
        0.41952689536642346,
        0.36997772762346826,
        0.44693450850759986,
        0.7066297639549302
      ],
      [
        0.5496764826483888,
        0.559282339636861,
        0.5924858049073929,
        0.2497321421170606,
        0.0,
        0.14261331077640427,
        0.21169604671626469,
        0.3992770841986576,
        0.8512687946505568,
        0.608086198500206,
        0.6836245899180637,
        0.24007958517967914,
        0.6880872432399212,
        0.628571907995602,
        0.2109165396273362,
        0.6657524010281537,
        0.23291741890108067,
        0.7299300540697706,
        0.8013553950789392,
        0.2690129638570475,
        0.46500577477878746,
        0.6111558451979519,
        0.7418388159261795,
        0.4920507023581959,
        0.2210141464997211,
        0.29577958744115873,
        0.2220032625133791,
        0.6203377015924036,
        0.7623353569201854,
        0.07394574099723998,
        0.6729767673810467,
        0.4846274611802802,
        0.7122332331949995,
        0.719441430699269,
        0.5781073117508102,
        0.08693088515666433,
        0.7538956453152896,
        0.7151464186326968,
        0.40927495544391024,
        0.6808823316375026,
        0.39535590184384495,
        0.38913143370588266,
        0.3323789123992625,
        0.8462796037302946,
        0.10700247901182813,
        0.33640558694632017,
        0.512811557336786,
        0.46325742984412,
        0.48060137628712263,
        0.7355276413968808,
        0.5506377797757055,
        0.36950997913237127,
        0.2524598834123669,
        0.4095661940961277,
        0.10091919662540257,
        0.0754886239050313,
        0.6534490365994149,
        0.559979118508862,
        0.8481527056054016,
        0.07039100794400958,
        0.37798343900013603,
        0.3548037604031806,
        0.6145353199767288,
        0.7894537227779619,
        0.3788165197419569,
        0.4743865789224041,
        0.6799969699098998,
        0.40548864680984464,
        0.7379885553940791,
        0.7618324864903653,
        0.737602807874773,
        0.46675771967210977,
        0.24784136087072003,
        0.7767264080301761,
        0.5471072109307524,
        0.4830669592459488,
        0.5797259781844369,
        0.5222885968630664,
        0.6017749194766123,
        0.9272592485395506,
        0.2420547094029682,
        0.31995644395892064,
        0.7536975383680111,
        0.48067388009630274,
        0.40713438846949,
        0.5388943475424071,
        0.5119200505957606,
        0.25886594647246647,
        0.4467806087681436,
        0.4568976218378696
      ],
      [
        0.692289793424793,
        0.6453419706679349,
        0.7350991156837972,
        0.3904370659764608,
        0.14261331077640427,
        0.0,
        0.07360203486647059,
        0.3553723815955304,
        0.9513769339488115,
        0.7150572924582546,
        0.8261574191473309,
        0.20021887662042787,
        0.8306494460410684,
        0.7711852187720063,
        0.06831257544846193,
        0.8082306262283458,
        0.16035054309984761,
        0.85110878722485,
        0.9123428426447404,
        0.16709627800068655,
        0.4083814938772038,
        0.5786054245515413,
        0.8512188497793558,
        0.6275989342435097,
        0.22707007330956114,
        0.2301890666219965,
        0.17895612435766112,
        0.7629510123688079,
        0.9049486676965897,
        0.10722944350729115,
        0.7824170769789942,
        0.5842899063692626,
        0.8547660624242667,
        0.8619196558994612,
        0.6332157511454262,
        0.09645316821208752,
        0.8599898270211398,
        0.8577007860671305,
        0.5518077846731774,
        0.7804668232212599,
        0.5004376610605075,
        0.5317447444822869,
        0.47053674670320444,
        0.8059085050652229,
        0.06663138034675643,
        0.2937527428071334,
        0.5857150433783676,
        0.43070700919770943,
        0.6232146870635269,
        0.878140952173285,
        0.657608873733754,
        0.5120428083616384,
        0.14315286410625658,
        0.36651905594040973,
        0.20044380968123765,
        0.20988979754817802,
        0.7878502102425616,
        0.6513439443873744,
        0.9505505657633739,
        0.17278886810198194,
        0.5204177093016613,
        0.3117566222474627,
        0.757068149205996,
        0.8902912653245036,
        0.3375633313255591,
        0.4883260168706915,
        0.7718963447173943,
        0.5481010537023319,
        0.8678245801732369,
        0.9043313744568738,
        0.8801356371040401,
        0.6092905489013769,
        0.3173561382217908,
        0.8828414847203745,
        0.6570414314229529,
        0.5956560094659864,
        0.6468352374015018,
        0.6624389853986131,
        0.5692244988302018,
        1.0242533920227168,
        0.3838578071638043,
        0.4625697547353249,
        0.896199606563397,
        0.6231521052964949,
        0.5496167704277596,
        0.6390024868406617,
        0.6545333613721649,
        0.36583704043051496,
        0.40373347061242565,
        0.40537913684269455
      ],
      [
        0.7613725293646534,
        0.7137357736070632,
        0.8041818516236576,
        0.4612295585970582,
        0.21169604671626469,
        0.07360203486647059,
        0.0,
        0.3253099647910224,
        1.0224567441863763,
        0.7746064973143274,
        0.8938501152804663,
        0.18566106157361217,
        0.8972876448196192,
        0.8402679547118668,
        0.03226390730506587,
        0.8767613380720549,
        0.1324854110206608,
        0.9106579920809228,
        0.9718920475008133,
        0.11466099385375185,
        0.4095051304987906,
        0.576612383441881,
        0.9107680546354286,
        0.6092029568548352,
        0.2843843783239819,
        0.19467530587333873,
        0.16691719994248366,
        0.8234167285362016,
        0.9740314036364501,
        0.18061895629146932,
        0.841966281835067,
        0.657789839092481,
        0.9231630080602697,
        0.9302826321020115,
        0.7059303414892344,
        0.16916775855589578,
        0.9327044173649481,
        0.9242648127359094,
        0.6195004808063127,
        0.8511087661360697,
        0.5726598304352221,
        0.6008274804221474,
        0.5440749591155272,
        0.8772386807917496,
        0.1379615560732831,
        0.2817684406699798,
        0.5636664349685082,
        0.4618799841621362,
        0.6922974230033874,
        0.9472236881131455,
        0.7305271662155153,
        0.5804397539976415,
        0.14997084715302403,
        0.34371005934302823,
        0.27394374240445607,
        0.28199822915519523,
        0.8599586418495788,
        0.7240585347311828,
        1.0241369217536458,
        0.24637522409225387,
        0.5868288466531157,
        0.2943471993407839,
        0.825465094841999,
        0.9609623630145189,
        0.3229355259838429,
        0.4709165939640127,
        0.8410596023580496,
        0.6156122705185093,
        0.9273737850293098,
        0.9726564923005971,
        0.948532582740043,
        0.67768749453738,
        0.3857538414713431,
        0.9555560750641828,
        0.7292636007976675,
        0.6685136933432388,
        0.7195498277453101,
        0.7339846435793311,
        0.6003974737946286,
        1.0955835677492436,
        0.4537427995860607,
        0.5316524906751854,
        0.9647137530332736,
        0.691682817140204,
        0.6161560388076419,
        0.7100822970782266,
        0.7051390369086543,
        0.43875533291227625,
        0.38632404770574685,
        0.3668320191524766
      ],
      [
        0.6539131753058491,
        0.9584463271378212,
        0.9917628891060505,
        0.6490092263157182,
        0.3992770841986576,
        0.3553723815955304,
        0.3253099647910224,
        0.0,
        1.1943138650305103,
        0.9303224654115654,
        0.9491894837444965,
        0.15919749901897848,
        0.9507375237558866,
        1.0278489921942595,
        0.3575076171414477,
        0.940157620211573,
        0.19634404725357624,
        1.019987429468133,
        1.1016359793740336,
        0.2168773153534531,
        0.1754461585179216,
        0.9019223482329035,
        1.0526975425584961,
        0.44964974881186737,
        0.5770610294115354,
        0.130781698526595,
        0.18017348044374376,
        0.6680005654794012,
        0.8965892482536745,
        0.42642104715713813,
        0.9593952583943157,
        0.8819260002211039,
        0.9999051450131831,
        0.9127569669229514,
        0.9621940915445059,
        0.4254315086111672,
        1.0439284493876537,
        0.9777480923168322,
        0.6963427451798074,
        1.079002674572212,
        0.7934280570772824,
        0.543876602744077,
        0.5532195975899944,
        1.1070111023289915,
        0.4088807439068172,
        0.09609958071537061,
        0.39378541515057636,
        0.783702315549404,
        0.6261276872177433,
        0.8720765542169557,
        0.9252780713593132,
        0.6596409022187011,
        0.47525372939401694,
        0.20893472377002942,
        0.49807990353307896,
        0.4741199272208615,
        1.0486459279825648,
        0.9571398254165384,
        1.204067065841807,
        0.4662153452862292,
        0.6424860775963682,
        0.16780593186279533,
        0.9014933430815704,
        1.1875653028382478,
        0.07448614950567879,
        0.337164786586636,
        1.079157957844194,
        0.6773360359520517,
        1.0771510817528116,
        1.0280704955448952,
        1.023446031106679,
        0.7280191661673743,
        0.6392968877771152,
        1.0667714893244138,
        0.8085050734977408,
        0.8823440434446065,
        0.9758135778005815,
        0.6814489770720557,
        0.9222198051818963,
        1.2639995204864443,
        0.6413317936016258,
        0.45708109739445885,
        1.0210160186865227,
        0.755079099279722,
        0.6695777085765595,
        0.937316841378645,
        0.553220766783036,
        0.6575846028558617,
        0.25718713665013576,
        0.0658777349586075
      ],
      [
        0.8779843958202922,
        0.3459648117281357,
        0.32447443009261284,
        0.7197752846386689,
        0.8512687946505568,
        0.9513769339488115,
        1.0224567441863763,
        1.1943138650305103,
        0.0,
        0.29032726248592156,
        0.6046811584800216,
        1.0904937894678164,
        0.5487959515159097,
        0.3397876121566245,
        1.0037920003368836,
        0.6027298494441805,
        1.082617660600095,
        0.27523554330046407,
        0.22481972517325746,
        1.1112614992692014,
        1.112482437711691,
        0.6961853629645719,
        0.2168711261718118,
        0.9603183652259228,
        0.7649495392514682,
        1.147010964158072,
        1.07305909831278,
        0.9442527496302867,
        0.7382091271897693,
        0.8461887405349212,
        0.3055402016985129,
        0.49740785725241893,
        0.32817579111639283,
        0.638472429223049,
        0.5274623020051009,
        0.855208384454845,
        0.2799080633309627,
        0.5543192213821683,
        0.550064039143892,
        0.1957888333268329,
        0.4563977397986763,
        0.7674283981911865,
        0.6999076920483144,
        0.14755005051723505,
        0.8850067982250319,
        1.1326886706308348,
        0.9990986266253375,
        0.822505984651659,
        0.7964835653038194,
        0.7507147938506876,
        0.3687755558615548,
        0.5762600056070387,
        0.9511068908748935,
        1.0210668824218527,
        0.7576378741145726,
        0.7797763668109409,
        0.2695852061713056,
        0.5233777776703258,
        0.02397167384862042,
        0.7891684755732586,
        0.605675578126943,
        1.058384954945289,
        0.3617457481349509,
        0.12996471762446934,
        1.1461635783918083,
        0.883484941310851,
        0.23960037566329576,
        0.5759498778007811,
        0.18504568737664132,
        0.5087087266939807,
        0.33385284243654656,
        0.4926305617301127,
        0.6403015181137965,
        0.2685049677118114,
        0.4421966037591153,
        0.4014688407640352,
        0.5138435397816877,
        0.8379431304393861,
        0.7002188078134313,
        0.12058825996856071,
        0.7387872244552272,
        0.8133397667541304,
        0.49827431458119953,
        0.5335175809285575,
        0.593034943789259,
        0.31237444710814977,
        0.9164769378243813,
        0.5924142285661571,
        0.9664081065803262,
        1.2601915999891178
      ],
      [
        0.5876571333343706,
        0.3013230264681401,
        0.3279105137542285,
        0.580420028156457,
        0.608086198500206,
        0.7150572924582546,
        0.7746064973143274,
        0.9303224654115654,
        0.29032726248592156,
        0.0,
        0.3772061672820906,
        0.8476073558646229,
        0.3386427041651627,
        0.3639770631538166,
        0.773123607281752,
        0.3659404979041481,
        0.8397030419128415,
        0.13605149476659542,
        0.19728555018648583,
        0.870177954510772,
        0.8221551752257695,
        0.6248229513716987,
        0.13616155732110122,
        0.6699911027400013,
        0.5704945619294981,
        0.9038171114618135,
        0.8299668988801774,
        0.6862354380849047,
        0.5164987885794075,
        0.6080232693041272,
        0.06735978452073967,
        0.4153048394657911,
        0.1662122280750047,
        0.41363533073226827,
        0.4979052105723779,
        0.6188154330241918,
        0.16862697524277773,
        0.3556988572734089,
        0.25973677665797046,
        0.3650392240683725,
        0.24971711220848067,
        0.4771011357052649,
        0.4095804295623928,
        0.4378773130031566,
        0.6502353771353393,
        0.8423614081449131,
        0.708771364139416,
        0.7727213667255306,
        0.5061563028178979,
        0.5215621661109033,
        0.07844829337563326,
        0.28593274312111716,
        0.7438617196270805,
        0.7307396199359313,
        0.5163155856671101,
        0.5376184147568925,
        0.1712786240288795,
        0.48486770745739305,
        0.314298936334542,
        0.5471576403848093,
        0.31534831564102145,
        0.7680576924593676,
        0.07141848564902938,
        0.42029198011039093,
        0.8558363159058866,
        0.5931576788249293,
        0.36937241717379626,
        0.28562261531485955,
        0.15276728771498238,
        0.3449183658912283,
        0.19554892259390233,
        0.20230329924419116,
        0.4405727213051263,
        0.1852924727656791,
        0.1518693412731937,
        0.16408297550576617,
        0.48642829888863215,
        0.5476158679534645,
        0.6617087376004985,
        0.3420379808604538,
        0.5614080883398987,
        0.5230125042682089,
        0.33278230691675864,
        0.2431903184426359,
        0.3027076813033374,
        0.22284189445944208,
        0.6261496753384598,
        0.34922025202773954,
        0.6760808440944046,
        0.9925365717895045
      ],
      [
        0.2952763084386474,
        0.6667330383448334,
        0.5313107265364959,
        0.5820789275914346,
        0.6836245899180637,
        0.8261574191473309,
        0.8938501152804663,
        0.9491894837444965,
        0.6046811584800216,
        0.3772061672820906,
        0.0,
        0.8037453808581386,
        0.0635097698659559,
        0.49522462344828677,
        0.8761572574858454,
        0.026192287369838783,
        0.8370639482772112,
        0.3295452888085932,
        0.39020685571830954,
        0.8944757442096989,
        0.7833192269476519,
        0.9425972165254054,
        0.3881066588821818,
        0.5139231596148233,
        0.8084070561340186,
        0.8681292086069241,
        0.8251194256127952,
        0.33957159115026514,
        0.13945170232456908,
        0.7550684794735811,
        0.3336628515758859,
        0.7512341945457541,
        0.2767797676958033,
        0.03643251682154515,
        0.848422893828419,
        0.7704149082587978,
        0.3271867486893949,
        0.0769285801322588,
        0.27434963447415356,
        0.6392234022780784,
        0.5518092795066963,
        0.45595456456081507,
        0.41123932899737053,
        0.7403440906874441,
        0.790627068929892,
        0.8699284018331981,
        0.5735617062904549,
        1.0527574879097668,
        0.3767771389551201,
        0.14727685319815076,
        0.4416920642968125,
        0.3141146107856925,
        0.9152981917133349,
        0.7478266978185941,
        0.7025178582292935,
        0.6413022987707276,
        0.43684742481198935,
        0.8329320632450032,
        0.5907581010358401,
        0.6933344072559939,
        0.32077499765532674,
        0.7954551433888997,
        0.3060025829132637,
        0.69622469749336,
        0.8754973168913208,
        0.6319299485775864,
        0.684389719476087,
        0.2870162254023997,
        0.41969218150536036,
        0.14932121300449214,
        0.2760911110571092,
        0.3438418557891383,
        0.6774485913504048,
        0.34296471501757814,
        0.3952059097381089,
        0.509268714683455,
        0.8387563924449545,
        0.38378839543190013,
        1.0097730933881088,
        0.5787587813048176,
        0.5630669877748764,
        0.5207829428758394,
        0.15052031476636657,
        0.208181975971973,
        0.2938470189105403,
        0.5887195945499477,
        0.4130020823263449,
        0.6886907870866552,
        0.706218571500229,
        1.0046588452162177
      ],
      [
        0.6280153909875765,
        0.7992488281188427,
        0.832565390087072,
        0.4898117272967397,
        0.24007958517967914,
        0.20021887662042787,
        0.18566106157361217,
        0.15919749901897848,
        1.0904937894678164,
        0.8476073558646229,
        0.8037453808581386,
        0.0,
        0.8400822100735851,
        0.8686514931752811,
        0.21596065537518297,
        0.8299376682279774,
        0.05715898605775994,
        0.9668777931950696,
        1.0411872627056822,
        0.10958973996114788,
        0.22598611808120309,
        0.7618856226585959,
        0.9816706835529224,
        0.4412016033541904,
        0.41825838312548125,
        0.06438382774878551,
        0.021374044754656495,
        0.6572094241290587,
        0.8690423879195863,
        0.2674083529459723,
        0.9130563525607258,
        0.7227285012021254,
        0.9523128183746786,
        0.8401778976796838,
        0.8029971953335814,
        0.2662346124002427,
        0.9939752304949687,
        0.8671803893387112,
        0.6493545406235893,
        0.9198051755532337,
        0.6342305580583039,
        0.503959020815715,
        0.5090721764797763,
        0.9894988144429558,
        0.2502216897244893,
        0.096326001766641,
        0.39737606185763347,
        0.6308911903580238,
        0.5907051835648349,
        0.8422346723962817,
        0.7901589371401223,
        0.6095895643120504,
        0.33098126210188683,
        0.17743808094284877,
        0.33888240451410045,
        0.3153204915317742,
        0.8932809042261578,
        0.7979423263975598,
        1.0847795439286427,
        0.30701784626725076,
        0.5956014581115894,
        0.1209213123780164,
        0.8546149051564079,
        1.0283678038192694,
        0.13873693456227776,
        0.2974907070012452,
        0.9199604588252156,
        0.6304514164672728,
        0.9778204230208221,
        0.9308324953479821,
        0.9765614116219001,
        0.6867244108812427,
        0.4818858300371472,
        1.0168059932098552,
        0.7672103182116092,
        0.723146544425628,
        0.8166166815896571,
        0.6452873929271694,
        0.7694086799905161,
        1.1670911161662936,
        0.48213429458264734,
        0.41552592722630904,
        0.9297892905918939,
        0.7081944797949431,
        0.6249661390570429,
        0.7781193423596665,
        0.5388670585084748,
        0.4983871038368833,
        0.21289816074297935,
        0.21681803665819044
      ],
      [
        0.3503151243440489,
        0.6353574337732194,
        0.48947727614230147,
        0.5701709487078344,
        0.6880872432399212,
        0.8306494460410684,
        0.8972876448196192,
        0.9507375237558866,
        0.5487959515159097,
        0.3386427041651627,
        0.0635097698659559,
        0.8400822100735851,
        0.0,
        0.4533911730540923,
        0.8989614517274429,
        0.07702494343523082,
        0.8878966043426032,
        0.27499709215932017,
        0.33077921654557424,
        0.9453084002750909,
        0.8254825454923405,
        0.9275874205077305,
        0.333513408968035,
        0.5689619755202248,
        0.8041340463772697,
        0.9044660378223706,
        0.8614562548282416,
        0.40287346052412987,
        0.1894784811997648,
        0.744004668150358,
        0.28822341206477087,
        0.7300295750315432,
        0.220869454898532,
        0.09147133272694664,
        0.8236140171194101,
        0.7593420705326029,
        0.26944218725768054,
        0.02709817926512613,
        0.2839602573932839,
        0.5973899518838839,
        0.5347755535850375,
        0.455622084359879,
        0.39933135011377024,
        0.6834748912159796,
        0.7866877489224251,
        0.8596192824903583,
        0.6286005221958564,
        1.0484844781530178,
        0.4318159548605216,
        0.2025074731489353,
        0.408538158749194,
        0.32046901954533896,
        0.9216526004729813,
        0.7456295306377085,
        0.6913192785084532,
        0.6301037190498874,
        0.3891693675362285,
        0.8088278385147435,
        0.5338889015643756,
        0.6817625142658699,
        0.31046587831248706,
        0.7851460240460599,
        0.2692273592306898,
        0.6410257190930355,
        0.8782258108513539,
        0.6194976159310635,
        0.6425562690818925,
        0.2829138120953653,
        0.36449320310503586,
        0.09075028527439696,
        0.2168525986083824,
        0.33956884603238924,
        0.6731755815936558,
        0.28382187258434083,
        0.3795266945653088,
        0.482133063753436,
        0.8132982914477831,
        0.4388272113373016,
        0.985668868657849,
        0.5178286649465411,
        0.5511590088912761,
        0.511095947686399,
        0.08970708051830875,
        0.2123263147723205,
        0.2811598151793272,
        0.5568904002052664,
        0.4680408982317464,
        0.6716570611649963,
        0.6935503871057509,
        1.0145676156399661
      ],
      [
        0.7905009318869342,
        0.2095034470254357,
        0.036086103088209136,
        0.4313869576342651,
        0.628571907995602,
        0.7711852187720063,
        0.8402679547118668,
        1.0278489921942595,
        0.3397876121566245,
        0.3639770631538166,
        0.49522462344828677,
        0.8686514931752811,
        0.4533911730540923,
        0.0,
        0.8325527219231085,
        0.5214169108181256,
        0.8614893268966827,
        0.500028557920412,
        0.5612626133403024,
        0.8975848718526496,
        0.9288229314066603,
        0.5595236465422646,
        0.5001386204749177,
        0.8474103335243786,
        0.593710260837693,
        0.9243514954367608,
        0.8505751705089811,
        0.8347962145985519,
        0.6346763257728558,
        0.6749494621211459,
        0.43133684767455627,
        0.34757406469277224,
        0.5301892912288213,
        0.5316571402698319,
        0.4132075521250333,
        0.6839691060410698,
        0.5326040383965943,
        0.48048935231921847,
        0.5376020944717821,
        0.14399877882979162,
        0.2851584613849011,
        0.6893547645633661,
        0.6022265562283293,
        0.44086687308292116,
        0.7137675198112566,
        0.9649774949419221,
        0.8657675728107028,
        0.7074220618960965,
        0.7570836277042408,
        0.6425014766464375,
        0.28953533152706507,
        0.5441114971088539,
        0.7798676124611182,
        0.9238510482063819,
        0.5863985957007973,
        0.6085370883971656,
        0.535255687182696,
        0.4028177140366262,
        0.3597590418687807,
        0.6179291971594835,
        0.5811392196654185,
        0.9671629328837685,
        0.42939972788433667,
        0.25066170682177874,
        1.0073884277375589,
        0.8285775301025642,
        0.18916509602780018,
        0.5639659868518189,
        0.516744350868799,
        0.5441414583284893,
        0.559525985747719,
        0.4475772319251713,
        0.46906223970002126,
        0.5492695359194957,
        0.3675028190629008,
        0.23022956235026,
        0.4005614434341527,
        0.7632493457431715,
        0.5796587441797317,
        0.45706037515072484,
        0.45039889745082334,
        0.6756663652116025,
        0.543098253572401,
        0.557237262674643,
        0.5825170378545401,
        0.1411351686943745,
        0.8509138530006886,
        0.4211749501523818,
        0.8751860845188055,
        1.0854695298334716
      ],
      [
        0.7605930222757249,
        0.6922504450230795,
        0.7964861725235205,
        0.4580893699588817,
        0.2109165396273362,
        0.06831257544846193,
        0.03226390730506587,
        0.3575076171414477,
        1.0037920003368836,
        0.773123607281752,
        0.8761572574858454,
        0.21596065537518297,
        0.8989614517274429,
        0.8325527219231085,
        0.0,
        0.8499649701160066,
        0.16396822357821833,
        0.8881085407591958,
        0.9704091574682379,
        0.14641818148604197,
        0.43820575456542105,
        0.545924967283413,
        0.9092851646028532,
        0.6344633623956911,
        0.2582326007705748,
        0.22691414725949424,
        0.19661415007056673,
        0.8312542412197399,
        0.9732518965475216,
        0.16924439578855915,
        0.8404833918024917,
        0.6459286511161808,
        0.9230073026061703,
        0.903930240737378,
        0.6929302668113736,
        0.15616768387803495,
        0.9197043426870872,
        0.9260121705150949,
        0.620049024855081,
        0.8317446865742735,
        0.5559708235630723,
        0.6000479733332189,
        0.5388493221516664,
        0.8632088350657957,
        0.1239317103473292,
        0.3122611573838751,
        0.5889268405093642,
        0.42988251881545286,
        0.6915179159144589,
        0.946444181024217,
        0.7156751885572514,
        0.580284048543542,
        0.11774713104307576,
        0.3689704648838842,
        0.2620825544281559,
        0.2769759495746558,
        0.8549363622690394,
        0.7110584600533219,
        1.0127948247173997,
        0.2366429023419874,
        0.5887148847025264,
        0.32138012660623594,
        0.8253093893878996,
        0.9415504480482305,
        0.35390940765529666,
        0.49794952122946473,
        0.8201295168289657,
        0.6164047947758593,
        0.9258908949967344,
        0.9726125776465759,
        0.9483768772859436,
        0.6775317890832805,
        0.365077695116255,
        0.9397378951613552,
        0.7125745939255177,
        0.6530510887431299,
        0.7065497530674493,
        0.730751560847075,
        0.5684000084479452,
        1.0815537220232896,
        0.4518525945172933,
        0.5308729835862569,
        0.964512182011859,
        0.6914646807449568,
        0.6179208107922605,
        0.691417553228734,
        0.7228365902230969,
        0.42390335525401246,
        0.4133569749711989,
        0.39899870521758435
      ],
      [
        0.3128090622384737,
        0.6514546388432333,
        0.5575030139063347,
        0.5589754725513126,
        0.6657524010281537,
        0.8082306262283458,
        0.8767613380720549,
        0.940157620211573,
        0.6027298494441805,
        0.3659404979041481,
        0.026192287369838783,
        0.8299376682279774,
        0.07702494343523082,
        0.5214169108181256,
        0.8499649701160066,
        0.0,
        0.8108716609073724,
        0.32763298046739997,
        0.39219919039791223,
        0.8682834568398601,
        0.8008519807474782,
        0.9217978102494662,
        0.3858590421091215,
        0.5314559134146496,
        0.7861263964276974,
        0.8810733404905597,
        0.851311712982634,
        0.36576387852010395,
        0.15203143211056633,
        0.7319650244334591,
        0.3260874406479812,
        0.7323581467134178,
        0.27635964087116127,
        0.05396527062137149,
        0.8305672238229653,
        0.7473114532186758,
        0.32787562191576336,
        0.09610478977760688,
        0.25766701515842316,
        0.6654156896479172,
        0.5320568736664922,
        0.432851109520693,
        0.38813587395724847,
        0.7392607418255046,
        0.7676867071893374,
        0.8468249467930761,
