{
  "sol": {
    "z": 4.474872726649686,
    "tours": [
      [
        0,
        32,
        17,
        7,
        30,
        31,
        22,
        20,
        27,
        23,
        9,
        19,
        15,
        14,
        13,
        2,
        34,
        89,
        11,
        16
      ],
      [
        5,
        4,
        26,
        35,
        12,
        33,
        24,
        29,
        18,
        21,
        28,
        0,
        8,
        1,
        25,
        6,
        3,
        10
      ]
    ]
  },
  "params": {
    "gm": [
      [
        0.0,
        0.5641050476764384,
        0.7017131451856851,
        0.4923289768812373,
        0.4441840255393429,
        0.4436914803817299,
        0.9380011323941249,
        0.3975550719682051,
        0.699449434368552,
        0.41152862116791683,
        0.16579002670393447,
        0.5465652783235537,
        0.7770457688149748,
        0.6726727845571672,
        0.8141724059227151,
        0.9413020254193791,
        0.49536232160894633,
        0.3189546844575956,
        0.3666554465822249,
        0.7441264972341605,
        0.6828036134568995,
        0.37494709199022247,
        0.6337851516333071,
        0.5527501621770186,
        0.4120978794638856,
        0.7644993043339755,
        0.5346924202839592,
        0.4921898583219734,
        0.07570515704731619,
        0.3382019609079083,
        0.5423100905047762,
        0.5876640871128649,
        0.16007932897909247,
        0.8695935471655633,
        0.6016238621489707,
        0.7089242679341832,
        0.5617904344871119,
        0.627490232107322,
        0.45430557309703495,
        0.46742176672134783,
        0.7202488847317552,
        0.15850305560874495,
        0.6605150604728891,
        0.33934180158733357,
        0.47163549925108894,
        0.7635811382935755,
        0.6297411557563721,
        0.7529300870942771,
        0.9207076184562475,
        0.4189047739561485,
        0.5415606032290867,
        0.6816156791116432,
        0.4527861990450899,
        0.8842723938213504,
        0.4927974267936047,
        0.5973127960018394,
        0.6918980983337913,
        0.6609766685473093,
        0.3724665689359307,
        0.7965663710916591,
        0.5885061342502026,
        0.4331448694212426,
        0.5538559426770369,
        0.2940735536327771,
        0.37320827259862915,
        0.05136283999061187,
        0.5275826394181711,
        0.42433257175170713,
        0.6476933620610319,
        0.7975685637708095,
        0.8079524895120714,
        0.8684282421408412,
        0.4451583001582943,
        0.7713478534097316,
        0.7176206576258739,
        0.7887781529339821,
        0.322805073192579,
        0.27072769346115944,
        0.26485756014319767,
        0.5389689917501794,
        0.8266312623170301,
        0.33896521392775975,
        0.4754958177378968,
        0.271629614489721,
        0.8219065094093958,
        0.5355464552244252,
        0.13193828477983716,
        0.17949421368532933,
        0.561580809041118,
        0.955588171775848
      ],
      [
        0.5641050476764384,
        0.0,
        0.2036885593976609,
        0.49464932065970846,
        0.3500905508387709,
        0.27124162505692284,
        0.5612962557282903,
        0.8179298113468414,
        0.13534438669211357,
        0.44856227152745926,
        0.4152915872149502,
        0.01784594368434394,
        0.38094369185419236,
        0.27686157440216985,
        0.37943571753857375,
        0.46964883684440156,
        0.07152798437537136,
        0.6547354107313141,
        0.6464402913241594,
        0.6097953680638699,
        0.7736242426023036,
        0.6954611972826534,
        0.6916779377977443,
        0.3773618967488762,
        0.5761488387769788,
        0.2198885616845976,
        0.4272267151780754,
        0.49323501890203236,
        0.6398102047237546,
        0.5927861536505565,
        0.8363228523711883,
        0.617409198240286,
        0.5232849236544854,
        0.37859417426803454,
        0.12288700101573785,
        0.3898975171274842,
        0.10933768520714607,
        0.06353852095646868,
        0.4788127680920856,
        0.16835894884731234,
        0.31489280942716424,
        0.7226081032851834,
        0.6929029038488276,
        0.7553452505216461,
        0.32889540302612436,
        0.19964470871806297,
        0.7776691234178135,
        0.4523656590988243,
        0.6007713736176593,
        0.4076438450052947,
        0.6312029453485859,
        0.11751063143520477,
        0.5598227329344126,
        0.36622540026532424,
        0.23141061809546448,
        0.3072041895779475,
        0.399918849357039,
        0.16678625144548204,
        0.1916424329448516,
        0.27371423929063887,
        0.5976380912034458,
        0.7775379645133076,
        0.536043567032836,
        0.7585620932279872,
        0.7912412912597401,
        0.6153739040248092,
        0.18418629418416504,
        0.19595730644149464,
        0.8033239913257058,
        0.23346706865448322,
        0.2850722866748755,
        0.3487799427247402,
        0.1536071463586751,
        0.4523278080312729,
        0.4360393862316314,
        0.4028277775397896,
        0.6916418034129898,
        0.45254584906891365,
        0.5528415880948774,
        0.4565821742868985,
        0.5892193476258076,
        0.6449368558457584,
        0.09051471528185166,
        0.391427084922619,
        0.2578014617329574,
        0.6324032991608752,
        0.6960433324562756,
        0.7435992613617678,
        0.21830318806764593,
        0.4523675767270513
      ],
      [
        0.7017131451856851,
        0.2036885593976609,
        0.0,
        0.42388132433825065,
        0.5312632078584492,
        0.45444143563574046,
        0.35890116351616114,
        0.8557549403463656,
        0.290031863273885,
        0.4132203676474257,
        0.5566348204419651,
        0.20830679154173298,
        0.5616821196941689,
        0.08945727777152278,
        0.1773182450655618,
        0.26596027744674067,
        0.22512515398218075,
        0.6953168998125983,
        0.8211277582096534,
        0.5045964403431754,
        0.6882174675147121,
        0.868239809834785,
        0.5955463893312718,
        0.2721629690281817,
        0.7596641874850462,
        0.11691034070522344,
        0.6199612767928222,
        0.42243817675903855,
        0.7774183022330012,
        0.7655497806448897,
        0.7418047863984578,
        0.5228911322675555,
        0.6414213078728039,
        0.5141154214422944,
        0.10072769951934889,
        0.5803583649848734,
        0.29979853306453513,
        0.2156308572637339,
        0.424002367356913,
        0.3526232862188516,
        0.1326933056989098,
        0.8602162007944301,
        0.5858979931337757,
        0.7946885641007267,
        0.5167497117734724,
        0.23048251267300413,
        0.7118141416030069,
        0.5208716469442989,
        0.3970828142199984,
        0.37164277066771567,
        0.5595276221442214,
        0.25788967531824936,
        0.5103325499934153,
        0.49616992819275657,
        0.42571389676793187,
        0.49146852694948673,
        0.45695030583773916,
        0.04126698499050774,
        0.3292465762497544,
        0.10123051094870805,
        0.49962836523500764,
        0.8181194535945917,
        0.44313067603068695,
        0.8055870764793374,
        0.8294842067640238,
        0.7529780476974668,
        0.2063326788579677,
        0.365328691980804,
        0.7338703409523132,
        0.24122524470348253,
        0.1115971928766085,
        0.17622468019583515,
        0.25924858210869844,
        0.5365784627349328,
        0.5540103768483359,
        0.479653497045669,
        0.8565505435765541,
        0.5223936152522268,
        0.5896269880656317,
        0.651225266079985,
        0.3855307882281467,
        0.6817222558165127,
        0.23980012813685952,
        0.5266505728546875,
        0.3575975973273563,
        0.5650676643502812,
        0.8336514299655223,
        0.8206593303396553,
        0.20585955872267858,
        0.5793383380875677
      ],
      [
        0.4923289768812373,
        0.49464932065970846,
        0.42388132433825065,
        0.0,
        0.5952765391301085,
        0.6167654914704335,
        0.4864028016928145,
        0.5189270129252592,
        0.6294608735013435,
        0.08513987226549949,
        0.36503675661118085,
        0.48208042568398046,
        0.8451781738538289,
        0.4295770792895674,
        0.5710767006551154,
        0.4872721623818552,
        0.4422013078975103,
        0.358488972391492,
        0.8583173268494573,
        0.2554068349366538,
        0.2789753486165501,
        0.8416698156781359,
        0.20121349335474004,
        0.15607920030388966,
        0.8237465866931756,
        0.5407895446287074,
        0.7029505250837034,
        0.001462582813790444,
        0.5673670373145486,
        0.8298638411751407,
        0.34912092365722613,
        0.13020726952632375,
        0.3343778535606887,
        0.8683905917987111,
        0.40206357367688733,
        0.8087375505128556,
        0.5576504067036834,
        0.5507149334973028,
        0.03826583268715258,
        0.5186941454797638,
        0.4771531794641555,
        0.642969208221595,
        0.21172270775206817,
        0.4578606366796205,
        0.6326383949367554,
        0.6368414701515642,
        0.28980355589288137,
        0.8137695011633724,
        0.4626451485175734,
        0.1034477105475789,
        0.1384588678950899,
        0.6073070489658813,
        0.09436946806768418,
        0.8560218177960007,
        0.5969250375910922,
        0.6575393862103989,
        0.7502540459894904,
        0.41438477827296466,
        0.46546219351414686,
        0.5251118352869587,
        0.11694811791659615,
        0.4582861447407597,
        0.06406509939796375,
        0.47210152336577044,
        0.4926562793429175,
        0.5206793374719011,
        0.3120380368885602,
        0.5251416738727832,
        0.3134672961828528,
        0.6561931576549092,
        0.5354785172148592,
        0.6001060045340858,
        0.3987174562790982,
        0.8144493644091976,
        0.8000413596474838,
        0.8471341005896812,
        0.7876177322623527,
        0.22343405746450826,
        0.2527990606445255,
        0.7371306625039926,
        0.3677016516004492,
        0.34489432839540646,
        0.4381957010469508,
        0.24693922175540095,
        0.7411460143581374,
        0.1421796271568674,
        0.6027413502492556,
        0.6718231905665666,
        0.2763479534089596,
        0.9384292031926194
      ],
      [
        0.4441840255393429,
        0.3500905508387709,
        0.5312632078584492,
        0.5952765391301085,
        0.0,
        0.07885094289772737,
        0.8761328627112612,
        0.7029454592792195,
        0.48543493753088446,
        0.5532872580749709,
        0.2783939988354084,
        0.3373424035449173,
        0.36823298483054073,
        0.5768153110449068,
        0.7060413105892278,
        0.7788365985369489,
        0.3067877148562853,
        0.5787395616294763,
        0.29654137557722815,
        0.8091893516749796,
        0.8439981473217095,
        0.3458639959189837,
        0.7964900324848485,
        0.5794762739349526,
        0.2284700475630671,
        0.569871803897119,
        0.10767398595359495,
        0.5967391219438989,
        0.5062392230884057,
        0.24374241922781362,
        0.8106346971898706,
        0.7254838086564322,
        0.38716086288118035,
        0.4896613435093218,
        0.4310954176891619,
        0.27999579547247916,
        0.3042509581859707,
        0.40643415854847237,
        0.5975215269425779,
        0.18227915133483263,
        0.600982715790567,
        0.5193890412995478,
        0.8069992468821766,
        0.6392042319767847,
        0.03736185580664702,
        0.5347129325730765,
        0.8344783302236239,
        0.3734901106369204,
        0.9099611020056501,
        0.5541785366150723,
        0.70400562060619,
        0.46306668892740593,
        0.6157795183465435,
        0.5097705004047961,
        0.1289045368720349,
        0.2295176230887053,
        0.3099408590692123,
        0.4900297414417933,
        0.2168700484321215,
        0.6176569594094611,
        0.7122246570467046,
        0.701469476106337,
        0.6593416385280723,
        0.608465132450842,
        0.6762712276030959,
        0.4916108083300273,
        0.37197323992755416,
        0.16650254091213015,
        0.860992771987164,
        0.5705148186675998,
        0.6291968763550625,
        0.6947786643605564,
        0.2880434027627186,
        0.3853481553147201,
        0.30025073418694104,
        0.4021450619734917,
        0.34621731561242935,
        0.4123492099709306,
        0.483339785631159,
        0.1418541233738842,
        0.8984071093183549,
        0.5754350533820399,
        0.2914630801766734,
        0.39917793475959773,
        0.5422783990152866,
        0.6962391672075505,
        0.5547159306022121,
        0.42507562500782775,
        0.4059842885373087,
        0.5724747161156076
      ],
      [
        0.4436914803817299,
        0.27124162505692284,
        0.45444143563574046,
        0.6167654914704335,
        0.07885094289772737,
        0.0,
        0.7993592159699375,
        0.7141377339120173,
        0.4065860117490364,
        0.5342694821099656,
        0.27790145367779545,
        0.25853790167706886,
        0.33587337381779014,
        0.5034456702793322,
        0.6301397097411483,
        0.7014685844399865,
        0.22941970075932291,
        0.577377201464679,
        0.37529758197102936,
        0.7441507293662342,
        0.8249803713567041,
        0.42450118148859206,
        0.7776676438201866,
        0.514437651626207,
        0.3063664366578372,
        0.49102463527451545,
        0.16966537348589217,
        0.6158803355962856,
        0.514473069170692,
        0.3221130247290082,
        0.809344976330206,
        0.7247238765502129,
        0.39160628161005845,
        0.4411302244073675,
        0.35482351063614687,
        0.26592786997739515,
        0.22555609497524418,
        0.3277392953377458,
        0.5785037509775725,
        0.10358428812410608,
        0.5222878525798403,
        0.5977596468007423,
        0.8025374688629426,
        0.6494065289801427,
        0.06393195727940047,
        0.4707374497436207,
        0.8154605542586186,
        0.32418153349533674,
        0.8325930879086877,
        0.5289383405896272,
        0.6849878446411847,
        0.3843718257166794,
        0.5967617423815381,
        0.45726607630907096,
        0.05990392526975079,
        0.1704963929091009,
        0.2605069168535733,
        0.4133016350753012,
        0.1523820743525089,
        0.5394324861787235,
        0.7211390929895025,
        0.7001797552466724,
        0.6604498999648005,
        0.6260486550547834,
        0.6869587390943819,
        0.49111826317241436,
        0.3054073048456666,
        0.0932429644271393,
        0.8419749960221585,
        0.504708693711406,
        0.5509660759775324,
        0.6163877188791055,
        0.21928547547758107,
        0.3394543847669068,
        0.27423999182239206,
        0.3573869714537641,
        0.4232545276525724,
        0.39333143400592524,
        0.47626154247626484,
        0.20312859826617655,
        0.8210390952213925,
        0.5683568102271458,
        0.21497403282385005,
        0.3986853896019848,
        0.49284445679964756,
        0.6772213912425451,
        0.5754507750485801,
        0.5034462305090224,
        0.3409456662285632,
        0.5266182106610064
      ],
      [
        0.9380011323941249,
        0.5612962557282903,
        0.35890116351616114,
        0.4864028016928145,
        0.8761328627112612,
        0.7993592159699375,
        0.0,
        0.9180101881933261,
        0.6421521166222313,
        0.526472511226208,
        0.7953010189735488,
        0.5638805046425427,
        0.9097097471915058,
        0.34040864168540397,
        0.19890902031985597,
        0.097890631529951,
        0.5699395152106146,
        0.7830849123258194,
        1.1654375062741702,
        0.275025073086048,
        0.6250460596251752,
        1.2125718465191904,
        0.5323756408207906,
        0.5074585444010417,
        1.1044043792593952,
        0.40747324587853334,
        0.9651946477148245,
        0.48574457077606054,
        1.0134858566139004,
        1.1098659045153076,
        0.705132236408585,
        0.4862185822776826,
        0.7827842133350915,
        0.8511862399549389,
        0.4450374450220993,
        0.935932078085683,
        0.6553722461653448,
        0.5728569545922397,
        0.5170286332537838,
        0.6976487102066994,
        0.3646500412582804,
        1.0912527907233127,
        0.5015164252208404,
        0.8922105752402256,
        0.8615768711894334,
        0.5443839812310476,
        0.6828327689108781,
        0.8214873311502894,
        0.052973613128019306,
        0.529132830440634,
        0.5567166772662011,
        0.609230017767732,
        0.563724220329336,
        0.8273611350997558,
        0.772810018808734,
        0.8364939509373345,
        0.8102056486333933,
        0.39452232778616186,
        0.6741947382351392,
        0.32721348755605206,
        0.46421067996109217,
        0.8084534614538836,
        0.4425080717684098,
        0.9298655361469353,
        0.9189072328916578,
        0.9690944527373881,
        0.5560882725958742,
        0.7099211581869823,
        0.6936812992858942,
        0.5361269006975851,
        0.32031957386779464,
        0.29527130702441906,
        0.605675010354833,
        0.8400863927987756,
        0.9072657196439899,
        0.7772782721327061,
        1.2012343284758313,
        0.6674105593302483,
        0.716131459288486,
        0.9969078721709141,
        0.11870115009236533,
        0.7356370557668048,
        0.5848898374160649,
        0.6745170830493594,
        0.6795274341205574,
        0.568860629292209,
        1.0528144668616515,
        1.117495346079454,
        0.5405932490469745,
        0.903621701222264
      ],
      [
        0.3975550719682051,
        0.8179298113468414,
        0.8557549403463656,
        0.5189270129252592,
        0.7029454592792195,
        0.7141377339120173,
        0.9180101881933261,
        0.0,
        0.9402057822865937,
        0.45578690034301184,
        0.4370893544768518,
        0.800084256406641,
        1.048345056110988,
        0.8036620154719583,
        0.9125942505238822,
        0.9264914939003309,
        0.7472991309061732,
        0.1658730719451158,
        0.7231618360402082,
        0.6695588179392529,
        0.39312103795097575,
        0.7294592368861572,
        0.4382662041692872,
        0.6284934237248521,
        0.7687438203299845,
        0.970271745873591,
        0.8001630861546039,
        0.5192573739385518,
        0.43235109791341503,
        0.6948479017740071,
        0.23001872441485693,
        0.4489323785457593,
        0.3232219341556657,
        1.1362338130835765,
        0.8133456910361567,
        0.9775115976544521,
        0.8440497492064425,
        0.8802915901821058,
        0.48472627290411296,
        0.7331599614667799,
        0.8512381156465463,
        0.452803961615663,
        0.47788203559562475,
        0.06491097054921414,
        0.7349730648252799,
        1.016958845107201,
        0.31677177786405486,
        1.0229401896962456,
        0.9097000800473501,
        0.4841121696786498,
        0.46906882923540394,
        0.935440442782046,
        0.5354705897411353,
        1.154167391958172,
        0.7640793396850319,
        0.8672077941386611,
        0.9618305315547386,
        0.8376276999324885,
        0.6548644248652995,
        0.9468238249029741,
        0.46992476586170373,
        0.12568198436891234,
        0.5308452449939843,
        0.10645991993877572,
        0.027340749551349932,
        0.3760454272612115,
        0.7076432054226104,
        0.6908930154748772,
        0.33101180750931275,
        1.0501578495640356,
        0.9415636934613674,
        0.9976097786201705,
        0.7275561560876631,
        1.0409261958971572,
        0.9883743550374833,
        1.0587105861549293,
        0.6771622106625138,
        0.3687130225083713,
        0.26612795228073377,
        0.8345103904209786,
        0.8171305224864022,
        0.20578471358764688,
        0.7274150960649897,
        0.4265027264242223,
        1.0701930828402018,
        0.4644120682078954,
        0.4046876862227839,
        0.5340526239906283,
        0.6768947951186977,
        1.223220769250515
      ],
      [
        0.699449434368552,
        0.13534438669211357,
        0.290031863273885,
        0.6294608735013435,
        0.48543493753088446,
        0.4065860117490364,
        0.6421521166222313,
        0.9402057822865937,
        0.0,
        0.5837663057039872,
        0.5506359739070638,
        0.15319033037645752,
        0.4434214249324738,
        0.37647081295659207,
        0.44677963063608606,
        0.5534497298375946,
        0.20687237106748493,
        0.7900797974234277,
        0.7817846780162729,
        0.7394360280162977,
        0.9084001656704244,
        0.830805583974767,
        0.8253895783501917,
        0.507002556701304,
        0.7114932254690923,
        0.246726639129239,
        0.562571101870189,
        0.6280388497112952,
        0.7751545914158682,
        0.7281305403426701,
        0.9698969436493471,
        0.7509832895184447,
        0.658629310346599,
        0.29404885376388434,
        0.24118339273641629,
        0.4642587897316826,
        0.1836989578113444,
        0.08151575744884275,
        0.614114100351737,
        0.3037033355394259,
        0.4123035754179952,
        0.857952489977297,
        0.8253329117804584,
        0.8906896372137597,
        0.4642397897182379,
        0.14476045741195803,
        0.9130135013990348,
        0.368043330812541,
        0.6839721139507237,
        0.5429882316974083,
        0.7663521192050992,
        0.03296531093105452,
        0.6951671196265262,
        0.281680079761174,
        0.36675500478757805,
        0.44254857627006106,
        0.40581667339274835,
        0.26457207502315583,
        0.3269868196369652,
        0.3224917024134303,
        0.7307327038775125,
        0.9128823512054212,
        0.6693335841730457,
        0.8939064799201007,
        0.9265856779518536,
        0.7507182907169228,
        0.3195306808762786,
        0.33130169313360824,
        0.9386578069905371,
        0.17847616120102264,
        0.33201078491991165,
        0.3839667492164007,
        0.2889515330507887,
        0.3797667036449479,
        0.490320403224744,
        0.3185054492535063,
        0.8269861901051033,
        0.5878902357610273,
        0.688185974786991,
        0.5919265609790121,
        0.6730202406190006,
        0.780281242537872,
        0.22585910197396525,
        0.5267714716147326,
        0.1734791334466741,
        0.7676704731131557,
        0.8313877191483892,
        0.8789436480538814,
        0.3532537394438402,
        0.36782225622290105
      ],
      [
        0.41152862116791683,
        0.44856227152745926,
        0.4132203676474257,
        0.08513987226549949,
        0.5532872580749709,
        0.5342694821099656,
        0.526472511226208,
        0.45578690034301184,
        0.5837663057039872,
        0.0,
        0.2799899536612112,
        0.435331658977056,
        0.7984294071469045,
        0.36493597660933036,
        0.5064355979748784,
        0.5478483512897727,
        0.39587351318266417,
        0.2953488598092446,
        0.7779636349226012,
        0.33265436932116493,
        0.3370424720464956,
        0.759173806317668,
        0.27262428991159987,
        0.17500003032413958,
        0.781757305638038,
        0.5281443525634101,
        0.6542483154522362,
        0.08459611116377949,
        0.48701334538769253,
        0.7495101492482846,
        0.4267162840780475,
        0.20780262994714513,
        0.2563117021088836,
        0.8258388720724483,
        0.3717770840373496,
        0.7764272240404151,
        0.5113199125484919,
        0.5083776301294154,
        0.04803301338840772,
        0.4883455165618087,
        0.41251207678391844,
        0.5647802794971047,
        0.28941900664209796,
        0.394720524097373,
        0.575232807264314,
        0.6090988500741839,
        0.3305131617725302,
        0.7834208722454175,
        0.5215187193000186,
        0.04256551704825033,
        0.19196944697409535,
        0.5647553292396185,
        0.11182204715396042,
        0.8134700980697379,
        0.5656450739887453,
        0.6271907572924438,
        0.7199054170715353,
        0.3957822016377631,
        0.4198568469532296,
        0.5031125806532659,
        0.1985862566478369,
        0.41815141359123803,
        0.14920384422444694,
        0.408961410783523,
        0.42951616676067006,
        0.44262194151118023,
        0.2647407764709893,
        0.47784441345521234,
        0.3569313456575767,
        0.632141139609902,
        0.5102861331134992,
        0.5606685915825872,
        0.35142019586152734,
        0.7671521039916267,
        0.7696927307295287,
        0.8167854716717262,
        0.7051217229018847,
        0.14093804810404034,
        0.18965894806227807,
        0.6605772765407354,
        0.42827784050836665,
        0.28175421581315907,
        0.39089844062937995,
        0.16192194415248837,
        0.7026266641988244,
        0.189874071183284,
        0.5263419556354435,
        0.5910228348532461,
        0.23492820855738636,
        0.8970094583410461
      ],
      [
        0.16579002670393447,
        0.4152915872149502,
        0.5566348204419651,
        0.36503675661118085,
        0.2783939988354084,
        0.27790145367779545,
        0.7953010189735488,
        0.4370893544768518,
        0.5506359739070638,
        0.2799899536612112,
        0.0,
        0.39744564353060624,
        0.6112557421110403,
        0.5068827578532327,
        0.6483823792187806,
        0.7755119987154446,
        0.35118488833831263,
        0.3014051498127427,
        0.5275219050278053,
        0.6047224436192167,
        0.5801128244828556,
        0.5374418856446262,
        0.5327733947187593,
        0.402103955715295,
        0.5068640463984755,
        0.6194209795902554,
        0.37425836179102495,
        0.3645406311321593,
        0.23657161549289654,
        0.49906841935348867,
        0.5333729246782697,
        0.4790605256514189,
        0.11392268693833965,
        0.7038035204616289,
        0.4565455374052506,
        0.5431342412302487,
        0.4143179981707976,
        0.47837059731437453,
        0.3272072844247843,
        0.30163174001741333,
        0.5544588580278207,
        0.32240218490818284,
        0.557502444291607,
        0.37221749105240826,
        0.3058454725471545,
        0.6147877701847102,
        0.5705133493922397,
        0.5871400603903426,
        0.7717252982617586,
        0.27578453777966394,
        0.43977712653336914,
        0.532802218650155,
        0.3518145375151593,
        0.718482367117416,
        0.3270074000896703,
        0.43152276929790495,
        0.5261080716298568,
        0.5158983438035892,
        0.22738824419221068,
        0.6505797604378838,
        0.4742768519481794,
        0.42420770359473614,
        0.42903696087575194,
        0.3537670691197583,
        0.40981557747291125,
        0.2132168094946189,
        0.382504314674451,
        0.2585425450477727,
        0.5970277911557798,
        0.648462876044244,
        0.655720536520141,
        0.7026382154369067,
        0.30007997541457426,
        0.605557826705797,
        0.5518306309219394,
        0.6229881262300476,
        0.48775185639501806,
        0.1484638871320768,
        0.20512112009331115,
        0.40449379241303957,
        0.6765998688811834,
        0.29721638784419213,
        0.33134851420807526,
        0.12078393592418935,
        0.6730930489479077,
        0.43235384436869667,
        0.29754932137078466,
        0.3452842403892638,
        0.41650248429739795,
        0.7897981450719135
      ],
      [
        0.5465652783235537,
        0.01784594368434394,
        0.20830679154173298,
        0.48208042568398046,
        0.3373424035449173,
        0.25853790167706886,
        0.5638805046425427,
        0.800084256406641,
        0.15319033037645752,
        0.435331658977056,
        0.39744564353060624,
        0.0,
        0.3630977481698484,
        0.2774813782870287,
        0.3851612623582223,
        0.47426706898847365,
        0.053756769091566584,
        0.6369641954475094,
        0.633311041315309,
        0.6006977027604546,
        0.7609858517377388,
        0.6821421790547388,
        0.6799814317701859,
        0.36826423144546094,
        0.5642701029238648,
        0.2327109903411616,
        0.4171234740382794,
        0.4806762876135177,
        0.6222704353708699,
        0.5793403500335194,
        0.8247621372440247,
        0.6058484831131223,
        0.5057473455373077,
        0.39644011795237855,
        0.12127982396553788,
        0.3720515734431403,
        0.09149174152280214,
        0.0809249537837683,
        0.4653633504996839,
        0.15512307408453482,
        0.31794564861686825,
        0.7050683339322987,
        0.6820025700471838,
        0.7374996955814459,
        0.3173703063944188,
        0.21734212665410393,
        0.7638285511537086,
        0.4501984297681435,
        0.6053896057617314,
        0.3936050207202354,
        0.6180862894031006,
        0.1353565751195487,
        0.5456860885519516,
        0.38407134394966813,
        0.22126631064107932,
        0.29396831481516994,
        0.3866829745942615,
        0.16983909063518604,
        0.17410485482767388,
        0.2831627085000074,
        0.5864067875945492,
        0.7597667492295028,
        0.5247337648285202,
        0.7407165382877869,
        0.7733957363195398,
        0.5978159821277573,
        0.1705908825060667,
        0.18065043183567145,
        0.7896400149006799,
        0.2510172325136378,
        0.2946141847088349,
        0.3591179815893146,
        0.1361079018351685,
        0.43448186434692904,
        0.41819344254728746,
        0.4206737212241336,
        0.6774324036722867,
        0.43470029412871336,
        0.5349960331546771,
        0.4470704768867041,
        0.5938375797698797,
        0.6270913009055581,
        0.07266916034165137,
        0.3735815299824187,
        0.27564740541730137,
        0.6190209595198749,
        0.6785035631033909,
        0.7260594920088831,
        0.2059116889443313,
        0.4702135204113952
      ],
      [
        0.7770457688149748,
        0.38094369185419236,
        0.5616821196941689,
        0.8451781738538289,
        0.36823298483054073,
        0.33587337381779014,
        0.9097097471915058,
        1.048345056110988,
        0.4434214249324738,
        0.7984294071469045,
        0.6112557421110403,
        0.3630977481698484,
        0.0,
        0.6283834144016869,
        0.7108087519300339,
        0.8258191394792196,
        0.416854517261415,
        0.9056891104266759,
        0.5855490544890034,
        0.963795450930303,
        1.106037995877793,
        0.632451516722896,
        1.0359597367594193,
        0.7313619796153094,
        0.4942485087883293,
        0.5040400756311214,
        0.3469365447614277,
        0.8437740357833661,
        0.8128885473096661,
        0.5510311562115061,
        1.1376568852922029,
        0.9689109309411974,
        0.7251454168769937,
        0.14937257116858946,
        0.4843775721353863,
        0.10958935926772781,
        0.390149191188066,
        0.4440227019536167,
        0.8080948846090046,
        0.3276665718163934,
        0.6685216926853434,
        0.7966704711827456,
        1.0451003182170322,
        0.9834703161154039,
        0.3311632423431621,
        0.38356626210270456,
        1.1074730766898164,
        0.0882224160412164,
        0.9457143329933768,
        0.7567027688900838,
        0.9614122481942564,
        0.41045611400141924,
        0.8945245836965889,
        0.18204664623205014,
        0.28431931918712827,
        0.18906815407366298,
        0.10473181385642977,
        0.5204151347036612,
        0.4228616450879004,
        0.5824962596354537,
        0.9495045357643976,
        1.0284916642086692,
        0.8878315129983686,
        0.9618145336976054,
        1.0210694006409238,
        0.8244725516056592,
        0.5336886306759151,
        0.3655653709188442,
        1.1214625132441358,
        0.40900018768510593,
        0.5915711573470884,
        0.639627853807626,
        0.4661241334586376,
        0.0713841161770806,
        0.07081528308788633,
        0.13547643289928143,
        0.6567248100796054,
        0.7284914888079645,
        0.8017085110217959,
        0.35083349697968097,
        0.9453896502606256,
        0.8938037787726768,
        0.4357669085114998,
        0.7320396780352296,
        0.27732553690965167,
        0.9617591854971226,
        0.8362727392114131,
        0.7021347513600575,
        0.5690094371141797,
        0.21625214511893312
      ],
      [
        0.6726727845571672,
        0.27686157440216985,
        0.08945727777152278,
        0.4295770792895674,
        0.5768153110449068,
        0.5034456702793322,
        0.34040864168540397,
        0.8036620154719583,
        0.37647081295659207,
        0.36493597660933036,
        0.5068827578532327,
        0.2774813782870287,
        0.6283834144016869,
        0.0,
        0.14149962136554797,
        0.26862924086221196,
        0.28058912515615936,
        0.6432239749381911,
        0.8574193001013523,
        0.52556191682329,
        0.6986579631209582,
        0.9027099639933521,
        0.6283034370580567,
        0.3616202467997045,
        0.8029616135259855,
        0.1941683251359874,
        0.6724417242235828,
        0.42853163031658,
        0.7434543733461292,
        0.8012691234249516,
        0.7782041756141636,
        0.5592905214832612,
        0.5959079059470768,
        0.6028983622668667,
        0.15695902634539222,
        0.6485035967346074,
        0.36794376481426927,
        0.29925192671751893,
        0.4010650552721201,
        0.4063986073337743,
        0.04757610017458806,
        0.8292849427614155,
        0.6410502067353379,
        0.7425956392263195,
        0.5671753090233904,
        0.31840545119308916,
        0.6954491383818606,
        0.5925056180911584,
        0.3876050624357652,
        0.3261293687419885,
        0.5536850570020695,
        0.34491653394489646,
        0.4767580237632908,
        0.5854347679370878,
        0.48314346569780864,
        0.5452438480644094,
        0.5285842769845986,
        0.11290095613736725,
        0.3638201336592233,
        0.14369700258465115,
        0.546492048971436,
        0.7660265287201845,
        0.49041801094950205,
        0.756585826007235,
        0.7773912818896165,
        0.7200995673478516,
        0.2173290834473609,
        0.4108972464181705,
        0.7218673222669071,
        0.32639411727582834,
        0.14883777866690828,
        0.19575545758367408,
        0.2911287037922484,
        0.6082124338817924,
        0.6256443479951954,
        0.567576435565754,
        0.9086876370648337,
        0.47688021332649966,
        0.5375340631912245,
        0.7050655636275722,
        0.38743855333754645,
        0.6296293309421055,
        0.29099169463287755,
        0.4811371709289604,
        0.4469402473766887,
        0.5530649127583953,
        0.8044320792240174,
        0.8150095835620124,
        0.20020981194503557,
        0.6687661239166902
      ],
      [
        0.8141724059227151,
        0.37943571753857375,
        0.1773182450655618,
        0.5710767006551154,
        0.7060413105892278,
        0.6301397097411483,
        0.19890902031985597,
        0.9125942505238822,
        0.44677963063608606,
        0.5064355979748784,
        0.6483823792187806,
        0.3851612623582223,
        0.7108087519300339,
        0.14149962136554797,
        0.0,
        0.127129619496664,
        0.4015005211163316,
        0.7467211785787664,
        0.9923216641579673,
        0.38406229545774206,
        0.7250089296446046,
        1.0384982455999936,
        0.6410965242742008,
        0.44948121409374353,
        0.9339831499615635,
        0.20857704294661913,
        0.7967311311003913,
        0.570031251682128,
        0.8849539947116771,
        0.9363688750450535,
        0.823602388982138,
        0.6046887348512356,
        0.7374075273126247,
        0.652319842914183,
        0.27533938538019254,
        0.7572128358013626,
        0.47665300388102444,
        0.3817481130774957,
        0.542564676637668,
        0.5292036075950312,
        0.1657410209384244,
        0.9707845641269635,
        0.6014786040024813,
        0.8582725545369327,
        0.6929548020254268,
        0.34556271650773024,
        0.7884811077678039,
        0.6225863358888175,
        0.2461054410702172,
        0.46762899010753645,
        0.6795439578321161,
        0.41382133304311924,
        0.6182576451288387,
        0.6284779942864859,
        0.602932692105441,
        0.6680488483256662,
        0.6333517330302518,
        0.21766841218302035,
        0.4980788615794116,
        0.12831249229458025,
        0.5858383682347604,
        0.8695237323607599,
        0.5757297806157438,
        0.8962705842252355,
        0.8881424087340972,
        0.8615991887133996,
        0.35717925227601827,
        0.5395808282560224,
        0.7951485921505473,
        0.33844379646489164,
        0.12154895680641195,
        0.11045506700640086,
        0.4258790347353538,
        0.6411773724789196,
        0.7304118040408485,
        0.5800600340807889,
        1.0315362688339245,
        0.6183798346920476,
        0.6790336845567725,
        0.8282324580073197,
        0.24593893197199848,
        0.7711289523076534,
        0.41516867596742957,
        0.6226367922945084,
        0.48078993852875496,
        0.6928588712438686,
        0.9459317005895653,
        0.9564840003440952,
        0.34168422872711846,
        0.7051874800878533
      ],
      [
        0.9413020254193791,
        0.46964883684440156,
        0.26596027744674067,
        0.4872721623818552,
        0.7788365985369489,
        0.7014685844399865,
        0.097890631529951,
        0.9264914939003309,
        0.5534497298375946,
        0.5478483512897727,
        0.7755119987154446,
        0.47426706898847365,
        0.8258191394792196,
        0.26862924086221196,
        0.127129619496664,
        0.0,
        0.47204888368066356,
        0.7839542730148601,
        1.0716394432160787,
        0.25693267596107805,
        0.5978793101479407,
        1.1196572037594685,
        0.5139669047775369,
        0.48936614727607175,
        1.007295696993442,
        0.32818109649223415,
        0.8673040161848735,
        0.48661393146510123,
        1.0120836142083411,
        1.0166935166827926,
        0.696472769485474,
        0.47755911535457163,
        0.7997695134946672,
        0.7690024660249777,
        0.36668797696608957,
        0.8463186424316139,
        0.5657588105112757,
        0.4813892198347637,
        0.5178979939428245,
        0.5997580786767484,
        0.29287064043508837,
        1.0979141836236275,
        0.47434898450581736,
        0.8930799359292663,
        0.7636862396594823,
        0.465860730217851,
        0.6613514882711399,
        0.7399357875997759,
        0.13112450346870122,
