{
  "sol": {
    "z": 3.6030252470644735,
    "tours": [
      [
        0,
        8,
        24,
        28,
        33,
        14,
        27,
        12,
        7,
        4,
        22,
        29,
        2,
        19,
        32,
        34
      ],
      [
        30,
        16,
        20,
        6,
        9,
        1,
        21,
        15,
        11,
        5,
        10,
        13,
        35,
        3,
        34
      ],
      [
        17,
        26,
        25,
        31,
        40,
        18
      ],
      [
        23,
        89,
        53
      ]
    ]
  },
  "params": {
    "gm": [
      [
        0.0,
        0.18620718158705968,
        0.33757921124358675,
        0.6480282602679914,
        0.2840439584293523,
        0.5831000925934922,
        0.8677943530681878,
        0.3437373236374372,
        0.22814485302861562,
        0.607046421100177,
        0.4441778359948698,
        0.4946097973617164,
        0.4482301265473684,
        0.5003388503855111,
        0.2870321547752813,
        0.46453174762517,
        0.8378886568605559,
        0.9679172497560116,
        1.0197546740105152,
        0.40188738068757457,
        0.8299502227110154,
        0.43303602230976124,
        0.2751206410742051,
        0.7024797977595054,
        0.2882681580688446,
        0.80750109697289,
        0.8793737856090955,
        0.2892868308733017,
        0.35460700924884286,
        0.31111941934620957,
        0.7448877620968384,
        0.7173647367595302,
        0.4632215612195614,
        0.3196182564118705,
        0.6134109870197784,
        0.4316249774165066,
        0.2606190973432906,
        0.5884461820547103,
        0.23345260924714648,
        0.20942237528870314,
        0.6216116071203757,
        0.9451870809620777,
        0.8472761521160391,
        0.8536590829066499,
        0.6664680632553065,
        0.3395172785872041,
        0.20076188264138445,
        0.791625755409469,
        0.5501058512670731,
        0.847898344952779,
        0.9939364233896094,
        0.5497263422099171,
        0.8209850485229812,
        1.0101575354442045,
        0.5106235876932562,
        0.877586142046422,
        0.7430737166292881,
        0.11350377742035604,
        0.3169490720971609,
        0.8777829406079182,
        0.07430569301833778,
        0.3381822258899707,
        0.4502491834726181,
        0.9248278251402554,
        0.3955543399819716,
        0.4424353186117481,
        0.3114121666658032,
        0.43654091331043665,
        0.43432059326070804,
        0.5407974660200333,
        0.927051571934634,
        0.5781395893547231,
        0.8722889290562117,
        0.29626180973566635,
        0.7776996478012467,
        0.608553738379636,
        0.3030910064361053,
        0.4392306144285803,
        0.9610356893450969,
        0.6625930289062097,
        0.4513063202878988,
        0.8884742099882429,
        0.4484886806754162,
        0.4883279165274351,
        0.9141635971778581,
        0.8083044284747686,
        0.02387014767786628,
        0.8983046910439553,
        0.7046243910357519,
        1.0304982427372091
      ],
      [
        0.18620718158705968,
        0.0,
        0.4278431717390205,
        0.48126710775266485,
        0.35404870300842295,
        0.44168705679448783,
        0.9070102401157744,
        0.404933836496304,
        0.36049754784833665,
        0.6584421050987894,
        0.2672935008852419,
        0.3264280299428174,
        0.6248692255729628,
        0.3389624614384817,
        0.47152452929938865,
        0.2880702658515307,
        0.8983827440178493,
        0.9465754655097063,
        0.8994341522726381,
        0.47971418167886504,
        0.902542677749635,
        0.25713147238412154,
        0.3626080893549839,
        0.5614960222996633,
        0.4603477505325906,
        0.8022974662150566,
        0.8532210251182839,
        0.4742056705738542,
        0.5302793870888814,
        0.38455035287529243,
        0.7982069419070379,
        0.7190149242849087,
        0.5494484376272974,
        0.5025871495271733,
        0.6716408188084151,
        0.2809402123001363,
        0.31169860712697695,
        0.4105388956489572,
        0.06540488252979272,
        0.3898062863607371,
        0.44370432071462246,
        0.9821651338543718,
        0.905354974045911,
        0.9088530096237851,
        0.7320229304989028,
        0.16704308506968354,
        0.26125596979867777,
        0.8521198425667624,
        0.528764067020768,
        0.8265565607064738,
        0.9875980193520646,
        0.6197310867889878,
        0.8832972828965007,
        0.8961596769037411,
        0.6001992230557249,
        0.9026092976598975,
        0.691278056044414,
        0.1616354256627133,
        0.13904178569140774,
        0.9130045233879723,
        0.23531653410685113,
        0.5114251382183758,
        0.539144447699494,
        0.7964172547588156,
        0.21934812882018956,
        0.6210602138056642,
        0.4882778511614722,
        0.6086205057741826,
        0.25847079249585264,
        0.3715846595029756,
        0.9339810419955437,
        0.47179019921415744,
        0.8509471448099064,
        0.2670614504887424,
        0.8309855709655694,
        0.46983500629839187,
        0.4879002330922451,
        0.25784418537499443,
        0.9953532763552642,
        0.6063998317573502,
        0.47477802583339257,
        0.8869361881807492,
        0.5048120740365117,
        0.4881903184753805,
        0.9721390533936315,
        0.753962256884241,
        0.17698761049056919,
        0.87696290679765,
        0.7411956587288032,
        1.0847720065438526
      ],
      [
        0.33757921124358675,
        0.4278431717390205,
        0.0,
        0.6692882294860412,
        0.0778226057426238,
        0.5871029289182137,
        0.5816821465598148,
        0.06496659405898055,
        0.23453092810402432,
        0.3007569129552555,
        0.6877241705675536,
        0.716458214823142,
        0.4160798076129764,
        0.7624294195402423,
        0.42394998125685607,
        0.7082113666807436,
        0.5259141729572253,
        0.923544176984537,
        0.7897393647587192,
        0.06674764295622554,
        0.4948104849796663,
        0.6772725732133343,
        0.06596827918210563,
        0.47591250316568146,
        0.3931447426034621,
        0.7939680535419965,
        0.8685592905559795,
        0.4285125859771593,
        0.32147425478754066,
        0.05968814802499696,
        0.4106846636391849,
        0.6899000311299016,
        0.12564234997597462,
        0.39184463827443733,
        0.279601962477195,
        0.7084881174083774,
        0.12494173636730897,
        0.649520922154363,
        0.4932400268560096,
        0.3841232182333454,
        0.6663868815089988,
        0.6479185064900614,
        0.5155201730895821,
        0.5178218168851516,
        0.3295979730035337,
        0.5894513750719831,
        0.16662051657169785,
        0.4887044552780984,
        0.5105694344826865,
        0.8083619281683925,
        0.9427023458139911,
        0.2723868410067883,
        0.48389160330356695,
        0.784359946915282,
        0.17304437644966944,
        0.6007886840999549,
        0.5285617235467184,
        0.2719332373673371,
        0.5591828865206205,
        0.5912909958929461,
        0.3976930955937784,
        0.34523967432850855,
        0.11266997222903136,
        0.6866574810200408,
        0.6394892296494024,
        0.41426461285026156,
        0.36496241528589474,
        0.27914436980883733,
        0.6786118933250654,
        0.7189352090570378,
        0.5919118342032849,
        0.6053480895608117,
        0.8222290583707064,
        0.23794655733373535,
        0.44309775545601343,
        0.5014614405470788,
        0.42104600693515887,
        0.6817235374102317,
        0.6258959516137479,
        0.6963465603371466,
        0.44566313267838553,
        0.6207534483561006,
        0.4756971808815047,
        0.44141656701727006,
        0.5820192399097196,
        0.5860778841980138,
        0.36109234790670375,
        0.8341025898966955,
        0.4181324463207798,
        0.6972414025074527
      ],
      [
        0.6480282602679914,
        0.48126710775266485,
        0.6692882294860412,
        0.0,
        0.5963718155568095,
        0.09299619904827969,
        0.801195670297563,
        0.6168272348136421,
        0.7494018879337849,
        0.7133504907161669,
        0.30567506680014944,
        0.16919771603756703,
        1.0145340902382243,
        0.38819957221066304,
        0.873402682950674,
        0.24005309377159167,
        0.9274719026135667,
        0.5008797125809044,
        0.601850827997794,
        0.6937829159013306,
        0.9059685482041601,
        0.2494903005464473,
        0.6234385484000962,
        0.45688896552263086,
        0.8627448714314296,
        0.32339458204584304,
        0.3724062833118024,
        0.8782770344329879,
        0.9199285374127886,
        0.6581424306502448,
        0.9512849889794641,
        0.3095925170998119,
        0.7635138987041026,
        0.8936666818616366,
        0.8197769658829668,
        0.4125354740255666,
        0.5516012529866097,
        0.07072821210370767,
        0.4259411500822654,
        0.7853503564389172,
        0.0399019367325164,
        0.8771325121396761,
        0.9517297659554911,
        0.9938552777759797,
        0.879110251188951,
        0.3472708807320693,
        0.5415980075355323,
        0.8812090011624798,
        0.30769090961115647,
        0.41153070421429,
        0.5103709808736356,
        0.5911668973624904,
        0.9874502503664282,
        0.6200414906924062,
        0.830474214363391,
        0.7953461339145258,
        0.5706236485743005,
        0.5497399541743415,
        0.3422253220612571,
        0.8081997096022763,
        0.6939219629721372,
        0.9138587222963903,
        0.7753672063381283,
        0.5939354138700625,
        0.2837921859103351,
        1.0127188954755093,
        0.8883749062865252,
        0.9293831649878068,
        0.2626841792226271,
        0.1437652903530901,
        0.9385340162215445,
        0.19616712838743985,
        0.43573527627277087,
        0.43152602508350485,
        0.9234864139186723,
        0.36594417912597577,
        0.8903310806225497,
        0.27678269108414266,
        0.8907443529457046,
        0.12691543239799263,
        0.248918858051391,
        0.7747781855336429,
        0.19953957959257523,
        0.36932916167225527,
        1.007691036975006,
        0.6358543604197809,
        0.6452939620381724,
        0.4606305950169906,
        0.637218568663966,
        1.1059867667025247
      ],
      [
        0.2840439584293523,
        0.35404870300842295,
        0.0778226057426238,
        0.5963718155568095,
        0.0,
        0.5124408199014511,
        0.6008466279627449,
        0.059739168629598896,
        0.22930350267464267,
        0.32641866019844806,
        0.6153140265875864,
        0.6417961058063794,
        0.42437740590246853,
        0.6867035455745802,
        0.4303531209486479,
        0.6358012227007763,
        0.5779930588204822,
        0.8557916960437157,
        0.7896521232059834,
        0.12624229218005165,
        0.5543051342034924,
        0.6048624292333671,
        0.03280343219539078,
        0.469208045939458,
        0.4014423408929543,
        0.7213789166140873,
        0.7959701536280702,
        0.4361664887682238,
        0.32977185307703283,
        0.06798574631448909,
        0.4622309874507397,
        0.6173108942019924,
        0.1954011161440789,
        0.40014223656392944,
        0.33114212374827884,
        0.6338135923995503,
        0.047191468917006256,
        0.5740831724880835,
        0.41939343126097844,
        0.3452559503967059,
        0.5919010622402804,
        0.6779763905046029,
        0.5635415372497974,
        0.5718922572404908,
        0.38704108875899956,
        0.5135709076663094,
        0.09421037259173055,
        0.5402507790896532,
        0.4379802975547773,
        0.7357727912404832,
        0.8968142498860742,
        0.2656823837805648,
        0.5412631448242343,
        0.7827713773548461,
        0.2499276023188895,
        0.6153672740219647,
        0.5222575856632417,
        0.2032801362180535,
        0.4867727425406533,
        0.5937389821785658,
        0.34518239933258943,
        0.3535372726180007,
        0.1901744486853879,
        0.6877290503200332,
        0.5670790856694351,
        0.4225622111397537,
        0.37326001357538685,
        0.3566488462651939,
        0.6062017493450982,
        0.644273100040275,
        0.6514064834271109,
        0.532604617578087,
        0.7496399214427971,
        0.16535742040582613,
        0.49517664131927036,
        0.49475698332085527,
        0.429343605224651,
        0.6093133934302646,
        0.6844021516368508,
        0.6216291806788022,
        0.3730739957504763,
        0.6205472331234977,
        0.40295370889878,
        0.36365683868447446,
        0.6304289823116165,
        0.5794516518611403,
        0.3064851237707122,
        0.7759630571970333,
        0.42058043260639955,
        0.7469667277934035
      ],
      [
        0.5831000925934922,
        0.44168705679448783,
        0.5871029289182137,
        0.09299619904827969,
        0.5124408199014511,
        0.0,
        0.7765164357257627,
        0.5339017714856272,
        0.6844737202592857,
        0.6816444214485969,
        0.25996165038842833,
        0.12935528590492829,
        0.9286285000782059,
        0.3543609737590377,
        0.7889550048938536,
        0.19829732334509007,
        0.8993475131508268,
        0.553548882093914,
        0.6457318217300766,
        0.6116994419387338,
        0.8718750063582913,
        0.19594593959037432,
        0.5381811342417824,
        0.43179925257176777,
        0.7916258874807492,
        0.37704726550465545,
        0.43593674072221933,
        0.7947683727134295,
        0.83402294725277,
        0.5722368404902264,
        0.9011551510120894,
        0.33550053028770427,
        0.681430424741506,
        0.8048809308630405,
        0.7696471279155919,
        0.36258176196275926,
        0.46669375886888254,
        0.06577702068469299,
        0.38577908651870463,
        0.7038578343419116,
        0.0795224644499209,
        0.850392642671656,
        0.9236053764927511,
        0.9657308883132397,
        0.8325373515479885,
        0.29264210962656384,
        0.45281225653693624,
        0.8530846116997399,
        0.27956652014841654,
        0.4519968587414999,
        0.5700661000583434,
        0.562277463954526,
        0.9547089356546881,
        0.6607929227145161,
        0.7476541337591507,
        0.7727822495595035,
        0.5549590580412347,
        0.4848117864998422,
        0.30264527110308004,
        0.7741061677564075,
        0.6521580766822868,
        0.836631411122041,
        0.6928463721858066,
        0.6344015683972726,
        0.22233892797429824,
        0.926813305315491,
        0.8068823841895196,
        0.8472996910252102,
        0.21212711643016333,
        0.13183228013882403,
        0.9028421410980424,
        0.1034271357612318,
        0.47519930118999454,
        0.34944255112090816,
        0.8907450992069321,
        0.33320286441423563,
        0.8052061259822143,
        0.22872814413560907,
        0.8614240254101592,
        0.1903264727276447,
        0.19077469315795004,
        0.7566428988188733,
        0.13461141191807596,
        0.304400993997756,
        0.9735974951291373,
        0.6090657198900531,
        0.5867241186522638,
        0.5015224369442307,
        0.6010573474506073,
        1.069825545489166
      ],
      [
        0.8677943530681878,
        0.9070102401157744,
        0.5816821465598148,
        0.801195670297563,
        0.6008466279627449,
        0.7765164357257627,
        0.0,
        0.541107459333146,
        0.7106717933781898,
        0.28092523360455923,
        1.0196045579621118,
        0.8992518292089902,
        0.894086642989605,
        1.113178089531156,
        0.9481319552415929,
        0.9570810984683165,
        0.2572713894689889,
        0.6037878044528731,
        0.4289601836766564,
        0.5196104524080836,
        0.1758416920762301,
        0.9538588707890855,
        0.6190752099188291,
        0.345514217816111,
        0.8800042440477248,
        0.648668388269066,
        0.6731415020067222,
        0.9503887720569336,
        0.8566157249550679,
        0.6383069429969208,
        0.2967159810310336,
        0.7632003512273926,
        0.5092691063765645,
        0.9107546633467702,
        0.42822400412753103,
        1.1207115945430146,
        0.6086595971024771,
        0.8348813334851586,
        0.9724151226455671,
        0.8602640835075108,
        0.8271624278281418,
        0.07739272789388985,
        0.25551051332916486,
        0.3115895572422346,
        0.3829144939591878,
        1.0241698776449923,
        0.6670324704268034,
        0.2229106309645901,
        0.4977193893650794,
        0.5447379321745348,
        0.6552615987195555,
        0.3428338264481783,
        0.3398119750447113,
        0.41271555699546525,
        0.5629707663649542,
        0.019106537540140214,
        0.23605117291637007,
        0.776515133801833,
        0.9920994179318632,
        0.08432390848812883,
        0.9355274953291779,
        0.859412867929224,
        0.5654435720555213,
        0.3692927688168804,
        0.9937954570701149,
        0.9088544672266414,
        0.8901332228870438,
        0.7317314888061328,
        0.9711807598461176,
        0.908344073376372,
        0.16974117439505038,
        0.7721431193430951,
        0.532820424365731,
        0.7264086690632832,
        0.29401947367367076,
        0.4434374937434054,
        0.9403870054629277,
        0.9885524799830456,
        0.09751899488128597,
        0.7340593467403983,
        0.5959054029406162,
        0.06079055877064454,
        0.6509947372963005,
        0.7941111012835999,
        0.25516159923069776,
        0.21094665924041325,
        0.8885353162506322,
        0.5160255495376519,
        0.19301781803935025,
        0.3356468749535605
      ],
      [
        0.3437373236374372,
        0.404933836496304,
        0.06496659405898055,
        0.6168272348136421,
        0.059739168629598896,
        0.5339017714856272,
        0.541107459333146,
        0.0,
        0.16956433404504376,
        0.2677206119346443,
        0.6673270464885264,
        0.6632570573905555,
        0.45593078325714864,
        0.735492738845804,
        0.40720895068612173,
        0.691935062024914,
        0.5192659419554878,
        0.8757354853680268,
        0.7414050630089046,
        0.07839954397574646,
        0.5064623859991872,
        0.6609962685575047,
        0.07796775058568314,
        0.42096098574237917,
        0.4069246773132025,
        0.7413227059383983,
        0.8159139429523813,
        0.4120833021684356,
        0.36132523043171283,
        0.09953912366916914,
        0.40346439239294324,
        0.6372546835263034,
        0.14947878197231274,
        0.43169561391860956,
        0.2727879079489477,
        0.682385390391979,
        0.0935054009526861,
        0.5975286015846915,
        0.46986796591477337,
        0.31915662417436486,
        0.6126552620838145,
        0.6185001872270358,
        0.5041382413793181,
        0.5134553522000118,
        0.3300541877041434,
        0.5623601009375332,
        0.15034421191586816,
        0.4814841840318568,
        0.45792408687908837,
        0.7557165805647943,
        0.8877508283906888,
        0.217435323583486,
        0.48375216407736554,
        0.7345243171577673,
        0.21375236227352346,
        0.5602139968732862,
        0.47115565274404153,
        0.2597649239904414,
        0.5429065818647909,
        0.542297018816079,
        0.4047066679827261,
        0.3850906499726807,
        0.15898130658771117,
        0.6394819901229544,
        0.6232129249935727,
        0.4541155884944338,
        0.40481339093006696,
        0.3139997930622227,
        0.6623355886692358,
        0.6657340516244512,
        0.6035637352228058,
        0.5527027419572135,
        0.7695837107671082,
        0.18530120973013722,
        0.4364495244542759,
        0.44650992312377646,
        0.42413734835799743,
        0.6627780218712984,
        0.632960188274364,
        0.6437012127335485,
        0.39301778507478735,
        0.5668499531585072,
        0.4230518332779066,
        0.3993485779235939,
        0.5710256864411372,
        0.5304311078720294,
        0.3660995337019168,
        0.781886845873443,
        0.36913846924391264,
        0.687646393195125
      ],
      [
        0.22814485302861562,
        0.36049754784833665,
        0.23453092810402432,
        0.7494018879337849,
        0.22930350267464267,
        0.6844737202592857,
        0.7106717933781898,
        0.16956433404504376,
        0.0,
        0.4298946070622419,
        0.6273772831874997,
        0.684542256533371,
        0.3886852029970341,
        0.6990293715041005,
        0.23764461664107797,
        0.6478644793006896,
        0.6888302760005316,
        1.0452998194130707,
        0.9109693970539483,
        0.24796387802079023,
        0.6760267200442309,
        0.6169256858332803,
        0.2475320846307269,
        0.590525319787423,
        0.2373603432681587,
        0.9040516277342233,
        0.9770375169263797,
        0.24251896812339185,
        0.2961040475983573,
        0.2691034577142129,
        0.573028726437987,
        0.8068190175713472,
        0.31904311601735647,
        0.2633609764130603,
        0.4423522419939915,
        0.6373944147419308,
        0.26306973499772984,
        0.7496742885473541,
        0.423385068418801,
        0.1495922901293211,
        0.755592245360283,
        0.7880645212720796,
        0.6737025754243618,
        0.6830196862450556,
        0.4996185217491872,
        0.5275263939854472,
        0.30914459713447323,
        0.6510485180769006,
        0.6274884209241322,
        0.9252809146098381,
        1.0573151624357324,
        0.3869996576285297,
        0.6533164981224093,
        0.9040886512028111,
        0.38331669631856724,
        0.72977833091833,
        0.6407199867890853,
        0.19966193375944355,
        0.4988359991405666,
        0.7118613528611226,
        0.26927952208909056,
        0.28236586690945054,
        0.32854564063275493,
        0.8090463241679982,
        0.5791423422693485,
        0.382607509722227,
        0.25261683997692913,
        0.38179556972951056,
        0.6182650059450115,
        0.7307299251916879,
        0.7731280692678495,
        0.6795132170205167,
        0.939148044812152,
        0.354865543775181,
        0.6060138584993197,
        0.6160742571688202,
        0.25457301431295365,
        0.6183417332233311,
        0.8025245223194077,
        0.7708938395866671,
        0.5455698176560018,
        0.736414287203551,
        0.5498623083412097,
        0.4152225478051341,
        0.7405900204861808,
        0.6999954419170732,
        0.2519502883432232,
        0.9514511799184868,
        0.5387028032889564,
        0.8572107272401688
      ],
      [
        0.607046421100177,
        0.6584421050987894,
        0.3007569129552555,
        0.7133504907161669,
        0.32641866019844806,
        0.6816444214485969,
        0.28092523360455923,
        0.2677206119346443,
        0.4298946070622419,
        0.0,
        0.9205651435076527,
        0.8047437278967726,
        0.6131614093850458,
        0.9887308358649304,
        0.6672067216370337,
        0.8646966642552258,
        0.5053617965861638,
        0.7086007726117047,
        0.5735729626739384,
        0.2386852188035243,
        0.4239320991934049,
        0.8617990625290164,
        0.34453458980041746,
        0.2975450375011299,
        0.5990790104431656,
        0.6966032433620768,
        0.7709593288583341,
        0.6694635384523744,
        0.5756904913505088,
        0.3573817093923615,
        0.48991402974491155,
        0.7720529132586161,
        0.22834387277200527,
        0.629829429742211,
        0.35840600664841404,
        0.936849947584445,
        0.3467434979718124,
        0.7412192587988995,
        0.7235238332166627,
        0.579486897191563,
        0.7361880748528087,
        0.3583179614984491,
        0.5097009522283978,
        0.5649699278101278,
        0.41849984387544986,
        0.8155981979566596,
        0.4070438649680845,
        0.46722203892868175,
        0.4056595811050104,
        0.6572099323944381,
        0.7605843890611315,
        0.12976054263288644,
        0.5387384073755737,
        0.563150051300685,
        0.282045532760395,
        0.3000317711446994,
        0.2973036732004393,
        0.511186102489916,
        0.7974838907901971,
        0.3261632605915211,
        0.6711008252257259,
        0.5784876343246648,
        0.2845183384509621,
        0.4784321869613504,
        0.8777902339189789,
        0.6279292336220822,
        0.6092079892824845,
        0.4508062552015736,
        0.8791209515860485,
        0.8134704205961778,
        0.4506664079996096,
        0.684320460371282,
        0.6331267220574981,
        0.45302182166478155,
        0.5226950037901332,
        0.3484415570343613,
        0.6594617718583685,
        0.8964926717229766,
        0.3784442284858452,
        0.6628055388509573,
        0.5056889751260985,
        0.3417157923752038,
        0.557936867913516,
        0.6632270375455104,
        0.525654587964251,
        0.3365816674789868,
        0.6283655406214795,
        0.6068035863032619,
        0.15300471101935484,
        0.6165721085581197
      ],
      [
        0.4441778359948698,
        0.2672935008852419,
        0.6877241705675536,
        0.30567506680014944,
        0.6153140265875864,
        0.25996165038842833,
        1.0196045579621118,
        0.6673270464885264,
        0.6273772831874997,
        0.9205651435076527,
        0.0,
        0.1371373034953825,
        0.8902737878493491,
        0.10024414438960846,
        0.7307876575357779,
        0.06563139868913216,
        1.0080285492966383,
        0.8050778762952296,
        0.8845898632521613,
        0.7415181977692067,
        1.0358297841281041,
        0.06574568717302623,
        0.6230083564131403,
        0.6742591150894646,
        0.7266672663312711,
        0.6272937931078715,
        0.6780688804390187,
        0.7327059997921106,
        0.7958544239262662,
        0.6474749598308659,
        1.0655004427922798,
        0.5952434936641359,
        0.8100540058457741,
        0.7637883127825378,
        0.9386295395345663,
        0.10696296229033352,
        0.5738216455358403,
        0.23579016152944574,
        0.21089885960458085,
        0.6528853652039637,
        0.26598540714510505,
        1.0940894083339134,
        1.121976888139916,
        1.1254230289904406,
        0.9852790770079042,
        0.10496694555099315,
        0.5211036539958558,
        1.0542914507477252,
        0.5218851685970323,
        0.709250205368048,
        0.8159947150993787,
        0.8053611563483662,
        1.1115155640053185,
        0.9027805259467735,
        0.8604240845948568,
        1.0153721025995321,
        0.7984559060807583,
        0.4278360412234431,
        0.1285412840469331,
        1.0114264949621994,
        0.47394339626590476,
        0.7776312742212402,
        0.7993094230924828,
        0.8307204150701882,
        0.06291195431062012,
        0.8855736330279695,
        0.7533269270814079,
        0.8520834691885403,
        0.048571775197653815,
        0.16669374756380978,
        1.1329311333517227,
        0.2824994727667225,
        0.7328748457717684,
        0.5343549513739843,
        1.0475517275575625,
        0.5808142293194083,
        0.7465683493939016,
        0.03138594599754031,
        1.1025999516378986,
        0.4316501672972778,
        0.42682501872045137,
        0.99901536903654,
        0.3724428256594427,
        0.5422324077391227,
        1.156725098229393,
        0.8555465713783386,
        0.42918141461099124,
        0.7564656315267956,
        0.8390266263287283,
        1.2738993343411533
      ],
      [
        0.4946097973617164,
        0.3264280299428174,
        0.716458214823142,
        0.16919771603756703,
        0.6417961058063794,
        0.12935528590492829,
        0.8992518292089902,
        0.6632570573905555,
        0.684542256533371,
        0.8047437278967726,
        0.1371373034953825,
        0.0,
        0.906857793580941,
        0.22640235423824967,
        0.7815227442894679,
        0.07199080356975983,
        1.014387954177266,
        0.6679422948171881,
        0.7649237643816318,
        0.7410547278436621,
        0.9898622007393632,
        0.08138247193667165,
        0.6675364201467107,
        0.5565072699994774,
        0.7776888254006408,
        0.4901581689502162,
        0.5414760116414357,
        0.7836109623094484,
        0.8464311780806502,
        0.7015921263951547,
        1.0293405049676383,
        0.46112251325248005,
        0.8107857106464342,
        0.8142075792535828,
        0.8978324818711408,
        0.24363980524010187,
        0.5960490447738108,
        0.09882442008686075,
        0.2611571881145699,
        0.7031448226181053,
        0.12992295352352054,
        0.9719129676680587,
        1.0493206437920273,
        1.091446155612516,
        0.9614985556910508,
        0.18712774491118794,
        0.5799486142003324,
        0.978799878999016,
        0.40528178744769267,
        0.5729654912517389,
        0.6791387677191584,
        0.6853767704027018,
        1.0778082421028636,
        0.7803212715031594,
        0.877009419664079,
        0.8964082671295459,
        0.6817232687076032,
        0.4866810014279197,
        0.18738624425140968,
        0.8920933621374794,
        0.5301345888297504,
        0.828529128437426,
        0.8222016580907349,
        0.7553702009075115,
        0.11870859635103681,
        0.9262196874467772,
        0.8037685448532218,
        0.8970999460747061,
        0.09358825208381956,
        0.04627510089144523,
        1.0192170019969535,
        0.14536216927134002,
        0.5967313261991123,
        0.47879783702583645,
        1.013844405655108,
        0.4563021708624113,
        0.7974504503331153,
        0.10764744131117479,
        0.9816253237763823,
        0.2946061949416794,
        0.30486050383856633,
        0.8819370125717653,
        0.24870567464928828,
        0.41849525672896837,
        1.0915846895102093,
        0.7370598909908093,
        0.48051001709808383,
        0.6206198363107736,
        0.719047927228921,
        1.1878161252674797
      ],
      [
        0.4482301265473684,
        0.6248692255729628,
        0.4160798076129764,
        1.0145340902382243,
        0.42437740590246853,
        0.9286285000782059,
        0.894086642989605,
        0.45593078325714864,
        0.3886852029970341,
        0.6131614093850458,
        0.8902737878493491,
        0.906857793580941,
        0.0,
        0.9483981126093153,
        0.17756244261373857,
        0.9073953777498538,
        0.7429067836868353,
        1.276574144885732,
        1.1479942477329914,
        0.39462635677865027,
        0.7587279342788985,
        0.8783545563876847,
        0.39239043785998395,
        0.8194463566846433,
        0.1655740479460071,
        1.12878174735379,
        1.202793227323991,
        0.17937803303244218,
        0.09460555282543573,
        0.35639165958797947,
        0.6356475575670817,
        1.0380933430440085,
        0.38492357663744625,
        0.14018581090049753,
        0.5343817844431369,
        0.8786466841707747,
        0.4635666496418976,
        0.9914236195552812,
        0.6795967796043629,
        0.23909291286771298,
        0.9845413325741137,
        0.9118062207121365,
        0.7380366901549297,
        0.7140981856601657,
        0.5485068348375027,
        0.786409470206312,
        0.4846297796263451,
        0.7083050990960259,
        0.8587627463967934,
        1.1565552400824992,
        1.2945880227156898,
        0.6242725179084869,
        0.6695194539757268,
        1.1408874465089434,
        0.33955017107328883,
        0.902950423746983,
        0.8798663065070182,
        0.47857896520309523,
        0.7619291604300481,
        0.8493638774331865,
        0.43966610311602505,
        0.11477046165919033,
        0.32896819258364396,
        1.0456613298955602,
        0.8384179701066554,
        0.019361893865836206,
        0.1370007593934222,
        0.16249925554493913,
        0.8775604544111761,
        0.9531328944723862,
        0.8441557667812489,
        0.9533600344211626,
        1.1704223702848133,
        0.5861398692478422,
        0.6600903661856233,
        0.8533471174487774,
        0.1673548166981274,
        0.8826417028689398,
        0.8893268415222204,
        1.044106197674421,
        0.792435809485947,
        0.9449954515690943,
        0.8237091257418556,
        0.7707675281589635,
        0.8012432201686872,
        0.9332431939190242,
        0.46625776069699254,
        1.1905974996364197,
        0.7550300803515496,
        0.8929589487544842
      ],
      [
        0.5003388503855111,
        0.3389624614384817,
        0.7624294195402423,
        0.38819957221066304,
        0.6867035455745802,
        0.3543609737590377,
        1.113178089531156,
        0.735492738845804,
        0.6990293715041005,
        0.9887308358649304,
        0.10024414438960846,
        0.22640235423824967,
        0.9483981126093153,
        0.0,
        0.7818618367999693,
        0.15609699106283953,
        1.0984941416703458,
        0.8888988022022729,
        0.984008612944292,
        0.8103259887049469,
        1.1352485338202347,
        0.1651644368651569,
        0.6983997150340249,
        0.7733700425876988,
        0.7880077198747347,
        0.7115742592009586,
        0.7576109085603568,
        0.7829841444081459,
        0.8549442748590812,
        0.7223447880903396,
        1.1365685366205283,
        0.687493175670434,
        0.8810694615879884,
        0.8166037785861633,
        1.0067952318918438,
        0.07540454073220657,
        0.6419873378931179,
        0.32133621802794904,
        0.27572129023736947,
        0.709333560004484,
        0.3484039181543819,
        1.1845550007076209,
        1.200626585368856,
        1.2245185148630682,
        1.0534447693651818,
        0.1731326379082708,
        0.5964814250924859,
        1.1447570431214327,
        0.6211812103120726,
        0.7978808118672482,
        0.8963417140077587,
        0.9014266978239946,
        1.207995759945481,
        1.0021992756389042,
        0.9354658315579875,
        1.1111995312075238,
        0.8968650724096289,
        0.5005971135462028,
        0.20406016701945545,
        1.1018920873359068,
        0.517426366000349,
        0.8383103991058707,
        0.8747836865704934,
        0.927476529381739,
        0.15966806862217084,
        0.9420321222800914,
        0.8117160714579013,
        0.9362804751163267,
        0.14783048050892894,
        0.2445001698535655,
        1.2315586257224644,
        0.37176452350958966,
        0.8218307474583836,
        0.6014828257360774,
        1.1466472134301902,
        0.6723520982837041,
        0.7968358155509339,
        0.1304814318701679,
        1.193065544011606,
        0.515094844889088,
        0.5172906110941587,
        1.0983114107515803,
        0.4629084180331501,
        0.6326980001128302,
        1.2561438479215237,
        0.9548381198264312,
        0.48223244407327837,
        0.8460574875833224,
        0.9294922187024357,
        1.373318084033284
      ],
      [
        0.2870321547752813,
        0.47152452929938865,
        0.42394998125685607,
        0.873402682950674,
        0.4303531209486479,
        0.7889550048938536,
        0.9481319552415929,
        0.40720895068612173,
        0.23764461664107797,
        0.6672067216370337,
        0.7307876575357779,
        0.7815227442894679,
        0.17756244261373857,
        0.7818618367999693,
        0.0,
        0.7484714272850392,
        0.8158217821393335,
        1.158985413607243,
        1.1228660790946694,
        0.46593835291190344,
        0.8238596787094846,
        0.7190477191231828,
        0.4002606115038636,
        0.7849279491216947,
        0.09363148608648841,
        1.0262569440023654,
        1.1007015008150907,
        0.007128573167868005,
        0.10247572646931538,
        0.3642618332318591,
        0.7051208932173955,
        0.9226193846138503,
        0.43886284886502835,
        0.03737729189482267,
        0.5957366915463964,
        0.710242469311902,
        0.39650244280909663,
        0.8547320255785466,
        0.520365556174898,
        0.08805232651175687,
        0.8335007462181576,
        0.9769379651427227,
        0.8113198554982218,
        0.7970308883205193,
        0.6162852447250619,
        0.6259162031451468,
        0.3361427483569174,
        0.773436843526612,
        0.7430525759982816,
        1.0405750997575232,
        1.201616558403114,
        0.6246442742696077,
        0.7538882725267823,
        1.1195916037257725,
        0.4008853405869405,
        0.9642855932606346,
        0.8783646034301632,
        0.34360251546162995,
        0.603948741518809,
        0.9144956218637726,
        0.2665536059919375,
        0.10399833233409227,
        0.39364787936886203,
        1.019849181580847,
        0.6825316933286371,
        0.16631611434287186,
        0.07194531224198455,
        0.23033810382542716,
        0.7212231226850083,
        0.8277104129477848,
        0.9101959360817852,
        0.8157183325568185,
        1.0550556122107448,
        0.47077311117377385,
        0.7330053646381216,
        0.7577554854169566,
        0.016968765323453313,
        0.7262627402084064,
        0.9544585859528064,
        0.9102535210855799,
        0.671216402930471,
        0.9740589038446289,
        0.6860674238775115,
        0.6237087822429681,
        0.877151500572533,
        0.9376400585581511,
        0.3017266204837081,
        1.081378747964981,
        0.7763474199300343,
        0.9792682956636134
      ],
      [
        0.46453174762517,
        0.2880702658515307,
        0.7082113666807436,
        0.24005309377159167,
        0.6358012227007763,
        0.19829732334509007,
        0.9570810984683165,
        0.691935062024914,
        0.6478644793006896,
        0.8646966642552258,
        0.06563139868913216,
        0.07199080356975983,
        0.9073953777498538,
        0.15609699106283953,
        0.7484714272850392,
        0.0,
        0.9423971506075062,
        0.7397520165631172,
        0.8367494381735073,
        0.7620053938823966,
        1.00273769160685,
        0.03265359465177211,
        0.6434955525263302,
        0.6172730515248593,
        0.7471842536850999,
        0.5619745100162098,
        0.6124399997568758,
        0.7531758602026084,
        0.8138827788547855,
        0.6679621559440558,
        1.0582217144737864,
        0.5323272790038256,
        0.8305412019589641,
        0.7834944639580687,
        0.9597110846599458,
        0.17256820724594707,
        0.5997688729785077,
        0.17029915648667515,
        0.23141589184936445,
        0.6713396222108116,
        0.20035402431797883,
        1.0284580096447813,
        1.0563454894507838,
        1.0891964971358545,
        1.0181207469423528,
        0.13780861548544177,
        0.5415908501090457,
        0.9886600520585931,
        0.4678277509617186,
