{
  "sol": {
    "z": 3.671445199342373,
    "tours": [
      [
        0,
        28,
        24,
        25,
        20,
        32,
        2,
        5,
        8
      ],
      [
        13,
        12,
        19,
        18,
        15,
        20,
        23,
        30,
        27,
        21,
        37,
        7,
        35,
        16,
        17,
        4,
        26
      ],
      [
        38,
        85,
        22,
        0,
        11
      ],
      [
        1,
        9,
        14,
        10,
        6,
        36,
        29,
        22,
        33,
        39
      ],
      [
        34,
        99,
        85,
        3
      ],
      [
        31,
        22
      ]
    ]
  },
  "params": {
    "gm": [
      [
        0.0,
        0.6993425523266825,
        0.48319342294795237,
        0.5121498531767105,
        0.17420367562902644,
        0.49964861228676744,
        0.5830057073008048,
        0.15725087989543696,
        0.5936008172604672,
        0.6903242717799449,
        0.5961165066504085,
        0.20741296653931118,
        0.750390352997454,
        0.6249421145001433,
        0.7743137572126733,
        0.5756031468774958,
        0.1105864136829382,
        0.1306614764688777,
        0.8092030140438219,
        0.7956889049771423,
        0.42171268209222634,
        0.2535298299380184,
        0.29862813257870097,
        0.14497507810158813,
        0.2275235429190503,
        0.3801558720527174,
        0.32368780979634787,
        0.2917325083365161,
        0.1278413090857739,
        0.4053053195039628,
        0.24495602105530598,
        0.8253126472756325,
        0.5143782726137902,
        0.524252890610189,
        0.5159855800688606,
        0.19327211379885623,
        0.4824566499478618,
        0.23517196861598952,
        0.37500645782640596,
        0.6963784522948735,
        0.7320612973125049,
        0.38359532067045177,
        0.19291317987583692,
        0.5281670576790519,
        0.09160038443328931,
        0.5156266092064117,
        0.5602518249706893,
        0.8218281341079436,
        0.3632122087533241,
        0.10607379035094526,
        0.29198193960790225,
        0.10758051947010151,
        0.1085953622355756,
        0.429790473020494,
        0.1747308615443423,
        0.7122662906808612,
        0.8223887358980083,
        0.7160272087049218,
        0.38424180403173613,
        0.4305179624991905,
        0.3172765765814496,
        0.6981431801195863,
        0.48229087562763984,
        0.46694758460971697,
        0.5539889919296778,
        0.07326733887702899,
        0.39997893819857616,
        0.6682800281565777,
        0.4501266249075795,
        0.612489616042206,
        0.4516600770982864,
        0.4921313674298903,
        0.8508494973623898,
        0.660129831099915,
        0.6611818884186044,
        0.13791881987583507,
        0.6837158383840226,
        0.7711880987004105,
        0.5318420901251082,
        0.7023052119270354,
        0.25046013807063366,
        0.440940339490621,
        0.11411246874922693,
        0.6371974346541815,
        0.4327054813298604,
        0.48468640538829644,
        0.5381266224718382,
        0.7142643821708229,
        0.8238087070493553,
        0.16516082384444664,
        0.48179921990519,
        0.22717965213548724,
        0.72204023506553,
        0.8459268178013533,
        0.6045388327394503,
        0.5433593646679555,
        0.4950355406491442,
        0.6773510500914971,
        0.4284303388585612,
        0.5119907020936185
      ],
      [
        0.6993425523266825,
        0.0,
        0.7591739274171564,
        0.30440677472005573,
        0.7527114778961005,
        0.7358321028066254,
        0.21552395013109601,
        0.8493442253278684,
        0.6371857808688645,
        0.186523095214325,
        0.20752576429297456,
        0.7299762473314131,
        0.6605922265351276,
        0.6118100926349354,
        0.2554310226170809,
        1.1032638437948052,
        0.6575678424046201,
        0.7312088943098233,
        0.684800311858554,
        0.6616105723218353,
        0.9481655088085176,
        0.6606195737950813,
        0.4013613918219185,
        0.7458468631366736,
        0.8638764361097069,
        0.888152256388377,
        0.589141895263191,
        0.8120371971683655,
        0.7644705998131498,
        0.30292380749040354,
        0.7857468670649219,
        0.8299114988641678,
        0.9122552217907415,
        0.41436795202178506,
        0.30934191638332315,
        0.8920718503855466,
        0.233307229382369,
        0.6237462014348465,
        0.6755238699089133,
        0.45731580272063665,
        0.06302068914157809,
        0.7470065973450108,
        0.5834967531500097,
        0.9719808685486254,
        0.6927729884177126,
        0.3912149548860506,
        1.0041104106402006,
        0.40772435969487447,
        0.8166253520197494,
        0.6463331432274778,
        0.762216893177103,
        0.8006676858871522,
        0.7485141014328351,
        0.4764284928867711,
        0.8108454193229135,
        0.9775753764461003,
        0.4220693151309558,
        0.4155933060308836,
        0.8594432373061247,
        0.6751046713853893,
        0.6962739464161382,
        0.5386564422887413,
        0.8576998771439961,
        0.47598996081439915,
        0.7382370682607564,
        0.6263184414605268,
        0.30420571139400326,
        0.3928119045937212,
        0.4373742152010598,
        0.9361932099575495,
        0.2524089153324544,
        1.0077931053539992,
        0.802227159243332,
        0.04623097018196858,
        0.5016951505877594,
        0.5635674090760014,
        0.4830383471972638,
        0.7740723516064723,
        0.4312898953550517,
        0.7265825569661957,
        0.6623695669889053,
        0.7682346161649924,
        0.8063654289748282,
        0.9032369250028773,
        1.098048333170958,
        0.43996851506896834,
        0.3626626573615695,
        0.9576350692562042,
        0.9406155934509842,
        0.6089607122224119,
        0.8442187221200192,
        0.7502788256218182,
        0.9755852011309185,
        0.7756903486498086,
        0.6317983482741435,
        1.0590372716509429,
        0.48449224524615087,
        0.43527758833207253,
        0.9316455667823095,
        0.7217187884900708
      ],
      [
        0.48319342294795237,
        0.7591739274171564,
        0.0,
        0.6917855827936784,
        0.6480235836297273,
        0.023341824610531053,
        0.5436499772860603,
        0.4957661636871717,
        0.17973962947008584,
        0.635361367297331,
        0.5580196800515912,
        0.6369971273436604,
        0.3608005213231894,
        0.21223097271355965,
        0.6094277575145111,
        0.4502192912059029,
        0.5570093307939055,
        0.6085989319371614,
        0.4203776439846062,
        0.40611989617066147,
        0.29125085051382943,
        0.23265405460984015,
        0.5353892389399428,
        0.3613082695270982,
        0.3819639737512206,
        0.2719273359744022,
        0.7509359739467699,
        0.2574457446100958,
        0.395403767650063,
        0.5887076061249126,
        0.2833829042988268,
        0.3950865263893897,
        0.15940083645465858,
        0.3898178183015306,
        0.6985721740086613,
        0.5525208816505753,
        0.5509634030826609,
        0.2605490003190811,
        0.6645539993010476,
        0.4283972496263457,
        0.7501147267528909,
        0.10320830141936406,
        0.3280744191543936,
        0.4458469381689877,
        0.3923757002695916,
        0.4679437543139171,
        0.47793170546062497,
        0.5782957341601933,
        0.16222503955987938,
        0.5458368727565126,
        0.21281183654769473,
        0.48308675234162696,
        0.40269669099718935,
        0.46529429820616436,
        0.41333331530608197,
        0.24739615675377075,
        0.5680668731756666,
        0.47538953409471285,
        0.19037963798778135,
        0.8780419434709221,
        0.7772479466392428,
        0.3101420822473079,
        0.1024678508457767,
        0.8264971915775934,
        0.09906954014641045,
        0.47571829987440345,
        0.6036371113549697,
        0.4733851423264454,
        0.6868877312688214,
        0.1940273697956755,
        0.5931029388977586,
        0.40981124791982604,
        0.45987907296139796,
        0.714885175722269,
        0.30807134810353815,
        0.4896567370085987,
        0.3975461778262221,
        0.3828007383806641,
        0.4443210885771414,
        0.3139178516072891,
        0.6975261738155524,
        0.049463097253996946,
        0.5586306378507666,
        0.17138009655039516,
        0.5165050108576705,
        0.7974520316893523,
        0.7556305392931179,
        0.23403862955325722,
        0.34358295443178954,
        0.3397572325273398,
        0.08896780657975657,
        0.703493534211387,
        0.24840074809050533,
        0.4568564093402928,
        0.21615147241970392,
        0.4100791721749374,
        0.4000492305775142,
        0.4394236871478717,
        0.2876970112887303,
        0.9607508342601714
      ],
      [
        0.5121498531767105,
        0.30440677472005573,
        0.6917855827936784,
        0.0,
        0.45406310245319836,
        0.7151274074042094,
        0.32504714834649534,
        0.6510200463027435,
        0.63334234497448,
        0.42656061570356973,
        0.33235285057403324,
        0.5638165039309251,
        0.7270993982948185,
        0.6334926227053027,
        0.510550101136298,
        0.9520631254644905,
        0.47367077315873907,
        0.48919711678438493,
        0.7802453733678276,
        0.7549327314909838,
        0.8030680232578642,
        0.518356567101724,
        0.2135217205980095,
        0.550438618003137,
        0.6584806926322762,
        0.7447781637910551,
        0.2860822944527004,
        0.6586162177464092,
        0.5574514900606495,
        0.2076214638800878,
        0.6197912992090667,
        0.8779553347205284,
        0.8197389526832521,
        0.39924048880319996,
        0.006786591214982957,
        0.6550818156202141,
        0.22504210027933,
        0.48874187261144975,
        0.37246426909842273,
        0.551248311954415,
        0.35967685332445226,
        0.6428519024001148,
        0.41798578466508524,
        0.806469900063701,
        0.48547356628845323,
        0.3269326392463255,
        0.8385994421552762,
        0.6573239007207314,
        0.6743628975511267,
        0.46243607398159686,
        0.618842800579781,
        0.6098283538899976,
        0.5381647083284564,
        0.38389684802353774,
        0.6085676666123669,
        0.9391817395474491,
        0.6698819950603304,
        0.5819006121094525,
        0.7174745925772188,
        0.37480333900979035,
        0.3926979545393601,
        0.6004879851979795,
        0.7726488949304284,
        0.17610550090912738,
        0.7016820102145144,
        0.43966277076998217,
        0.19397619888128992,
        0.5214523350676488,
        0.15129850307342557,
        0.8858129525893539,
        0.1893844144803184,
        0.8425055903128627,
        0.8833152230603311,
        0.2844443824479991,
        0.5641226375765503,
        0.37967033983012044,
        0.5587034365770336,
        0.8220331728039518,
        0.367549212886871,
        0.7539715560851942,
        0.3593099661784146,
        0.7002721135033994,
        0.6217341941975676,
        0.8631656793440736,
        0.9325373646860337,
        0.1383720763286337,
        0.06384495649943946,
        0.9258242123469356,
        0.9885764146484638,
        0.43165753772981874,
        0.7681003570629568,
        0.4472192248113276,
        0.9401863308841838,
        0.8594938508011003,
        0.656205176897609,
        0.9156631790536209,
        0.42098269061631916,
        0.5523386482845081,
        0.7894253007860008,
        0.4300807176164558
      ],
      [
        0.17420367562902644,
        0.7527114778961005,
        0.6480235836297273,
        0.45406310245319836,
        0.0,
        0.6626743065440495,
        0.6422573287189397,
        0.28224850347558045,
        0.7559344609317327,
        0.7376236649401829,
        0.6434158998106465,
        0.120965416772208,
        0.8767969527617331,
        0.7872757581714087,
        0.8216131503729113,
        0.6882163902921574,
        0.09747760545790954,
        0.04457494524784701,
        0.9290402509484761,
        0.9034294087512273,
        0.5955104864604983,
        0.415410774619088,
        0.35529268805221,
        0.31877288246986013,
        0.38965598283226344,
        0.5422883119659305,
        0.16798080800049794,
        0.4655968045640537,
        0.29806283502177894,
        0.46542571969551405,
        0.41893659524202553,
        0.9889912052980567,
        0.688274303550955,
        0.600083734358381,
        0.44989131451001385,
        0.2862664152723175,
        0.5425649714619604,
        0.39024669869629636,
        0.22081586351664123,
        0.768668061936352,
        0.7878836401335576,
        0.5459289643417172,
        0.3316033838441282,
        0.6211613591525131,
        0.26368721040566917,
        0.5891350752097954,
        0.6532461264441505,
        0.8978050992601788,
        0.5365364942969572,
        0.10948263313385977,
        0.4652026028093343,
        0.2444672627896803,
        0.2803054875029849,
        0.6015005982879034,
        0.33931054272205885,
        0.8829604416554033,
        0.8982425096491357,
        0.7918567668080256,
        0.5584445767546532,
        0.26477884656594447,
        0.1453991217113146,
        0.7493684290638503,
        0.654626047997712,
        0.3070127032116739,
        0.7107010292288753,
        0.17465049881937045,
        0.4582151846018988,
        0.7441108719047698,
        0.4497763718942239,
        0.7857670262363087,
        0.5087510250878007,
        0.5851256689033515,
        0.9876856284662804,
        0.7146265235952469,
        0.7124071373628683,
        0.18914406882009907,
        0.7498267124664376,
        0.9330690433814801,
        0.611720452856092,
        0.864186156608105,
        0.09626954376086891,
        0.6031687950100516,
        0.18278734682221312,
        0.8072045881792348,
        0.5671556448989371,
        0.33049581107853165,
        0.39603234260919484,
        0.8813134564039955,
        0.9783636719956323,
        0.31193068468079793,
        0.6534732326543743,
        0.055598000627139786,
        0.8912181702082373,
        1.0078077624824229,
        0.7664197774205199,
        0.6655902961765752,
        0.5897155163829553,
        0.7525377756511642,
        0.5905627787717743,
        0.34295638587151267
      ],
      [
        0.49964861228676744,
        0.7358321028066254,
        0.023341824610531053,
        0.7151274074042094,
        0.6626743065440495,
        0.0,
        0.5203081526755293,
        0.5165436121963465,
        0.15963396910220284,
        0.615255706929448,
        0.5346778554410602,
        0.6508027488411717,
        0.34069486095530643,
        0.1917280948466003,
        0.5945694295364476,
        0.4721972763339966,
        0.570636372271795,
        0.6238519287132309,
        0.4002719836167232,
        0.3860142358027785,
        0.3140058781880334,
        0.24747051179233767,
        0.5489345283145088,
        0.38058259661405724,
        0.40449871848007224,
        0.29526871059187254,
        0.763890600472023,
        0.2799804893389474,
        0.41497297319381404,
        0.5714113860977753,
        0.3048438497005186,
        0.3833346862028537,
        0.17642311898411617,
        0.3798904640008552,
        0.7219139986191924,
        0.5732983301597501,
        0.5276215784721299,
        0.2735036268443342,
        0.6775086258263007,
        0.41067623691907096,
        0.7267729021423599,
        0.11675359079393005,
        0.3416197085289596,
        0.46905142098011365,
        0.40933100640917913,
        0.4597943774691218,
        0.501136188271751,
        0.5593779889807746,
        0.1852052485153533,
        0.5593205407870919,
        0.23395699771971348,
        0.5027460288680842,
        0.4216498803656556,
        0.4451886378382814,
        0.426878604680648,
        0.24174327363947484,
        0.5488341630347995,
        0.4578284499219893,
        0.2137049589332527,
        0.8903589206461879,
        0.7901010516578273,
        0.29068834911036356,
        0.12186777433737069,
        0.8400424809521594,
        0.07575050872347298,
        0.48952392137191475,
        0.5834563200566975,
        0.4579616518113253,
        0.7004330206433874,
        0.20036110715092412,
        0.5697611142872275,
        0.433015730730952,
        0.439773412593515,
        0.6915433511117379,
        0.29035257804891745,
        0.5032020263831647,
        0.3799409827010337,
        0.36269507801278106,
        0.4346034019205484,
        0.2938121912394061,
        0.7098431509908183,
        0.05961141635282599,
        0.5775155632595866,
        0.16740482219625197,
        0.5397094936687965,
        0.8109973210639183,
        0.7750754111899314,
        0.22228678936672128,
        0.33183111424525363,
        0.3527672801123067,
        0.10838661931339387,
        0.7182248859952568,
        0.23975309832429315,
        0.4367507489724098,
        0.19604581205182092,
        0.43237503879784184,
        0.3799435702096312,
        0.42268504264372675,
        0.3107282701773052,
        0.9730678114354372
      ],
      [
        0.5830057073008048,
        0.21552395013109601,
        0.5436499772860603,
        0.32504714834649534,
        0.6422573287189397,
        0.5203081526755293,
        0.0,
        0.7048981177461102,
        0.5452576068946625,
        0.10857746789506727,
        0.014369702765530805,
        0.5368201858039694,
        0.5977281572458423,
        0.5390982269917554,
        0.19256695332779553,
        0.9798858145048268,
        0.5471136932274593,
        0.6207547451326625,
        0.6219362425692686,
        0.5987465030325498,
        0.8247874795185391,
        0.5372415445051029,
        0.2869646406667297,
        0.6206351339272831,
        0.7386584881120296,
        0.7647742270983986,
        0.6111294427991958,
        0.6886591678783871,
        0.6395211040467172,
        0.17770038779684202,
        0.6623688377749435,
        0.7797499699010545,
        0.6967312716596454,
        0.2909899227318067,
        0.33181827575187445,
        0.7616528357095138,
        0.10992920009239064,
        0.5003681721448681,
        0.6975114174449181,
        0.39445173343135126,
        0.20646474946683055,
        0.6357861029864307,
        0.4593462141452852,
        0.8478303295439009,
        0.5682846047042626,
        0.29087310801417965,
        0.8799598716354761,
        0.3393407529122289,
        0.693247322729771,
        0.535878994050317,
        0.6388388638871245,
        0.6798798280197473,
        0.6239190234107719,
        0.3558247497802396,
        0.6856274713252363,
        0.7620514263150042,
        0.35189884725182796,
        0.35272923674159823,
        0.734013111608782,
        0.6803245323137388,
        0.7177451028858555,
        0.4922155728758535,
        0.6421759270129,
        0.4915505594576084,
        0.5960586613990023,
        0.5117728806774192,
        0.1890529499226434,
        0.3299478353044358,
        0.3933527631653234,
        0.7206692598264535,
        0.15206706846058343,
        0.8838660197930626,
        0.7542327975016344,
        0.1712351984362086,
        0.4569495050451261,
        0.45311325989884066,
        0.42017427790797846,
        0.724026354842073,
        0.3309480484831807,
        0.6599070212182605,
        0.68435711452491,
        0.5799195690283553,
        0.6944578570169733,
        0.6877129748717813,
        0.9738977941662336,
        0.45353776464050904,
        0.38744258219896754,
        0.7425949420422506,
        0.852139266920783,
        0.4839833619723424,
        0.6286947719889232,
        0.688354817626864,
        0.7600612509998225,
        0.7128262793605232,
        0.5623694191289867,
        0.9356592423609644,
        0.3611142159561725,
        0.37241351904278713,
        0.808267537492331,
        0.745855550327013
      ],
      [
        0.15725087989543696,
        0.8493442253278684,
        0.4957661636871717,
        0.6510200463027435,
        0.28224850347558045,
        0.5165436121963465,
        0.7048981177461102,
        0.0,
        0.613977446334568,
        0.8134755856411775,
        0.7192678205116411,
        0.3542650510168155,
        0.7941763014689374,
        0.6421432357686916,
        0.8974650710739058,
        0.4289360151849127,
        0.2574858917802267,
        0.24059497478605277,
        0.8545678765682106,
        0.839271213230678,
        0.35272054116154067,
        0.3015888576636661,
        0.4482048602845921,
        0.1458303630814704,
        0.13347999438596356,
        0.2861123235196306,
        0.44158759120062113,
        0.2579982235270884,
        0.11128158415455325,
        0.5499318328934127,
        0.23724589163300577,
        0.8087529223444118,
        0.4828416254067548,
        0.6261488431756516,
        0.6525835243800545,
        0.05675471796340364,
        0.6258759373023548,
        0.3024735659899086,
        0.5000692211680846,
        0.7784003458670027,
        0.8784017714421536,
        0.41180860437098255,
        0.29467846572872985,
        0.39164966184359934,
        0.16554648001429026,
        0.6455634938552542,
        0.4237344291352366,
        0.9197929994763687,
        0.35485813771638297,
        0.25654096902619117,
        0.29786342248550174,
        0.049830936315294005,
        0.11629111215828576,
        0.43748622294320416,
        0.10489220568206872,
        0.6936861436795321,
        0.9183208703184994,
        0.8091549050170462,
        0.35456711859431983,
        0.5460605959995106,
        0.4239286110479364,
        0.7352622502725177,
        0.47024989939052886,
        0.5860207175318225,
        0.5837186913169794,
        0.22883469701678721,
        0.5464125519987382,
        0.7684324275084444,
        0.5997033526134706,
        0.5830492102076001,
        0.5985195403968396,
        0.3556139715944377,
        0.8941168898258801,
        0.8086021432800381,
        0.7098607335577106,
        0.29399806781006266,
        0.7556964331873877,
        0.8167928445776798,
        0.6607291904552733,
        0.7479099578043047,
        0.3755229014123123,
        0.4642598255370282,
        0.10360911509617195,
        0.6308716420622629,
        0.28603834963727737,
        0.6071815748550238,
        0.6752857002606383,
        0.7176844198495878,
        0.8249567655947903,
        0.2637267089019639,
        0.47458397422130616,
        0.32074906363069666,
        0.7165456240647582,
        0.891094226204775,
        0.6501435786167196,
        0.4325702721007013,
        0.5027312905718544,
        0.7673021839647078,
        0.3343867903254744,
        0.6214068325787706
      ],
      [
        0.5936008172604672,
        0.6371857808688645,
        0.17973962947008584,
        0.63334234497448,
        0.7559344609317327,
        0.15963396910220284,
        0.5452576068946625,
        0.613977446334568,
        0.0,
        0.4556217378272451,
        0.5498295029567816,
        0.6416312867287247,
        0.1810608918531036,
        0.03293227920301784,
        0.44634348761873716,
        0.6285770570569273,
        0.6641794613219701,
        0.7171427468597131,
        0.24063801451452035,
        0.22638026670057565,
        0.4670819298313979,
        0.3407739227104817,
        0.4547324291581544,
        0.4689210386360134,
        0.530417178242107,
        0.438622014310278,
        0.857773814581448,
        0.4058989491009821,
        0.5042080431992517,
        0.4261452150013648,
        0.41762371369899587,
        0.2589832708271549,
        0.3352568854153055,
        0.2627405030025006,
        0.639295307752332,
        0.6706081320744649,
        0.4353284068022719,
        0.3673868409537592,
        0.7713918399357256,
        0.2542789714674772,
        0.6025771343453858,
        0.21000549659001538,
        0.43487161432504495,
        0.6168008001068069,
        0.503952550591457,
        0.3489027607020819,
        0.6488855673984443,
        0.4002762026238715,
        0.322022247433254,
        0.6529349207332209,
        0.3486262241301086,
        0.5893649365103444,
        0.5050461777750507,
        0.28555466873607854,
        0.5157687275414047,
        0.4013772427416777,
        0.389432826949502,
        0.3015814371100709,
        0.3604210773966989,
        0.9431014968446603,
        0.8841447904003688,
        0.13131565495489894,
        0.2814598341967829,
        0.7455915152199329,
        0.10106185519715917,
        0.5829743144577944,
        0.4394350258773472,
        0.309010633706979,
        0.6057782289814304,
        0.359995076253127,
        0.45539232221535375,
        0.5807651098576453,
        0.28013944349131215,
        0.5909548106868959,
        0.1354906302811051,
        0.59645393217925,
        0.22411992183177643,
        0.20306110891057821,
        0.3155819100283878,
        0.13417822213720326,
        0.8043320676513734,
        0.17407519779189026,
        0.660980269276485,
        0.3270387912984548,
        0.6874588727954898,
        0.7150884166292365,
        0.6791529645751235,
        0.38192075846892415,
        0.36960435075509024,
        0.44663625048170147,
        0.2679597096192594,
        0.7931659185516193,
        0.399387067426496,
        0.27711677987020694,
        0.036411842949618085,
        0.5875637337837253,
        0.22030960110742837,
        0.2692340238230279,
        0.4614610808264841,
        0.9667620981778489
      ],
      [
        0.6903242717799449,
        0.186523095214325,
        0.635361367297331,
        0.42656061570356973,
        0.7376236649401829,
        0.615255706929448,
        0.10857746789506727,
        0.8134755856411775,
        0.4556217378272451,
        0.0,
        0.09420776512953646,
        0.616658248167975,
        0.48915068935077505,
        0.4885540170302629,
        0.08398948543272826,
        1.0841987948841725,
        0.6481339083207273,
        0.7210139598503682,
        0.5133587746742013,
        0.4901690351374826,
        0.922703667658643,
        0.6427521041995117,
        0.39469176143411044,
        0.7279536984064232,
        0.8459770525911696,
        0.8702847867928074,
        0.71264291015627,
        0.7941697275727959,
        0.7468396685258574,
        0.2850189522759821,
        0.7678793974693523,
        0.6920670464641953,
        0.7908786232425506,
        0.3653975049557572,
        0.43330996714973846,
        0.8702303036045811,
        0.21543975978679944,
        0.6058787318392769,
        0.7990248848019923,
        0.285874265536284,
        0.1469553965181408,
        0.6656272344172605,
        0.56653022149216,
        0.9550143368907758,
        0.6756031691834026,
        0.3962660839159031,
        0.9871438789823509,
        0.23076328501716165,
        0.777643985260499,
        0.6361255392807805,
        0.7443494235815333,
        0.7871983924988875,
        0.731237587889912,
        0.4613353094746484,
        0.7929460358043763,
        0.8569989805689228,
        0.2433213793567607,
        0.24415176884653095,
        0.816042815223944,
        0.7846023955351825,
        0.8192585702429297,
        0.41052784087133154,
        0.737081572024028,
        0.5946753237165292,
        0.5566835930244043,
        0.6190914451565592,
        0.29604717365093347,
        0.2213703674093685,
        0.4988650874230276,
        0.8156168140803721,
        0.25746004436230685,
        0.9910500271399374,
        0.6456553296065671,
        0.15728892756406357,
        0.39547398362924485,
        0.5608403806662213,
        0.3115968100129112,
        0.640013223428629,
        0.42017526788873033,
        0.5897999599644483,
        0.7858705818819842,
        0.6296969356191353,
        0.8017764214961134,
        0.7826605291256998,
        1.0810818015131085,
        0.5565637827801588,
        0.4893815027042494,
        0.823575941078361,
        0.8065507685414207,
        0.5913019264514825,
        0.7235814474465045,
        0.7681928799908696,
        0.855008805253741,
        0.604248811465456,
        0.49203358077686316,
        1.0411698020553732,
        0.46662477565058125,
        0.26383605114771985,
        0.9137780971867399,
        0.8493466755095025
      ],
      [
        0.5961165066504085,
        0.20752576429297456,
        0.5580196800515912,
        0.33235285057403324,
        0.6434158998106465,
        0.5346778554410602,
        0.014369702765530805,
        0.7192678205116411,
        0.5498295029567816,
        0.09420776512953646,
        0.0,
        0.5224504830384386,
        0.5833584544803114,
        0.5504010215566277,
        0.1781972505622647,
        0.9911886090696993,
        0.5539261431911908,
        0.6268061947208318,
        0.6075665398037378,
        0.5843768002670191,
        0.8360902740834115,
        0.5485443390699752,
        0.30048399630457395,
        0.6337459332768867,
        0.7517692874616332,
        0.7760770216632711,
        0.6184351450267336,
        0.6999619624432595,
        0.6526319033963209,
        0.19081118714644565,
        0.6736716323398158,
        0.7862748115937317,
        0.7111009744251763,
        0.30229271729667906,
        0.339102202020202,
        0.7760225384750447,
        0.12123199465726298,
        0.5116709667097404,
        0.7048171196724559,
        0.38008203066582047,
        0.22083445223236137,
        0.647088897551303,
        0.47232245636262354,
        0.8608065717612392,
        0.5813954040538661,
        0.3020583187863666,
        0.8929361138528144,
        0.32497105014669814,
        0.7045501172946433,
        0.5419177741512441,
        0.650141658451997,
        0.6929906273693509,
        0.6370298227603755,
        0.36712754434511197,
        0.6987382706748398,
        0.7764211290805351,
        0.3375291444862972,
        0.33835953397606744,
        0.7473680025810187,
        0.6903946304056461,
        0.7250508051133933,
        0.5035183674407258,
        0.6565456297784309,
        0.5004675585869928,
        0.6104283641645332,
        0.5248836800270228,
        0.20183940852139703,
        0.315578132538905,
        0.4046573222934911,
        0.7350389625919843,
        0.16325227923277036,
        0.8968422620104008,
        0.7398630947361036,
        0.16419204196295967,
        0.4682522996099984,
        0.4666326155366849,
        0.4058045751424476,
        0.7342209885581654,
        0.34213325925536764,
        0.6712098157831329,
        0.6916628167524478,
        0.5942892717938861,
        0.7075686563665768,
        0.7020826776373121,
        0.9868740363835719,
        0.46235601765062234,
        0.39517373757471297,
        0.7569646448077815,
        0.8665089696863139,
        0.49709416132194595,
        0.643064474754454,
        0.6739851148613332,
        0.7744309537653533,
        0.6984565765949924,
        0.573672213693859,
        0.9469620369258369,
        0.3724170105210448,
        0.35804381627725634,
        0.8195703320572034,
        0.755138910379966
      ],
      [
        0.20741296653931118,
        0.7299762473314131,
        0.6369971273436604,
        0.5638165039309251,
        0.120965416772208,
        0.6508027488411717,
        0.5368201858039694,
        0.3542650510168155,
        0.6416312867287247,
        0.616658248167975,
        0.5224504830384386,
        0.0,
        0.8226921785818283,
        0.6745635659317426,
        0.7006477336007033,
        0.7758646451721591,
        0.09764440964505648,
        0.1346197512511244,
        0.8822693012432451,
        0.8680115534293004,
        0.6176335759480622,
        0.4046429453253857,
        0.3502947833329155,
        0.34089597195742405,
        0.4340769937503666,
        0.5867093228840337,
        0.28894622477270593,
        0.48139255538331444,
        0.33187001564269686,
        0.46042781497621954,
        0.4351418040262127,
        0.9006145575558796,
        0.6890131240388491,
        0.5950855086015145,
        0.5676522308230751,
        0.3739146701523193,
        0.5375670667426659,
        0.37754072095300895,
        0.3417812802888492,
        0.763470606333568,
        0.7432849352708,
        0.534247645337036,
        0.31860734784794725,
        0.707091463246563,
        0.27458111437374416,
        0.5828151713113594,
        0.7392210053381382,
        0.8474215331851367,
        0.5365111213161008,
        0.10138042994932817,
        0.4651734395928083,
        0.30777444902952034,
        0.31169141369402875,
        0.6328865244789472,
        0.3810620214060543,
        0.8759503421684608,
        0.8599796275247358,
        0.7868581370438014,
        0.5655539569730041,
        0.37906843415779656,
        0.2557069525774096,
        0.7443705243445558,
        0.6516071885330165,
        0.4279781199838819,
        0.6973293578787619,
        0.161278827469257,
        0.4532172798826043,
        0.7391126461479032,
        0.501793275661794,
        0.7845481638726046,
        0.5037531203685062,
        0.6727739237833533,
        0.9217707302200369,
        0.6866425250013982,
        0.7074092326435739,
        0.1841461641008046,
        0.7443328053172332,
        0.8446923956393029,
        0.606178053090108,
        0.7758095088659279,
        0.2172349605330769,
        0.5912008739292955,
        0.2703783364399623,
        0.7995838268735573,
        0.6376735814191138,
        0.4514612278507396,
        0.5169977593814028,
        0.8708976900056232,
        0.9651658326061208,
        0.29873284529128635,
        0.6490978334963442,
        0.1515346318228946,
        0.8824658988027759,
        0.9187480665989316,
        0.6780431296783428,
        0.7392802585237914,
        0.5847176116636608,
        0.7475024381486592,
        0.6349837896898775,
        0.45223852269828957
      ],
      [
        0.750390352997454,
        0.6605922265351276,
        0.3608005213231894,
        0.7270993982948185,
        0.8767969527617331,
        0.34069486095530643,
        0.5977281572458423,
        0.7941763014689374,
        0.1810608918531036,
        0.48915068935077505,
        0.5833584544803114,
        0.8226921785818283,
        0.0,
        0.1520391615270432,
        0.4051612039180468,
        0.7907929936966996,
        0.7816533172702527,
        0.8552943691754559,
        0.06231859202319071,
        0.0453251681357845,
        0.6415156282431318,
        0.4968605230594357,
        0.5817975114113346,
        0.648720253892889,
        0.7097517531339886,
        0.6157436603546378,
        0.9571138215289412,
        0.5852335239928638,
        0.6838900443735473,
        0.5239640188614033,
        0.5984881582649113,
        0.20496094441906193,
        0.5163177772684091,
        0.3278949544896006,
        0.7336338810431144,
        0.8508801280734689,
        0.5069510658549858,
        0.5337338954196704,
        0.8707318468832189,
        0.20995699412099858,
        0.6087959423071053,
        0.3904560207969115,
        0.6033080739192108,
        0.792774306858893,
        0.6623371128088018,
        0.40594142420160567,
        0.8248590741505304,
        0.30200227678996794,
        0.49975392506706523,
        0.7704186180931104,
        0.5290632295206391,
        0.770425828363448,
        0.6861070696281543,
        0.42409182086417285,
        0.6966903913571514,
        0.40919747740491513,
        0.286691511811658,
        0.24547348008111605,
        0.5364805003740587,
        1.0420944882738552,
        0.9661070198673056,
        0.12746030894243993,
        0.4625207260498865,
        0.8639399225128713,
        0.2811976003854715,
        0.7402246409155644,
        0.538717531322531,
        0.28686687850879106,
        0.7317173532086451,
        0.5093346034395466,
        0.538257283829072,
        0.7567386166097314,
        0.16332502371115504,
        0.6198539958046556,
        0.1643898153988647,
        0.687652883941634,
        0.19475500316887037,
        0.15722820601683823,
        0.3653698631751439,
        0.17326874934502876,
        0.9261029302511905,
        0.3513961924115301,
        0.8381006666163664,
        0.43201374318671576,
        0.8634323795475758,
        0.8298474567611525,
        0.7814074864539278,
        0.3407909236665702,
        0.3212074216683486,
        0.606692456755421,
        0.449020601472363,
        0.9286142728288962,
        0.3787301732091036,
        0.1326932522455517,
        0.1458515202580038,
        0.7611664775733635,
        0.3595049390212452,
        0.23777834456097238,
        0.6367244780484517,
        1.1003093465327367
      ],
      [
        0.6249421145001433,
        0.6118100926349354,
        0.21223097271355965,
        0.6334926227053027,
        0.7872757581714087,
        0.1917280948466003,
        0.5390982269917554,
        0.6421432357686916,
        0.03293227920301784,
        0.4885540170302629,
        0.5504010215566277,
        0.6745635659317426,
        0.1520391615270432,
        0.0,
        0.4214702044876894,
        0.6614254545744614,
        0.6955207585616462,
        0.7484840440993893,
        0.21297059345387648,
        0.19714651330844474,
        0.5000112649278334,
        0.3721152199501577,
        0.4623082999070856,
        0.49668528166457565,
        0.5621507009280468,
        0.47133646722616496,
        0.8861667667037125,
        0.43763247178692194,
        0.5318651910294866,
        0.4258711886913419,
        0.44823887372841337,
        0.24475145186126104,
        0.36665682382017833,
        0.25214745836308006,
        0.6396061861368508,
        0.6988521155984581,
        0.42916902689936476,
        0.3987281381934352,
        0.8027331371754017,
        0.22602496105865946,
        0.6251049428767479,
        0.24134679382969146,
        0.466212911564721,
        0.649682171717209,
        0.5352938478311331,
        0.3385159121984225,
        0.6817669390088463,
        0.36944935496584846,
        0.35463129374175384,
        0.684276217972897,
        0.3797806148063043,
        0.6193377297672572,
        0.5379784569780686,
        0.29428825809536535,
        0.5450023144058272,
        0.43347136848607515,
        0.3582360968667847,
        0.27319205764987103,
        0.3933024490071009,
        0.9433070023167245,
        0.9154860876400449,
        0.1007737770303724,
        0.31359384259015566,
        0.7520683357379654,
        0.12915843885842831,
        0.6143156116974704,
        0.43964053134941133,
        0.2846135241118042,
        0.6137854107148656,
        0.3920892019975244,
        0.4519029367589208,
        0.6136464814680473,
        0.26476172318741104,
        0.5655791224529668,
        0.11011494204717596,
        0.6277952294189261,
        0.19649697541435068,
        0.1888292899446844,
        0.30309741878578544,
        0.12080879422650515,
        0.8356733648910496,
        0.20686755229333892,
        0.6939125484795029,
        0.3591329170428523,
        0.7203402444058918,
        0.7205727830493098,
        0.6814743429024154,
        0.3723920075944164,
        0.35537253178919637,
        0.47797754772137757,
        0.30011466194339625,
        0.8260981977546372,
        0.41033125713694973,
        0.25681912447867566,
