{
  "sol": {
    "z": 1.3946136434867318,
    "tours": [
      [
        0,
        30,
        22,
        18,
        34,
        24,
        10,
        6,
        25,
        7,
        38
      ],
      [
        3,
        33,
        13,
        83,
        18
      ],
      [
        1,
        5,
        33
      ],
      [
        2,
        83,
        28,
        27,
        4,
        36,
        14,
        19,
        16,
        29
      ],
      [
        15,
        22,
        23
      ],
      [
        32,
        20,
        39,
        35,
        31,
        11,
        26,
        5,
        37
      ],
      [
        8,
        29,
        9
      ],
      [
        12,
        99,
        29
      ],
      [
        17,
        1
      ],
      [
        21,
        12
      ]
    ]
  },
  "params": {
    "gm": [
      [
        0.0,
        0.17915436573908605,
        0.40089001590330603,
        0.5111389073465767,
        0.5197182271973894,
        0.5326615870909882,
        0.5277251450794145,
        0.5433329635449271,
        0.9081905554533983,
        1.0453755748073867,
        0.4478518275947137,
        0.7426339397253218,
        0.61881972938982,
        0.14082619515852443,
        0.601660413607272,
        0.6692200438163749,
        0.617284999131708,
        0.2460845804754187,
        0.3046962554360929,
        0.585631119225218,
        0.8473447535302272,
        0.7675354389774219,
        0.15913256483529367,
        0.31025885437998046,
        0.46484424740407015,
        0.5456277553984485,
        0.6139593985406109,
        0.5025809312189119,
        0.41572175343522316,
        0.6560850554680022,
        0.050496122393924356,
        0.7318913205771129,
        0.8452003020392327,
        0.3799252691688316,
        0.35423820965180913,
        0.7837984009952418,
        0.6092665425274517,
        0.8157155073792449,
        0.5606232914030108,
        0.8748567647055234,
        0.9199262291074176,
        0.6879360560634808,
        0.7307278339552442,
        0.39620944453793244,
        0.3213852816103548,
        0.755857079147122,
        0.685742231994648,
        0.3373290274685164,
        0.2733109460134274,
        0.5198153019107441,
        0.11282703199460413,
        0.5451555663205749,
        0.7861374974534272,
        0.5748315799083638,
        0.32796574972473436,
        0.21414937115311855,
        0.12671191993318298,
        0.6070665996986089,
        0.6513008029777498,
        0.5755092979258037,
        0.6482233178147664,
        0.40409953096978457,
        0.5905059009104077,
        0.34560356088677363,
        0.47881348839739507,
        0.6175163586848027,
        0.6536488588500144,
        0.19695723683685223,
        0.2940884704145657,
        0.7095997986601552,
        0.29842878623932584,
        0.3282414961919452,
        0.7257400391336377,
        0.03010968871675097,
        0.6196351181456943,
        0.7383082350508976,
        0.374761826959211,
        0.5487283413343611,
        0.23777436848819736,
        0.8460195602594499,
        0.6553463078987518,
        0.9171843959052467,
        0.6392681565496782,
        0.20511352905565905,
        0.8079907690582768,
        0.6537533275418689,
        0.49140374745620313,
        0.4864663092326177,
        0.3851185260648897,
        0.6443191914792273,
        0.5610298615537723,
        0.6392221221105814,
        0.7691218010466693,
        0.7295259458216747,
        0.46986421132518924,
        0.6550008480173412,
        0.41062698287065313,
        0.6440674101653832,
        0.8356948995633722,
        0.6772972127280266
      ],
      [
        0.17915436573908605,
        0.0,
        0.5800443816423921,
        0.45340648595003186,
        0.6988725929364754,
        0.35350722135190216,
        0.5658000981520381,
        0.5809119612429859,
        1.0381737890915859,
        1.1753588084455744,
        0.516693565701895,
        0.5776020480895797,
        0.7669544120984023,
        0.3199805608976105,
        0.780814779346358,
        0.848374409555461,
        0.796439364870794,
        0.21461016150432127,
        0.3856237257960931,
        0.7647854849643041,
        0.8749360267274422,
        0.7688358205362873,
        0.33828693057437975,
        0.4894132201190665,
        0.5233868712136236,
        0.5593241276160028,
        0.4348050328015249,
        0.681735296957998,
        0.5948761191743093,
        0.8352394212070883,
        0.22965048813301042,
        0.6556611136129304,
        0.8293329793351584,
        0.31447631030168116,
        0.3835091336509341,
        0.7070352821206262,
        0.7884209082665377,
        0.7284607343995725,
        0.6021569863388416,
        0.887521076767695,
        0.9028517134998049,
        0.8643381770754694,
        0.9098821996943303,
        0.21705507879884642,
        0.5005396473494408,
        0.7684225276514074,
        0.8648965977337341,
        0.5164833932076025,
        0.4524653117525135,
        0.3406609361716581,
        0.2919813977336902,
        0.724309932059661,
        0.9314885116889535,
        0.7156811565183467,
        0.16386078928872594,
        0.3933037368922046,
        0.271304016152688,
        0.5667334583570678,
        0.47214643723866373,
        0.6899349733586164,
        0.8273776835538524,
        0.2249451652306985,
        0.7696602666494937,
        0.5247579266258597,
        0.299659122658309,
        0.6619630419924831,
        0.612141515328581,
        0.3761116025759383,
        0.18250264235297656,
        0.6815232578940772,
        0.1192744205002398,
        0.3300866247916098,
        0.8553192915978725,
        0.209264054455837,
        0.7987894838847803,
        0.9120349836480024,
        0.19560746122012493,
        0.5071082766603559,
        0.20147916181748282,
        0.8473199418183153,
        0.6729354606839522,
        0.8409541889410642,
        0.8184225222887642,
        0.3842678947947451,
        0.9597257339583729,
        0.5345109528978731,
        0.3122493817171171,
        0.6656206749717037,
        0.32556019482747756,
        0.8234735572183134,
        0.7401842272928584,
        0.712993145178347,
        0.7791670387611265,
        0.569611363542123,
        0.2907098455861032,
        0.6723783822314259,
        0.2314726171315671,
        0.8232217759044692,
        0.6768791215254757,
        0.8564515784671126
      ],
      [
        0.40089001590330603,
        0.5800443816423921,
        0.0,
        0.26913045560327276,
        0.13838215916074298,
        0.6043213703785169,
        0.42401228453224143,
        0.42991163485436124,
        0.5202186854023447,
        0.6574037047563331,
        0.33241753535513585,
        0.7175736394553285,
        0.23412915070359738,
        0.352515372929834,
        0.2894334274129239,
        0.35235259701903354,
        0.2992449609095945,
        0.6449415340696889,
        0.329832273322633,
        0.381014265705499,
        0.6906599963806832,
        0.46067177500042633,
        0.2679571378896472,
        0.10843777828455989,
        0.3391108408668645,
        0.4410192560376441,
        0.6488610341758649,
        0.12066008871666797,
        0.04387114319756384,
        0.28470089324304965,
        0.355607751057003,
        0.74165255347471,
        0.6733141647278922,
        0.423207058500892,
        0.37939814138523054,
        0.7726947668718422,
        0.2708835627592253,
        0.7625107928606083,
        0.4178809559920826,
        0.6784606039265214,
        0.6189744531001151,
        0.28913142908101813,
        0.3300653000523982,
        0.5022038818293184,
        0.33574184790746314,
        0.5841464973046482,
        0.3271740152280744,
        0.36711714232955295,
        0.13706760831037446,
        0.6468006632985207,
        0.33828488477879,
        0.21169174649624556,
        0.3878558176360831,
        0.2051850430728367,
        0.6597887423089858,
        0.2524188235819605,
        0.4823211051846974,
        0.2856683247060097,
        0.6966386275693286,
        0.217701030047785,
        0.34282011777029164,
        0.6456076238172316,
        0.4488907314636457,
        0.061605466174588334,
        0.6331214362000307,
        0.2539500408571098,
        0.2855980814835155,
        0.36377158672626275,
        0.6805713248766745,
        0.34569031740774586,
        0.5930069440910145,
        0.3821947397996446,
        0.3384430252152384,
        0.3708495992441039,
        0.21878416112278293,
        0.33822749075026887,
        0.6324780211375582,
        0.3204952432142652,
        0.6355125325247496,
        0.5391558962824543,
        0.48865943033719306,
        0.7459808387439587,
        0.2801125753867653,
        0.21583234825696965,
        0.40841220528996697,
        0.6175826952608336,
        0.6412207331757903,
        0.12289999140492477,
        0.4207044488526628,
        0.3127224207042194,
        0.16995308042776128,
        0.2800331642813358,
        0.5766952544386081,
        0.7036023268604188,
        0.6522281593648909,
        0.2921600230857033,
        0.6161965967783967,
        0.30587769481255966,
        0.8015614359032078,
        0.5581999792033286
      ],
      [
        0.5111389073465767,
        0.45340648595003186,
        0.26913045560327276,
        0.0,
        0.40751261476401573,
        0.3915602836713148,
        0.15488182892896868,
        0.1607811792510885,
        0.5847673031415541,
        0.7219523224955426,
        0.06328707975186307,
        0.4484431838520556,
        0.3135479261483705,
        0.5780549782949117,
        0.5585638830161967,
        0.6214830526223063,
        0.5683754165128673,
        0.6622128783502672,
        0.23012837723156893,
        0.6501447213087719,
        0.4215295407774104,
        0.31542933458625544,
        0.3756920678323682,
        0.37756823388783267,
        0.06998038526359172,
        0.17188880043437132,
        0.38806000020854003,
        0.38979054431994076,
        0.3130015988008366,
        0.5538313488463225,
        0.463704047337248,
        0.4725220978714373,
        0.4041837091246195,
        0.2857077559369762,
        0.21637941537557623,
        0.5035643112685695,
        0.5400140183624981,
        0.49338033725733554,
        0.14875050038880983,
        0.4341145908176631,
        0.44944522754977295,
        0.4109316911254377,
        0.4855823768714377,
        0.3961690045180475,
        0.35731138711525645,
        0.3150160417013755,
        0.5963044708313472,
        0.6362475979328257,
        0.4061980639136472,
        0.45095443164437515,
        0.5417548213018635,
        0.4808222020995183,
        0.47808202573892167,
        0.2622746705683149,
        0.5787332751029867,
        0.33099630289693904,
        0.6352724528181836,
        0.11332697240703597,
        0.42750817196605584,
        0.23652848740858465,
        0.6119505733735644,
        0.5042023072287629,
        0.7180211870669184,
        0.3307359217778611,
        0.4565687923357283,
        0.2085565560424513,
        0.15873502937854916,
        0.6303360633043772,
        0.6359012690636527,
        0.2281167719440454,
        0.4804070417763041,
        0.27699522379522107,
        0.4019128056478406,
        0.49128167368804476,
        0.3971488125289075,
        0.4586284976979706,
        0.5014171641509868,
        0.05370179071032405,
        0.6548856477675147,
        0.3939134558682834,
        0.21952897473392027,
        0.47685038314068595,
        0.549243030990038,
        0.3880885366333009,
        0.5063192480083412,
        0.3484522396575609,
        0.46043155663910346,
        0.25129704251966445,
        0.2756178127446144,
        0.5818528763074922,
        0.31090887810430473,
        0.25958665922831525,
        0.32576055281109456,
        0.43447187125714604,
        0.48194041024632933,
        0.21897189628139407,
        0.4672408574086576,
        0.5750081504158324,
        0.5324309802999351,
        0.8273304348066015
      ],
      [
        0.5197182271973894,
        0.6988725929364754,
        0.13838215916074298,
        0.40751261476401573,
        0.0,
        0.725585731123444,
        0.5421488076726886,
        0.5354033576371766,
        0.45508002608357456,
        0.592265045437563,
        0.455895007238165,
        0.8236484526107714,
        0.20980715981419648,
        0.4553239893836195,
        0.1598166690890099,
        0.22064095563481964,
        0.16849002771057386,
        0.765797695108636,
        0.4677864115391629,
        0.25139750738158506,
        0.7545218837589307,
        0.48757438193124225,
        0.4006670151734037,
        0.20952943604054206,
        0.4105085890969583,
        0.559692678232721,
        0.7463614373562558,
        0.01799064377171538,
        0.10701976865175077,
        0.14667960658465604,
        0.4784397618595877,
        0.8321609577434927,
        0.7514671869380286,
        0.5608716438038962,
        0.5076845793516902,
        0.8527750497582349,
        0.14366787411542464,
        0.8638042894197875,
        0.5191744525512616,
        0.729676855374635,
        0.6462304163717819,
        0.2139484414623929,
        0.22632210550218215,
        0.6405089590817441,
        0.4368335056634453,
        0.6642267801910409,
        0.19074576548007072,
        0.4721931460546772,
        0.24641187632911976,
        0.7847296108656744,
        0.4419163833954576,
        0.08156796377644214,
        0.3058452072338945,
        0.21510085137084245,
        0.7974059718293389,
        0.3900360531023137,
        0.5859647128419561,
        0.34199606563311175,
        0.7925698881949005,
        0.2404969870450992,
        0.21311651668562262,
        0.783970833478693,
        0.3334848446245114,
        0.1775881895060972,
        0.7712409326037625,
        0.3119964036363754,
        0.3383297948568255,
        0.4638710388404734,
        0.8034033356792591,
        0.37435087819207624,
        0.7313120213434402,
        0.5204998170520703,
        0.2891155282450835,
        0.4897386695545819,
        0.13640590239542758,
        0.25070432841193147,
        0.7707830983899839,
        0.3785416059935307,
        0.7572879099591125,
        0.5660585032132701,
        0.5567074717585624,
        0.8242610907698759,
        0.14477319125085875,
        0.349934499280033,
        0.31949955597580565,
        0.7237033042175943,
        0.7796028923365332,
        0.1809463541841903,
        0.5586333964198165,
        0.18004610353175332,
        0.1539968072066967,
        0.28686464672013456,
        0.629403123402761,
        0.8095899160720342,
        0.7900474619322688,
        0.31892595308547017,
        0.7543896446213297,
        0.17181440263422,
        0.9076820448599685,
        0.4361274011252396
      ],
      [
        0.5326615870909882,
        0.35350722135190216,
        0.6043213703785169,
        0.3915602836713148,
        0.725585731123444,
        0.0,
        0.28866161298319504,
        0.29944090771400805,
        0.9124201499486705,
        0.9679675075678631,
        0.3294018025172859,
        0.22451078287045764,
        0.6871424420180174,
        0.6143687910774571,
        0.885402400212454,
        0.9313792011295927,
        0.8940757588340179,
        0.5072878881475518,
        0.27474833501816537,
        0.7978694861636841,
        0.5293671993219446,
        0.641884625388163,
        0.4083095864901732,
        0.5837006323070929,
        0.3324379971637309,
        0.27515197175424105,
        0.08131471117078809,
        0.7234120506053319,
        0.6342928607466233,
        0.8722653377081001,
        0.5169836439887071,
        0.30461550113944813,
        0.47828736686167606,
        0.1875883668037612,
        0.23362805004668386,
        0.3553119623228832,
        0.8692536052388686,
        0.37520520384982003,
        0.33713414583287044,
        0.6300219002246041,
        0.7273455859904692,
        0.7845262069950847,
        0.8591768927410847,
        0.23916181755933497,
        0.37596482403513914,
        0.5348455664692531,
        0.9163314966035148,
        0.7630034547269231,
        0.5580823692389203,
        0.06064501278464062,
        0.5792051808442295,
        0.8071536948998862,
        0.8516765416085686,
        0.6358691864379619,
        0.31850194256264625,
        0.37448546693479434,
        0.6202377286777083,
        0.48685896605100304,
        0.1217195524499613,
        0.6101230032782317,
        0.900308524868793,
        0.17153878185061316,
        0.9632523012098246,
        0.5797642096362732,
        0.08268392023485197,
        0.5820885496864183,
        0.5314168266494315,
        0.6520143484245192,
        0.42222727767853724,
        0.5911463291807533,
        0.23423280085166237,
        0.23920716982914667,
        0.7755073215174876,
        0.542274028727108,
        0.7707433283985545,
        0.8322230135676176,
        0.19092657927275264,
        0.42729630657997103,
        0.49466935784957944,
        0.6755758969661803,
        0.42670462883098803,
        0.487966647693196,
        0.8703589223743028,
        0.4313589788700805,
        0.8799137638779881,
        0.18822769902566547,
        0.07960606154215352,
        0.6248915583893114,
        0.18361692152585404,
        0.8971932775509373,
        0.6845033939739518,
        0.6329769881750879,
        0.5365395788657354,
        0.2161683730990002,
        0.11059774864665001,
        0.5921026295629223,
        0.13754479960733867,
        0.897400133757664,
        0.324565828524984,
        1.0583506640097984
      ],
      [
        0.5277251450794145,
        0.5658000981520381,
        0.42401228453224143,
        0.15488182892896868,
        0.5421488076726886,
        0.28866161298319504,
        0.0,
        0.01621592972474446,
        0.6873937877505856,
        0.824578807104574,
        0.10437544031920098,
        0.39867679623093244,
        0.4228814456832177,
        0.5896476803572499,
        0.70042448831125,
        0.7627326850002095,
        0.7100973709744063,
        0.6898934257081873,
        0.2578089245894891,
        0.780930075735008,
        0.349709696163344,
        0.35362476527589903,
        0.3845122084960697,
        0.530667709329374,
        0.14495421000386774,
        0.017902610319033986,
        0.26020969109666975,
        0.5316576302843038,
        0.4678834277298053,
        0.6692751920299252,
        0.47722902268549017,
        0.47830488773168117,
        0.3406263993161095,
        0.2638060011922091,
        0.21883653196830863,
        0.4360274679731204,
        0.6809716696948719,
        0.39448070092954923,
        0.049850864061023535,
        0.3653075562771311,
        0.4437538370543022,
        0.5198189169551093,
        0.5949167661989039,
        0.38467933300966717,
        0.3663585627675974,
        0.253934803465607,
        0.7176492865680768,
        0.7181562029843036,
        0.4994337756159384,
        0.3488996415396244,
        0.5551882405347668,
        0.622582364660838,
        0.5847387774780561,
        0.3721578811706063,
        0.5471978493246464,
        0.3257073963826178,
        0.6488559320084236,
        0.21977229695077136,
        0.29109036268194005,
        0.34611189449414587,
        0.7538015353805694,
        0.4367612617019079,
        0.8707886402039586,
        0.4856177507068298,
        0.3666629115898258,
        0.31500188058618667,
        0.257407549977556,
        0.6358755929675426,
        0.6255736405035375,
        0.3071355913520625,
        0.4465256776517983,
        0.2829945332521365,
        0.5114962127334018,
        0.5051673119199414,
        0.5070542234977413,
        0.5663122625622986,
        0.4433868197881016,
        0.1636072016791579,
        0.7030689702621566,
        0.3880960342781425,
        0.14579386582734197,
        0.413503513330831,
        0.677701722473489,
        0.3698415098891406,
        0.6129955553080361,
        0.3754289052400556,
        0.36664595153901175,
        0.36120245348849833,
        0.2506963920791695,
        0.72215093649204,
        0.42081428907313856,
        0.3624501466888463,
        0.258267351030797,
        0.3934478853579218,
        0.39450672927947317,
        0.3171303860829903,
        0.3981747310506695,
        0.7130664916149375,
        0.4782715563650319,
        0.9734548436662709
      ],
      [
        0.5433329635449271,
        0.5809119612429859,
        0.42991163485436124,
        0.1607811792510885,
        0.5354033576371766,
        0.29944090771400805,
        0.01621592972474446,
        0.0,
        0.6938226778461444,
        0.8310076972001328,
        0.11462137397449819,
        0.40576475432321124,
        0.42196130234776974,
        0.604272031700156,
        0.6952200267261865,
        0.7560443132719963,
        0.7038933853477505,
        0.7058527062988179,
        0.2737682051801197,
        0.7868008650187617,
        0.3340993954137812,
        0.342444905518462,
        0.3994256737467551,
        0.5383494131389212,
        0.15689488474518126,
        0.024289320595544315,
        0.26734036324915317,
        0.5322912211383061,
        0.47378277805192515,
        0.6699087828839275,
        0.49283684115100274,
        0.4661675131563314,
        0.3250160985665467,
        0.27978255841895283,
        0.2350299505459179,
        0.4238900933977707,
        0.6790712317526013,
        0.3823433263541995,
        0.03771348948567379,
        0.34969725552756825,
        0.4292986963413979,
        0.5184048498962682,
        0.5938152027995941,
        0.40060123773304374,
        0.3825519813452067,
        0.2383245027160441,
        0.7182828774220791,
        0.7321048372377386,
        0.5133824098693733,
        0.3593692725068964,
        0.5699649146144979,
        0.6169713214136188,
        0.5834561738156459,
        0.3721424096912286,
        0.5622177305969348,
        0.34043711938917426,
        0.6644637504739361,
        0.21848969328836107,
        0.29817832077421885,
        0.34558386211317493,
        0.7485198743227992,
        0.4500570447556631,
        0.8688882022616881,
        0.49151710102894963,
        0.37836172172125254,
        0.3137192769237764,
        0.2540223836811934,
        0.6500816493966036,
        0.641273292259499,
        0.300345373529593,
        0.4616375407427461,
        0.29921045199144586,
        0.5109681803524309,
        0.5207729454810829,
        0.5076769324665481,
        0.5641220033876179,
        0.45728586187308734,
        0.16424079253316018,
        0.7190282508527872,
        0.37935717596087626,
        0.1301835650777791,
        0.3978932125812681,
        0.6783353133274913,
        0.38379014414257556,
        0.6117129516456258,
        0.38255957739253904,
        0.37794871716462314,
        0.3618360443425006,
        0.26665632984546384,
        0.7154494611689299,
        0.4213334929759989,
        0.35909923885005074,
        0.24219723683211627,
        0.4005358434502006,
        0.4063120396897024,
        0.31303908179199486,
        0.41149531715311366,
        0.7072177602713966,
        0.46613418178968213,
        0.9715307587624162
      ],
      [
        0.9081905554533983,
        1.0381737890915859,
        0.5202186854023447,
        0.5847673031415541,
        0.45508002608357456,
        0.9124201499486705,
        0.6873937877505856,
        0.6938226778461444,
        0.0,
        0.13718501935398839,
        0.5830183474313846,
        0.8806417440513938,
        0.2897288051103614,
        0.8727090451717786,
        0.5584847469883717,
        0.5810208348463353,
        0.5555329736239467,
        1.1421669073053597,
        0.7790464385140442,
        0.6500655852809468,
        0.6440059756694971,
        0.5241182827307782,
        0.7560354704164154,
        0.6274527382732497,
        0.6284047655725913,
        0.7022682118030872,
        0.907838917588113,
        0.4643051765256385,
        0.5240023175292422,
        0.4408726909438044,
        0.8592065237770533,
        0.8687576738519937,
        0.6954207337293662,
        0.8210093783730972,
        0.7564231172520589,
        0.8422739598438672,
        0.561538703578358,
        0.8650824589628262,
        0.666005010440336,
        0.5625251890148683,
        0.365386615400365,
        0.24144252142742817,
        0.24845920480363454,
        0.9370889841306382,
        0.8377204526812861,
        0.6970431378961417,
        0.4683883726677864,
        0.8871438680875665,
        0.6572290501951246,
        0.9721862798612966,
        0.8578036202699497,
        0.5048267247601596,
        0.15401032149428112,
        0.33437088880900373,
        1.110292761965459,
        0.7331656042236047,
        1.0008273241032521,
        0.475658086238353,
        0.9477038271688343,
        0.34823881573296944,
        0.5961001648823204,
        1.0315676504471498,
        0.7361971810347382,
        0.5816321919326018,
        0.9794442117659965,
        0.5065648845626864,
        0.4527193839128548,
        0.8807568696444705,
        1.1795544951680248,
        0.46847506105751124,
        1.015974229918225,
        0.8206484498995933,
        0.18285449749371352,
        0.8790989740618146,
        0.31944379080689206,
        0.20873194331101136,
        1.0308874784597992,
        0.53106551243123,
        1.1319414263459153,
        0.5866647842366314,
        0.6677855497388336,
        0.7295888149377618,
        0.4682884277831939,
        0.7052063110965056,
        0.15215024173864933,
        0.8681835073370825,
        0.9827608342549127,
        0.4217652815940188,
        0.809688554457335,
        0.5444175462597793,
        0.35085416095549077,
        0.3750931816517086,
        0.5820101361836569,
        0.8947037917856067,
        1.005357427246075,
        0.4191214726566011,
        0.9939657144988046,
        0.5236831966409663,
        0.9444849239146399,
        0.8170316207572155
      ],
      [
        1.0453755748073867,
        1.1753588084455744,
        0.6574037047563331,
        0.7219523224955426,
        0.592265045437563,
        0.9679675075678631,
        0.824578807104574,
        0.8310076972001328,
        0.13718501935398839,
        0.0,
        0.720203366785373,
        0.7434567246974054,
        0.4269138244643498,
        1.009894064525767,
        0.6956697663423601,
        0.7182058542003237,
        0.6927179929779351,
        1.279351926659348,
        0.9162314578680326,
        0.7872506046349352,
        0.7811909950234855,
        0.6613033020847665,
        0.8932204897704038,
        0.7646377576272381,
        0.7655897849265797,
        0.8394532311570756,
        0.8874054636569049,
        0.6014901958796269,
        0.6611873368832306,
        0.5780577102977927,
        0.9963915431310417,
        0.8514930019996625,
        0.8326057530833546,
        0.9581943977270855,
        0.8936081366060473,
        0.8912508173510869,
        0.6987237229323464,
        0.8998514413149635,
        0.8031900297943244,
        0.6997102083688567,
        0.5025716347543534,
        0.3786275407814166,
        0.3856442241576229,
        1.0742740034846268,
        0.9749054720352746,
        0.83422815725013,
        0.6055733920217747,
        1.0243288874415548,
        0.794414069549113,
        0.9904428993937962,
        0.9949886396239381,
        0.642011744114148,
        0.2911953408482695,
        0.4715559081629921,
        1.2474777813194473,
        0.8703506235775931,
        1.1380123434572404,
        0.6128431055923413,
        0.8510431582463978,
        0.48542383508695786,
        0.7332851842363088,
        1.1263032719438961,
        0.8733822003887266,
        0.7188172112865903,
        1.031577704529834,
        0.643749903916675,
        0.5899044032668432,
        1.0179418889984588,
        1.3167395145220133,
        0.6056600804114995,
        1.1531592492722134,
        0.9578334692535817,
        0.32003951684770193,
        1.016283993415803,
        0.4566288101608804,
        0.3459169626649997,
        1.1512071366240555,
        0.6682505317852185,
        1.2691264456999038,
        0.7238498035906198,
        0.804970569092822,
        0.8667738342917503,
        0.6054734471371823,
        0.842391330450494,
        0.28933526109263774,
        0.8435597266611253,
        1.0214792623876647,
        0.5589503009480072,
        0.9468735738113234,
        0.6816025656137678,
        0.4880391803094791,
        0.5122782010056969,
        0.7191951555376453,
        0.7575187724316182,
        1.0528908759991378,
        0.5563064920105895,
        1.0985914185363583,
        0.6608682159949547,
        0.8443234661499036,
        0.9542166401112039
      ],
      [
        0.4478518275947137,
        0.516693565701895,
        0.33241753535513585,
        0.06328707975186307,
        0.455895007238165,
        0.3294018025172859,
        0.10437544031920098,
        0.11462137397449819,
        0.5830183474313846,
        0.720203366785373,
        0.0,
        0.3851561041001926,
        0.36072264917769387,
        0.5439546921460023,
        0.6066777021627056,
        0.6695968717688152,
        0.6164892356593761,
        0.6281125922013578,
        0.1960280910826596,
        0.6982585404552807,
        0.39949292593551355,
        0.3515442014007954,
        0.34159178168345883,
        0.44085531363969577,
        0.04538641814120668,
        0.11924986437170257,
        0.3248205701567283,
        0.4379043634664496,
        0.37628867855269965,
        0.6020263152546663,
        0.4004169675853849,
        0.40923501811957425,
        0.40232701379280567,
        0.23799103094171253,
        0.17340476982067432,
        0.46111185144457056,
        0.588127837509007,
        0.4610043425443966,
        0.11637450567587088,
        0.42700493711080967,
        0.4720744015127039,
        0.45810641415476105,
        0.532757099900761,
        0.35407063669925365,
        0.3209268006199631,
        0.3156354179423031,
        0.6454505857098054,
        0.6970124509439253,
        0.4694851436655103,
        0.38916793242991204,
        0.5076545351529541,
        0.5289360212460272,
        0.52418125263118,
        0.3094493935976383,
        0.532857271825694,
        0.2968960167480297,
        0.5719853730663205,
        0.15921477210389512,
        0.36468547973744975,
        0.283703210437908,
        0.6600643925200733,
        0.4485493030157652,
        0.7779448080180937,
        0.39402300152972414,
        0.3964258643346119,
        0.25444435573931046,
        0.20579703125530074,
        0.5962357771554678,
        0.5965361477366403,
        0.2740048032366806,
        0.4329558824868404,
        0.23763010246820873,
        0.44908752867716395,
        0.4279945939361817,
        0.44432353555823084,
        0.505803220727294,
        0.4478691310284146,
        0.10087651373964741,
        0.6412881367553271,
        0.43002832268282337,
        0.2074944803040381,
        0.47520412780752713,
        0.5990321156181657,
        0.35398825048439153,
        0.5524380304611598,
        0.28516515990569785,
        0.3997424868235281,
        0.29847176554898786,
        0.22667020702595042,
        0.6299666954540011,
        0.3580836011336281,
        0.305475650152191,
        0.32126997345195557,
        0.371184791505283,
        0.4223390798146905,
        0.2656560485184103,
        0.4109473670674199,
        0.6231219695623413,
        0.4691439005480721,
        0.880611011480406
      ],
      [
        0.7426339397253218,
        0.5776020480895797,
        0.7175736394553285,
        0.4484431838520556,
        0.8236484526107714,
        0.22451078287045764,
        0.39867679623093244,
        0.40576475432321124,
        0.8806417440513938,
        0.7434567246974054,
        0.3851561041001926,
        0.0,
        0.7458787532778864,
        0.7809482313083603,
        0.974431147535312,
        1.0373503171414216,
        0.9842426810319825,
        0.7317852002169214,
        0.4381112909817845,
        0.9612324421273033,
        0.33248159904453223,
        0.6225309657699508,
        0.5835013748900281,
        0.7223625072181833,
        0.4131398635138131,
        0.3814754337276669,
        0.1439487389594995,
        0.805657808839056,
        0.7614447826528923,
        0.9697797606272727,
        0.6921754323885619,
        0.10803627730225704,
        0.28121825154320673,
        0.3754852099879764,
        0.3887834620762339,
        0.1477940926536815,
        0.9558812828816133,
        0.1563947166175581,
        0.44347186737558075,
        0.4320295531468953,
        0.6204421036109956,
        0.8432625182549536,
        0.9179132040009537,
        0.4573666266357263,
        0.4956040144859009,
        0.33634236222087555,
        1.0132040310824117,
        0.9385534770182905,
        0.7049774593641212,
        0.24698617469639073,
        0.7456813490620285,
        0.8966894666186336,
        0.9093373567313725,
        0.6946054976978309,
        0.5375290478473128,
        0.5359464818282582,
        0.8443325554153858,
        0.5443708762040878,
        0.10758643354899239,
        0.6688593145381005,
        1.0278178378926797,
        0.38284654724649064,
        1.1222469364112984,
        0.7349616711222409,
        0.2881209798324287,
        0.6396004598395031,
        0.5909531353554933,
        0.8355324317991565,
        0.6444479700157602,
        0.6591609073368732,
        0.45832762758933987,
        0.42368905949255065,
        0.8342436327773566,
        0.7174658171269629,
        0.8294796396584234,
        0.8909593248274865,
        0.4077504119266501,
        0.48603261783984,
        0.7191777276251176,
        0.6964338250137481,
        0.4444832998591406,
        0.29060814702500526,
        0.9667855609907721,
        0.591418242222328,
        0.9002042854638242,
        0.10010300196371995,
        0.2780225376902592,
        0.6836278696491804,
        0.3660643561292406,
        0.9977201408266074,
        0.7432397052338207,
        0.6906317542523837,
        0.4038185828277036,
        0.014062047734212782,
        0.30943415130173224,
        0.6508121526186028,
        0.35513469383895296,
        0.9908754149349477,
        0.10086674145249815,
        1.2185168149125372
      ],
      [
        0.61881972938982,
        0.7669544120984023,
        0.23412915070359738,
        0.3135479261483705,
        0.20980715981419648,
        0.6871424420180174,
        0.4228814456832177,
        0.42196130234776974,
        0.2897288051103614,
        0.4269138244643498,
        0.36072264917769387,
        0.7458787532778864,
        0.0,
        0.5857009937416987,
        0.3587886711128442,
        0.4081480012825806,
        0.36326152017449087,
        0.8550387989644179,
        0.5415118465666693,
        0.4503695094054193,
        0.5807512636030593,
        0.2939708029616919,
        0.468522406074779,
        0.3425274567142087,
        0.38136385459869204,
        0.44074810372723966,
        0.6749622925653362,
        0.2108832912600594,
        0.245624463054315,
        0.28366286175922006,
        0.5701362923631147,
        0.7467311122078717,
        0.5873214170670632,
        0.5952002850057754,
        0.5272268222916127,
        0.6948240317897427,
        0.34877643866213426,
        0.732404209517229,
        0.39322953712962005,
        0.5400163716888132,
        0.45203413929078173,
        0.09775656182172422,
        0.17205874082575934,
        0.7074837273020802,
        0.549479097166918,
        0.5062757622225488,
        0.33013325993114473,
        0.6011906748230309,
        0.3700384559242519,
        0.7474021088663286,
        0.5692517737741549,
        0.28466917965441446,
        0.17919524594659383,
        0.05493582963026746,
        0.8308577027867227,
        0.4477033712987876,
        0.7116014898599015,
        0.20347646958417498,
        0.7102655702169717,
        0.07714743011963231,
        0.40937235444629033,
        0.8091917610523193,
        0.538577709577902,
        0.29567899866806635,
        0.7403244847857178,
        0.2312101619288747,
        0.1742086662411997,
        0.5977714774011511,
        0.8950998661827863,
        0.1787462559471498,
        0.7903573352298532,
        0.5877642448239192,
        0.10695810713045971,
        0.5895961249309026,
        0.10127576107142387,
        0.14790047892546077,
        0.8080569395871283,
        0.25984613543804647,
        0.8444034905164747,
        0.37245492424371984,
        0.3994881768688034,
        0.6581079390752931,
        0.3012258687784131,
        0.4169649555821374,
        0.205766573425091,
        0.6458878090833917,
        0.7532282213158041,
        0.13324561374925878,
        0.5845427328331388,
        0.36556211476316436,
        0.06539192803067374,
        0.08536437654134713,
        0.44819627324925554,
        0.7319074406829769,
        0.7684662256219768,
        0.12939266754623968,
        0.7716469033388198,
        0.3500664526301273,
        0.7981552804832568,
        0.638813826876684
      ],
      [
        0.14082619515852443,
        0.3199805608976105,
        0.352515372929834,
        0.5780549782949117,
        0.4553239893836195,
        0.6143687910774571,
        0.5896476803572499,
        0.604272031700156,
        0.8727090451717786,
        1.009894064525767,
        0.5439546921460023,
        0.7809482313083603,
        0.5857009937416987,
        0.0,
        0.46083421844874756,
        0.5283938486578504,
        0.47645880397318363,
        0.35248734931481923,
        0.3479266010633428,
        0.44509102682681445,
        0.9038299222220706,
        0.7926329437837847,
        0.20605920458728394,
        0.24579455334307745,
        0.50807459303132,
        0.5975158910242837,
        0.6669317298005658,
        0.43835399509109363,
        0.35262176235011244,
        0.5857903583299104,
        0.14517045825004535,
        0.8201679655225381,
        0.880409357558854,
        0.4268519089208219,
        0.3970863455127968,
        0.8614944704862255,
        0.48965006931735366,
        0.9006638073477116,
        0.6154717298826574,
        0.9261023641010564,
        0.9506962801128744,
        0.6385969154895129,
        0.668731385133213,
        0.49517727797360933,
        0.3565943371299761,
        0.7910661346667432,
        0.5869697894513786,
        0.19678893507011283,
        0.2157050214995761,
        0.6135295112271122,
        0.03672377371189125,
        0.48343961801893837,
        0.7370074364046886,
        0.550688944647944,
        0.46760015689539114,
        0.2639834515750387,
        0.14080811546040314,
        0.6244615710473084,
        0.7170528381585657,
        0.5565798943222329,
        0.5090490855977383,
        0.544925726128309,
        0.4578115099015605,
        0.29108275641948783,
        0.6196396835559195,
        0.5927432871984084,
        0.6260547919825867,
        0.057783004619824135,
        0.42311874826953205,
        0.6774083967692426,
        0.4392549813978503,
        0.3751681359439355,
        0.6908708606158028,
        0.1266545148324613,
        0.5639609920464358,
        0.6849293743201045,
        0.5155880221177355,
        0.6295923121919655,
        0.3477050885243865,
        0.8711170650658127,
        0.7065886736512672,
        0.9529004761060538,
        0.5581153721575641,
        0.22410536522494667,
        0.755495139858726,
        0.6960981073086617,
        0.6322299426147275,
        0.4616932377462234,
        0.43204516581688,
