{
  "sol": {
    "z": 2.1113966823732007,
    "tours": [
      [
        0,
        16,
        18,
        1,
        5,
        25,
        39,
        6,
        24,
        20,
        12,
        33,
        19,
        22
      ],
      [
        17,
        11,
        65,
        2
      ],
      [
        3,
        8,
        13,
        37,
        28,
        11,
        30,
        4,
        34,
        10,
        27,
        31,
        35,
        23
      ],
      [
        29,
        38,
        21,
        36,
        2,
        15
      ],
      [
        26,
        30,
        7
      ],
      [
        32,
        3,
        9
      ],
      [
        14,
        33
      ]
    ]
  },
  "params": {
    "gm": [
      [
        0.0,
        0.227008989663102,
        0.8837193764192509,
        0.37431093278830774,
        0.6489152450078115,
        0.2807672336001191,
        0.4351324237792883,
        0.467628859524949,
        0.37754601547061245,
        0.3785526484168217,
        0.8183232304874052,
        0.5856541060887047,
        0.5856871223518134,
        0.4732087596129464,
        0.3463380166802418,
        0.9222635575013036,
        0.12474515288538002,
        0.9717796044950165,
        0.2503605204375153,
        0.578289851105614,
        0.5034956174236495,
        0.9331102987607482,
        0.26929844628751415,
        1.0352664689619588,
        0.45380472422943685,
        0.334820680954571,
        0.5146369943125522,
        0.8991679791097495,
        0.5419864323106213,
        0.9672833612034858,
        0.5855638064052022,
        0.9158893274581824,
        0.2778660039392651,
        0.5794521994973366,
        0.7684714610076784,
        0.9840636811276152,
        0.8978522135906657,
        0.48262382381883795,
        0.9232413940200576,
        0.40233360733551937,
        0.3358232884003521,
        0.5820822044046788,
        0.906808201173668,
        0.7915668411452321,
        0.03445928701316729,
        0.8372940717923205,
        1.0971158962192322,
        0.4388347612106176,
        0.8514263529723355,
        0.4355477748448283,
        0.6755512632279957,
        0.5392562869243946,
        0.9797716615159509,
        0.6223127646339509,
        0.6020899090254098,
        0.804464218144054,
        0.2688599421669691,
        0.7398942691488353,
        0.3983390055655598,
        0.2099029760056156,
        0.8772382437496178,
        0.5143933475825373,
        1.0326368512439452,
        0.5098413442247645,
        0.6713381458205693,
        0.5978089472609701,
        0.5297823333937808,
        0.23829025926273767,
        0.2927077403983197,
        0.5511328350096757,
        0.5992196045628752,
        0.5603296977659848,
        0.19605763475281232,
        0.8845770054428012,
        0.29464230717723444,
        0.6556199144115024,
        0.6238833991218853,
        0.6054015863514257,
        0.6737046937463959,
        0.9188830683433092,
        0.5427460052341564,
        0.2234356482936152,
        0.2520121022684244,
        0.6312567893300348,
        0.6940285359690469,
        0.3249752096487214,
        0.5674323504382677,
        0.5191583436935724,
        0.6877354186123936,
        0.6105852191792122,
        0.20150989816178144,
        0.20011173914587543,
        0.3812822855932331,
        0.6733349530244611,
        0.48253478593116944,
        0.32896599548577565,
        0.8827611232938768,
        0.6265129837469365,
        0.4228297645088816,
        0.38210687465388515
      ],
      [
        0.227008989663102,
        0.0,
        0.7040562509980984,
        0.2055923708319564,
        0.4411392441072222,
        0.08344458866478346,
        0.2698778301361195,
        0.4037295018301441,
        0.20634052665055055,
        0.5301077246948849,
        0.5989526420325274,
        0.3596004562688984,
        0.39787075511415615,
        0.26050873787374795,
        0.4869205699132248,
        0.7137764973361129,
        0.1984588761646311,
        0.8100192582206598,
        0.2359392140167091,
        0.4128062269076462,
        0.32396339337701396,
        0.7078713089431725,
        0.09525019625706027,
        0.811261751733016,
        0.2775210055999848,
        0.13285769545556309,
        0.47583970403904124,
        0.6826897796933248,
        0.315932782490815,
        0.7412297113836795,
        0.39409765655216794,
        0.6988464254123923,
        0.44749182680784366,
        0.3901211493801465,
        0.5606360239164715,
        0.7628077221560792,
        0.6942992632435601,
        0.2586191065898952,
        0.6992366767911148,
        0.21298449808732545,
        0.12758517231945654,
        0.5246429581729174,
        0.7081437786446264,
        0.5755873338934637,
        0.25733894364126586,
        0.8526846697034657,
        0.8731111789902893,
        0.2582970210613614,
        0.6850060521142216,
        0.26568693928077264,
        0.5076669181128669,
        0.3806494283024484,
        0.7557669442870081,
        0.43071564311476207,
        0.42155216887615365,
        0.6239264779947977,
        0.49586893183007114,
        0.513840619329029,
        0.2331502739135063,
        0.19240617059907364,
        0.712048476144078,
        0.333855607433281,
        0.806583201424139,
        0.35252146579751303,
        0.44528449600076303,
        0.4085996984637398,
        0.30437855013456655,
        0.15528849975585185,
        0.08274243803644916,
        0.37343693345488166,
        0.43822828632654837,
        0.514021561563354,
        0.42306662441591436,
        0.6633210464712651,
        0.119282738595846,
        0.46061318503619036,
        0.4977522219252347,
        0.5440281090094152,
        0.4483879081529009,
        0.6963170349524066,
        0.3543674979342669,
        0.06819497776346665,
        0.058223977416005886,
        0.4397906394770005,
        0.4803426468253599,
        0.15715857425727442,
        0.39952147838839763,
        0.3619629195909804,
        0.4628779802423194,
        0.44533832408152335,
        0.2313764188513951,
        0.42712072880897745,
        0.51369508911182,
        0.48186880317142683,
        0.29106863607813516,
        0.3252156489389293,
        0.6567074734740705,
        0.40045933392713023,
        0.35893040681407673,
        0.5396422944899913
      ],
      [
        0.8837193764192509,
        0.7040562509980984,
        0.0,
        0.7651361763541695,
        0.6721681439510697,
        0.6225810215296146,
        0.48244194475064217,
        1.0170769859433193,
        0.7756489332651374,
        1.0365021489955126,
        0.6861781386702404,
        0.4868763696054892,
        0.332251344436504,
        0.6410134641348649,
        0.8313196602557484,
        0.2809727464784122,
        0.8992125201953289,
        0.1066382461378654,
        0.9346886821025286,
        0.5419167762890605,
        0.4011070881752667,
        0.41629710886391863,
        0.6252000408603458,
        0.5725541656314304,
        0.6265102737475705,
        0.571728169891877,
        1.1116156820443288,
        0.7050272255929585,
        0.5281924210858271,
        0.4617697676903494,
        0.7840228655926944,
        0.7005259946647573,
        1.0040679528723864,
        0.3147045876923248,
        0.7134805900435062,
        0.6171578609141692,
        0.3003699169272802,
        0.5916009474856281,
        0.4733088674450194,
        0.491071752910773,
        0.7332806535287025,
        1.0633369026018347,
        0.4211084781724174,
        0.30878888646435454,
        0.9181786634324182,
        0.16723974101123595,
        0.6058478966588576,
        0.456884421474243,
        0.307581872453539,
        0.46744025076982065,
        0.4727334271736964,
        0.6141250858306511,
        0.5275271291419505,
        0.7737350192643027,
        0.3299592916254687,
        0.1420695470746908,
        0.8699053048603786,
        0.4395105886549437,
        0.5025528140860801,
        0.894393234578185,
        0.2579818057562499,
        0.4163825444981556,
        0.46089964672779304,
        0.6268162784475246,
        0.46647557674142104,
        0.29545655253435865,
        0.5426146405166774,
        0.8496425154277363,
        0.6217101862657117,
        0.37515845349138677,
        0.5744774130936249,
        1.121672914142411,
        0.9431366066805561,
        0.6426667849071528,
        0.5989932202271544,
        0.7399083938427581,
        0.5148818479054624,
        0.9886661496895901,
        0.5155135035661005,
        0.3206854607641592,
        0.35172195176292365,
        0.6721545312945596,
        0.6522145376256313,
        0.8553693445676036,
        0.641844808343772,
        0.7971620038311241,
        0.5154141843933094,
        0.631988930338165,
        0.5236123660002763,
        0.47491175861123425,
        0.9351108886735467,
        0.949875492663103,
        0.8441040674926856,
        0.8638355683057396,
        0.7170112224660371,
        1.0191169092952308,
        0.39044045304909625,
        0.46830597490233156,
        0.9724856548044833,
        1.0540387442954249
      ],
      [
        0.37431093278830774,
        0.2055923708319564,
        0.7651361763541695,
        0.0,
        0.2927916957210911,
        0.25789008541612696,
        0.4195313990264927,
        0.40422606932384175,
        0.010512756910967853,
        0.7227378016470284,
        0.4769827528845487,
        0.305492968606542,
        0.5307173957691749,
        0.14888931010035142,
        0.6763671323740743,
        0.6606476532843568,
        0.28257393701038486,
        0.8630841037269673,
        0.22706071974612452,
        0.5770537947746001,
        0.45496191218588056,
        0.6537086358193431,
        0.2825669738616216,
        0.6990459932753509,
        0.4669675680608343,
        0.27603322611550346,
        0.47319724404597924,
        0.5489794325348369,
        0.2628056964969986,
        0.6881026253898631,
        0.22252272996302214,
        0.5664558830418779,
        0.6326695172306666,
        0.5210349897935616,
        0.4090046808867135,
        0.6436495435708985,
        0.6410099986576105,
        0.20168121200349673,
        0.6422987822047164,
        0.34389833850074053,
        0.10236232914277492,
        0.4761832709220857,
        0.6539035755328562,
        0.5213471307816935,
        0.39453470845318506,
        0.9323759173654055,
        0.7692358799162358,
        0.3899504990177797,
        0.828773761268088,
        0.4064353511023834,
        0.6572341449107696,
        0.5655281376603529,
        0.6737801123799697,
        0.2592716881917708,
        0.5000828269673958,
        0.6789571330281208,
        0.6332771387257373,
        0.4523809363024305,
        0.3854064436881892,
        0.21356948708902773,
        0.8492980197262536,
        0.4655090853896993,
        0.7534561154303225,
        0.5422632025707839,
        0.3846555363180242,
        0.537461859097347,
        0.24657752040746084,
        0.15578506724954944,
        0.2419534916023699,
        0.5043720449417081,
        0.6142554814493222,
        0.5192213876962767,
        0.5703685675411201,
        0.5466354331768775,
        0.2964860940481015,
        0.29282797338057787,
        0.6720596332686533,
        0.39789914571619056,
        0.3677277134595399,
        0.6423986399066354,
        0.48528133834768195,
        0.2718844389883929,
        0.24941944737712726,
        0.2682157128878547,
        0.34510599732533837,
        0.049335723139586354,
        0.5580433689162162,
        0.5519448751065429,
        0.37701438507417906,
        0.5865548390986735,
        0.2597563862311851,
        0.5533069509230131,
        0.7031416515726694,
        0.310293876582281,
        0.11949370948898932,
        0.2872325430494184,
        0.6025448003502409,
        0.34629666080330074,
        0.35942697430777437,
        0.7305944807082816
      ],
      [
        0.6489152450078115,
        0.4411392441072222,
        0.6721681439510697,
        0.2927916957210911,
        0.0,
        0.4441707811713899,
        0.5819809471348005,
        0.34490884199224964,
        0.28382927286275217,
        0.971246968802107,
        0.18917381390546414,
        0.2126531620141646,
        0.49234478471825704,
        0.18077700327776705,
        0.8206333412995692,
        0.4900699777929416,
        0.5614119128730419,
        0.759843878987465,
        0.5062455449055148,
        0.692257571104402,
        0.5296619464013232,
        0.4863393769159264,
        0.4719884881312061,
        0.411466330432382,
        0.6414755572279216,
        0.43522646531819753,
        0.48917122990874184,
        0.25624145516481145,
        0.19080834691038198,
        0.46284101909317,
        0.14980572634060374,
        0.27376837579698304,
        0.8885402008891401,
        0.4519271254758683,
        0.11988385658075795,
        0.35831861236110407,
        0.4680344242887913,
        0.2062518350440516,
        0.4285148136223202,
        0.5158828822993016,
        0.31624268985156273,
        0.43025042019393456,
        0.501097725056075,
        0.36854128030491223,
        0.6717344404607068,
        0.8394078849623057,
        0.48148003474981516,
        0.5621709273916089,
        0.8770212703931245,
        0.5731016550942527,
        0.7089339003700118,
        0.7280876452131693,
        0.3859711734008851,
        0.1134403624207129,
        0.4066410419838098,
        0.5845225901255354,
        0.8815874940732294,
        0.24811453351268972,
        0.5461225399866325,
        0.4927543122484179,
        0.9012278462318166,
        0.5072762897164477,
        0.5100923209204966,
        0.7088127055598,
        0.20596713267809508,
        0.46211338314210787,
        0.18734425973988303,
        0.43496989240893963,
        0.42370265079923114,
        0.5266578984877603,
        0.7518184760080819,
        0.49101302360250954,
        0.808356192253052,
        0.2591568961601867,
        0.4693561859230151,
        0.06784573269481077,
        0.7881378490138573,
        0.3452512791910576,
        0.15875430369340823,
        0.45064649947078184,
        0.4772344624140388,
        0.48843021179635276,
        0.45504635996315407,
        0.2248498867002714,
        0.05756227204248303,
        0.32852054829897653,
        0.665214718232983,
        0.7184456558169716,
        0.15454675852555833,
        0.6344176380490514,
        0.5389412113905753,
        0.8324917760824033,
        0.8585911630904512,
        0.202757284384726,
        0.17335798445199446,
        0.5112799210943959,
        0.466337317345735,
        0.21008917779879474,
        0.389707937008317,
        0.9807815385972136
      ],
      [
        0.2807672336001191,
        0.08344458866478346,
        0.6225810215296146,
        0.25789008541612696,
        0.4441707811713899,
        0.0,
        0.1866047937461227,
        0.48480698314244186,
        0.2556200916593505,
        0.5670749162702391,
        0.5829839777676998,
        0.3347958031754792,
        0.3180151641593748,
        0.2671513509791999,
        0.41878755453346783,
        0.6521797719625019,
        0.2766522614447307,
        0.7274572450119057,
        0.31879768433854905,
        0.332862376971844,
        0.24184146609269522,
        0.6830666558497533,
        0.028131318032388334,
        0.7961810719798795,
        0.20938799022022778,
        0.05478383306046238,
        0.5503210591590435,
        0.6699374722629481,
        0.2911281293973958,
        0.7164250582902603,
        0.41968885643440845,
        0.6850963745903217,
        0.4633087634610451,
        0.3086459199116627,
        0.5603843310367097,
        0.7432159921995609,
        0.6270278748739879,
        0.24353842683675872,
        0.6841559970379784,
        0.1315092686188416,
        0.16029682605128964,
        0.5841564013989772,
        0.6437084478156577,
        0.5284670877872217,
        0.3140626507210778,
        0.7700181567899732,
        0.8580304992371529,
        0.1757350078526073,
        0.6023395392007291,
        0.18229041654692368,
        0.42544398960833624,
        0.3092240760149859,
        0.7406862645338717,
        0.4548414874531526,
        0.33899015566739954,
        0.5413644647860436,
        0.5019766431017788,
        0.4890359662356098,
        0.14983452280896786,
        0.2758207063021606,
        0.6287081988490393,
        0.2512935942245269,
        0.7817785483307196,
        0.28460911409745965,
        0.4204798429073438,
        0.32712446899525593,
        0.2817617744312266,
        0.2363659810681496,
        0.020475942502445697,
        0.2913790499159202,
        0.36240291360722016,
        0.5949077283263852,
        0.4768248683529315,
        0.6437293165147469,
        0.03952592879980865,
        0.4751225674751515,
        0.421499573692606,
        0.5955834354956493,
        0.42405135574443364,
        0.6480587296266315,
        0.2717005847481408,
        0.0586872160312457,
        0.030079527299637972,
        0.46590000266731346,
        0.47511282067180544,
        0.21455388138072606,
        0.31821717232472174,
        0.29427400869921766,
        0.4392086174399878,
        0.36207822802178047,
        0.31454955890696507,
        0.48087897274599456,
        0.4455620737320629,
        0.5079781663617398,
        0.31717799926844814,
        0.40694239523476816,
        0.6319028203806513,
        0.375654680833711,
        0.4400078881263745,
        0.5680772773901902
      ],
      [
        0.4351324237792883,
        0.2698778301361195,
        0.48244194475064217,
        0.4195313990264927,
        0.5819809471348005,
        0.1866047937461227,
        0.0,
        0.5621900836199644,
        0.41438970970550915,
        0.5677128973437413,
        0.6496532254309796,
        0.3943122075729803,
        0.16435621540342388,
        0.4012039438570334,
        0.35661160148874743,
        0.5171838473635423,
        0.4553742996551753,
        0.5881894385566329,
        0.5053662819932923,
        0.15867575526106956,
        0.08161787766660225,
        0.586031219481267,
        0.17859724780493966,
        0.7209168958099015,
        0.14766651119283342,
        0.14675448181660294,
        0.7283110826139347,
        0.7386846093623523,
        0.4379798813510637,
        0.6392714784214897,
        0.5646762580388061,
        0.7523291991152917,
        0.5695150058908012,
        0.1724226276846382,
        0.677756255550831,
        0.7527433167172619,
        0.512285098856478,
        0.41579266834967943,
        0.6088918208680003,
        0.07809407284755746,
        0.3173060111690209,
        0.7411655865167084,
        0.5044406413603847,
        0.39117448102580943,
        0.4695916014429975,
        0.584049812471851,
        0.7827663230671749,
        0.04711774840643194,
        0.4163711948826068,
        0.02219748176222441,
        0.24084565957961354,
        0.17609731442352794,
        0.6654220883638936,
        0.5945110670844169,
        0.19972234921212653,
        0.4020966583307707,
        0.43980069005705846,
        0.4597232688365305,
        0.03679341821372848,
        0.4622588113448021,
        0.44217934659359676,
        0.12115316877858787,
        0.6836097355365723,
        0.17203685234876764,
        0.433862912178109,
        0.1869853922162835,
        0.45406491102761404,
        0.42227567506372427,
        0.19239866429843888,
        0.12384126667720785,
        0.20382644766072566,
        0.7637388691037441,
        0.507838253416357,
        0.7197319399698905,
        0.15197582938339346,
        0.6081193725678686,
        0.2576332552975598,
        0.7392205949442843,
        0.4789885903268397,
        0.5270155372451476,
        0.13202028670112195,
        0.22301338990324698,
        0.21288187789203764,
        0.6104994913096393,
        0.594827217062414,
        0.3843551279081035,
        0.13853236853375725,
        0.18008177163304534,
        0.49473182370631563,
        0.17547562559521573,
        0.49990127720592736,
        0.504237161948923,
        0.38157355226046163,
        0.6521554275151995,
        0.46177748791077394,
        0.592852076017466,
        0.5351618468445736,
        0.399165571316366,
        0.6069891786360317,
        0.5847153009585822
      ],
      [
        0.467628859524949,
        0.4037295018301441,
        1.0170769859433193,
        0.40422606932384175,
        0.34490884199224964,
        0.48480698314244186,
        0.5621900836199644,
        0.0,
        0.40746115200614647,
        0.845288678806621,
        0.5340826558977138,
        0.5575620040064142,
        0.7265462990233882,
        0.521634082074171,
        0.7809555834576002,
        0.8349788197851912,
        0.34392414900161494,
        1.1007467797581088,
        0.21915883953228318,
        0.720865838881034,
        0.6438079612865666,
        0.831248218908176,
        0.49897767656337644,
        0.7563751724246317,
        0.6811743949990865,
        0.5269319405852653,
        0.17563401939873566,
        0.601150297157061,
        0.5357171889026316,
        0.8077498610854196,
        0.38360796195965174,
        0.6186772177892327,
        0.7454701330125193,
        0.7346127113046026,
        0.4647926985730076,
        0.7032274543533537,
        0.8129432662810409,
        0.5511606770363012,
        0.7734236556145698,
        0.6070117645912556,
        0.4051395052900323,
        0.1811225607714702,
        0.8460065670483246,
        0.7134501222971619,
        0.4721172180122901,
        1.1462398960918154,
        0.8263888767420648,
        0.6093078320263963,
        0.9785612785025712,
        0.5843875653821887,
        0.8030357431995779,
        0.7382873980434923,
        0.7308800153931347,
        0.3891896790050996,
        0.7515498839760595,
        0.9235088242213326,
        0.6977664948892891,
        0.5930233755049393,
        0.5989835018336929,
        0.2580947388280093,
        1.004369430213561,
        0.6833432523985522,
        0.8550011629127462,
        0.734226935968732,
        0.5508759746703447,
        0.7491754758362479,
        0.5322531017321327,
        0.24844100207429226,
        0.4785887340922752,
        0.6860313502971722,
        0.76601653128069,
        0.2015487854837797,
        0.6494920823878304,
        0.6040657381524364,
        0.5224564988918169,
        0.4127545746870604,
        0.8198233389175242,
        0.17703051132431988,
        0.5036631456856578,
        0.7955553414630314,
        0.6942103703210863,
        0.4666271788688804,
        0.4618773668151076,
        0.3103508856590008,
        0.4024711140347327,
        0.3548903461842554,
        0.7007224521537216,
        0.7422718552530096,
        0.49945560051780796,
        0.7376657092151802,
        0.27253864214428347,
        0.6433877346726139,
        0.8187936664011845,
        0.2980550297761178,
        0.45543594755152106,
        0.1663710791021462,
        0.8052269144651595,
        0.5489787749182192,
        0.04479909501606736,
        0.8494907826452764
      ],
      [
        0.37754601547061245,
        0.20634052665055055,
        0.7756489332651374,
        0.010512756910967853,
        0.28382927286275217,
        0.2556200916593505,
        0.41438970970550915,
        0.40746115200614647,
        0.0,
        0.7259262800634451,
        0.4674255651587392,
        0.29516601900124145,
        0.5251311997065433,
        0.13837715171583143,
        0.6743437166357329,
        0.6502544096397104,
        0.28580901969268957,
        0.8526925330427163,
        0.23029580242842923,
        0.5722451893447824,
        0.4493757161232489,
        0.6432600261657231,
        0.2807968645547571,
        0.6896824430912907,
        0.4649441523224929,
        0.2718029060546092,
        0.4764323267282839,
        0.5399213565542677,
        0.25242011138227255,
        0.6777170402751371,
        0.21378639846230824,
        0.5573677803407767,
        0.6358688356036206,
        0.5154487937309299,
        0.4002025384658417,
        0.6338703896083926,
        0.6305814011836152,
        0.19148774896894993,
        0.6321053191701695,
        0.33831214243810886,
        0.09798161945712147,
        0.4674469394213718,
        0.6436434488811283,
        0.5110870041299657,
        0.39776979113548977,
        0.9428886742763734,
        0.7598723297321757,
        0.38514075831512007,
        0.8237995686136032,
        0.400901246475326,
        0.6518330771347003,
        0.5623145961148949,
        0.6642229246541601,
        0.2505353566910569,
        0.48975587736209525,
        0.6685655623438698,
        0.636512221408042,
        0.4418690088666168,
        0.3805926388481,
        0.21680456977133242,
        0.8444701102352572,
        0.4606993446870397,
        0.7430705303155964,
        0.5395687536511312,
        0.37414415023720726,
        0.527070288413096,
        0.23618594972320983,
        0.15902014993185415,
        0.23916915929938898,
        0.4987858488790764,
        0.610206394251518,
        0.5224564703785813,
        0.5736036502234247,
        0.5370100781166117,
        0.293872951208814,
        0.284091641879864,
        0.6677853784743151,
        0.38916281421547666,
        0.35728120142020436,
        0.6319319434657121,
        0.4796951422850503,
        0.2718571415376583,
        0.2483412854180029,
        0.2594793813871408,
        0.3357424471412782,
        0.052570805821891047,
        0.5529218270479288,
        0.5492577727375691,
        0.3666198383870269,
        0.5811998440834356,
        0.26299146891348973,
        0.5565420336053177,
        0.7011182358343281,
        0.3015575450815671,
        0.11075737798827544,
        0.2904676257317231,
        0.5920961906966209,
        0.3358480511496807,
        0.3626620569900791,
        0.7338192337094664
      ],
      [
        0.3785526484168217,
        0.5301077246948849,
        1.0365021489955126,
        0.7227378016470284,
        0.971246968802107,
        0.5670749162702391,
        0.5677128973437413,
        0.845288678806621,
        0.7259262800634451,
        0.0,
        1.1107975959785255,
        0.8897081809637833,
        0.7126459661029735,
        0.7906164625686328,
        0.21110129585499388,
        1.0744161118596343,
        0.5032885683488272,
        0.9412054097304978,
        0.6288942635771406,
        0.5453517038586703,
        0.643567158412099,
        1.1537418511704947,
        0.5554683291574395,
        1.2875604498690914,
        0.4205008601682339,
        0.6199206656708405,
        0.8913468804824155,
        1.1998289799098982,
        0.8460405071856999,
        1.206906059511287,
        0.923523716388449,
        1.2134735696628376,
        0.10376615280919403,
        0.7354067508487494,
        1.0907437486113563,
        1.2709798100977305,
        1.0719127558574875,
        0.78872683128478,
        1.1755353749271902,
        0.6120868948131609,
        0.6576796233055796,
        0.9606343284471002,
        1.071789909226279,
        0.9586633594578315,
        0.38026345066938116,
        0.9334543721172036,
        1.3492201037760752,
        0.6090412572687782,
        0.7657757545279595,
        0.5880179235562879,
        0.6343330296325964,
        0.4512967564580121,
        1.2320656424230834,
        0.9595808160220244,
        0.7670716170780207,
        0.9694459261966648,
        0.24040199375350615,
        0.9813960032200219,
        0.5643806367064987,
        0.5871954715119346,
        0.8233327409417239,
        0.6839114693679562,
        1.2497311358588221,
        0.42426849714386167,
        0.9753922206956479,
        0.741045596461154,
        0.8344862748294515,
        0.6070433543452403,
        0.5829681649106007,
        0.666957936612167,
        0.5050050358297246,
        0.937369042583765,
        0.2520120771312432,
        1.1714931344129165,
        0.5824001133245919,
        0.9907209097310752,
        0.5329618079629007,
        0.9827470044784112,
        0.9784956328477858,
        1.088271533238634,
        0.6959892436700145,
        0.5083877002389934,
        0.5430518223318564,
        0.9692166993132815,
        1.0104503715202449,
        0.673402078507442,
        0.5610831493348392,
        0.4228907657466346,
        0.9665542604419621,
        0.6359199436290117,
        0.5795343157655826,
        0.2256788809157639,
        0.20403449013775823,
        1.0112948630077079,
        0.8204946959144162,
        0.7053943099854344,
        1.1028528365501706,
        0.9305670586220152,
        0.8004895837905536,
        0.017536595299912278
      ],
      [
        0.8183232304874052,
        0.5989526420325274,
        0.6861781386702404,
        0.4769827528845487,
        0.18917381390546414,
        0.5829839777676998,
        0.6496532254309796,
        0.5340826558977138,
        0.4674255651587392,
        1.1107975959785255,
        0.0,
        0.2863301566692236,
        0.5383251620734065,
        0.3459602154772912,
        0.9858165534990935,
        0.43284375151305465,
        0.7406917213423343,
        0.7768972796947363,
        0.6856376650417728,
        0.7326560474202207,
        0.570060422717142,
        0.29726119529465056,
        0.6111152958000882,
        0.2257946091164676,
        0.7901263102547376,
        0.6004096775177217,
        0.6687547548619014,
        0.08903138393137269,
        0.2941867217025775,
        0.2736672051877058,
        0.33372783190502503,
        0.10267597368431208,
        1.0395661687698705,
        0.49830562867438966,
        0.11312112059171775,
        0.16916418767121474,
        0.41243495513618467,
        0.341861514899855,
        0.23943663200104437,
        0.6590159385767991,
        0.4826157748565388,
        0.5997971418346615,
        0.39808351093267047,
        0.3805719382738064,
        0.8438370986422941,
        0.8534178796814763,
        0.29368721244810336,
        0.614042995418485,
        0.9230993507693783,
        0.6313876417660687,
        0.7552638687243461,
        0.7941777725341574,
        0.19679735949542096,
        0.2875119204442602,
        0.4507878476036927,
        0.6074255530118365,
        1.0053179548910172,
        0.2643239454245013,
        0.6615375723965077,
        0.672146432384676,
        0.9412237421907627,
        0.5514230953363306,
        0.32091850701503244,
        0.8028411765677326,
        0.22118026251524034,
        0.5041800122324825,
        0.3012583440741364,
        0.61358970279927,
        0.563335170378748,
        0.5676931621323005,
        0.7922169523239008,
        0.6651929218887893,
        0.9566151859547347,
        0.07007871453891089,
        0.6181474798905098,
        0.2283325267100258,
        0.8292099960013896,
        0.5088817817200447,
        0.1706646351041399,
        0.3924933702444162,
        0.5176329387298576,
        0.6349662682408569,
        0.600283269735033,
        0.4039252392835063,
        0.13286751523487692,
        0.5079126684352346,
        0.7056131945488018,
        0.8088497906344008,
        0.18737021207518062,
        0.6804957184253052,
        0.7183333315268333,
        0.9282455916013788,
        1.0237743752899755,
        0.36286157770116606,
        0.35904255866664286,
        0.6975900686448167,
        0.32714836632350525,
        0.25173686478412083,
        0.5788817509137811,
        1.1283341912784377
      ],
      [
        0.5856541060887047,
        0.3596004562688984,
        0.4868763696054892,
        0.305492968606542,
        0.2126531620141646,
        0.3347958031754792,
        0.3943122075729803,
        0.5575620040064142,
        0.29516601900124145,
        0.8897081809637833,
        0.2863301566692236,
        0.0,
        0.28218783412215015,
        0.1620327365963403,
        0.750510564862263,
        0.3555087948638719,
        0.5198800359472429,
        0.5642206357487469,
        0.48842296279276154,
        0.48306741798973785,
        0.3204731564113602,
        0.3551504951218598,
        0.36283140486147986,
        0.5023944241565745,
        0.541111000549023,
        0.3644870010123113,
        0.6338499822472006,
        0.3753416231426045,
        0.04366767377808341,
        0.40832673547631415,
        0.29846019344699687,
        0.38866935415452647,
        0.7920075847704706,
        0.2421441336132527,
        0.2983460481465532,
        0.45549434434043834,
        0.33654701593635167,
        0.10472457788013884,
        0.39169839397521866,
        0.4046736220526572,
        0.25564898898340627,
        0.5765230444090674,
        0.3487979959495435,
        0.21624155119838082,
        0.6144357333704413,
        0.6541161106167251,
        0.5579360564510559,
        0.357845006175646,
        0.6672146728339042,
        0.3751896525232297,
        0.4990733302680347,
        0.5464315325913718,
        0.4482286281365033,
        0.2950550478617656,
        0.19458985836085377,
        0.3821426752978868,
        0.8336996534305741,
        0.16415520229969965,
        0.4053395831536687,
        0.4695517712018872,
        0.6914212486725964,
        0.2952251060934916,
        0.4569197228165278,
        0.5543658572858631,
        0.09807903050531827,
        0.25003177114987285,
        0.05975270345463376,
        0.41106096475092657,
        0.31431986067303347,
        0.31473380417558766,
        0.5430915699920295,
        0.6348590559496439,
        0.7817117408415171,
        0.3564088712081345,
        0.36913217018479516,
        0.27444348934854307,
        0.5773779882500173,
        0.501873904896013,
        0.11673801057811847,
        0.3393690263393992,
        0.2699198503939119,
        0.387437109410992,
        0.35272191524780816,
        0.3685554863748364,
        0.21111194505176026,
        0.3108037356425891,
        0.45606445056099343,
        0.5606027122774115,
        0.13331522078715263,
        0.4246110404898311,
        0.5167316221620678,
        0.7857658452345802,
        0.7743539600321128,
        0.38204460979262866,
        0.23277225815934305,
        0.5487005555524211,
        0.30398665965275773,
        0.0477385201058175,
        0.5519182000079693,
        0.8967760986996157
      ],
      [
        0.5856871223518134,
        0.39787075511415615,
        0.332251344436504,
        0.5307173957691749,
        0.49234478471825704,
        0.3180151641593748,
        0.16435621540342388,
        0.7265462990233882,
        0.5251311997065433,
        0.7126459661029735,
        0.5383251620734065,
        0.28218783412215015,
        0.0,
        0.39569257223947596,
        0.5057977361096598,
        0.3643705381721732,
        0.5945949826205305,
        0.43888959057436944,
        0.6283536930362044,
        0.21002333027221692,
        0.08359523163166278,
        0.45148868048946716,
        0.32055092772130145,
        0.5960603558817524,
        0.3037836445994718,
        0.2651406298619777,
        0.8466972306593095,
        0.6273565460047792,
        0.3258555079002336,
        0.50622782553878,
        0.5676300664206135,
        0.6410011357577186,
        0.7089189550023569,
        0.0404176592423888,
        0.5689829727121853,
        0.6283546838800311,
        0.36321594041852917,
        0.37702975055502835,
        0.4845031880307695,
        0.1868190572684344,
        0.4290279578863639,
        0.8304312388958983,
        0.3801554034514841,
        0.25598547055334525,
        0.6201010130260245,
        0.49949108544773996,
        0.6563141794877347,
        0.14686615805325023,
        0.38592755333723316,
        0.15251140783925848,
        0.21695056565696602,
        0.2843080910862436,
        0.5399073263451988,
        0.5748134837314594,
        0.0875979757612964,
        0.28997228487994053,
        0.5889868246779708,
        0.3428131157384018,
        0.189252369208555,
        0.5878072781868326,
        0.4101341291759254,
        0.12449845866810198,
        0.5426714435415337,
        0.2986592764097714,
        0.3212460974382005,
        0.03679479190214537,
        0.3276791305920315,
        0.5436315683729507,
        0.315128317077707,
        0.04616541173734814,
        0.2703683057135259,
        0.8887672504364748,
        0.6570243880372694,
        0.6084038766123174,
        0.29367413915351465,
        0.5566283913137607,
        0.29943173541865176,
        0.752822953776685,
        0.3676605269692666,
        0.38018697771247056,
        0.04809156458466904,
        0.3676113528168578,
        0.3478327011982414,
        0.6224636808616674,
        0.48559728011750536,
        0.4978218829486735,
        0.18367126403682987,
        0.3034000825682653,
        0.3826246519387802,
        0.14332392099316008,
        0.628536237669532,
        0.6534232965698354,
        0.5255537657193572,
        0.6576248013184316,
        0.4744208071729997,
        0.7136052606482594,
        0.4026673494331321,
        0.29048764364446145,
        0.7472734754311756,
        0.7286485160401576
      ],
      [
        0.4732087596129464,
        0.26050873787374795,
        0.6410134641348649,
        0.14888931010035142,
        0.18077700327776705,
        0.2671513509791999,
        0.4012039438570334,
        0.521634082074171,
        0.13837715171583143,
        0.7906164625686328,
        0.3459602154772912,
        0.1620327365963403,
        0.39569257223947596,
        0.0,
        0.6398563380218022,
        0.5142079941053966,
        0.39642614882866006,
        0.7188261203946873,
        0.34461858030139836,
        0.5561723456443881,
        0.44612768810103776,
        0.5066618014935449,
        0.29525382955775736,
        0.5717548245937588,
        0.46190658726243594,
        0.25444946204043045,
        0.49206560449455555,
        0.42596990493848946,
        0.11837407915619691,
        0.5436710080490614,
        0.1719374941811376,
        0.44268233849549715,
        0.7077942039706989,
        0.40417687020959303,
        0.3001283675720912,
        0.5130439981600341,
        0.49390469197292286,
        0.06832060031596661,
        0.5089381705171863,
        0.33510587902153444,
        0.13758719720669202,
        0.43473866665642236,
        0.5103576893759187,
        0.37780124462475606,
        0.4980642124117366,
        0.8082532051461009,
        0.6392972502441391,
        0.3813939241138419,
        0.7816201255767091,
        0.3923246518164857,
        0.612643137896442,
        0.5473106419354022,
        0.5427575749727122,
        0.19440494375735054,
        0.35662259495719406,
        0.5346991496958408,
        0.7230454265901132,
        0.30349212869049974,
        0.3653455367088654,
        0.33112440190475745,
        0.8058267014154012,
        0.4569525104857615,
        0.6084310291882129,
        0.528035702282033,
        0.23584967125225356,
        0.393203875765067,
        0.10231953707518081,
        0.27319307999987863,
        0.24674546287174737,
        0.4418579839768241,
        0.5928730416642408,
        0.49307467819699885,
        0.6692663943657587,
        0.41355732247522,
        0.2958631387078868,
        0.2081622208964774,
        0.6504836780670733,
        0.357130381537209,
        0.22009520581692,
        0.49453865412909703,
        0.4319525869902522,
        0.3084582215140145,
        0.27562813954017845,
        0.2267711086221914,
        0.2212286988642923,
        0.16689358369486018,
        0.5384459814033214,
        0.5376686525392045,
        0.23044304115361142,
        0.539016493232636,
        0.37714345230061036,
        0.6707149636733423,
